	NODE	Uy
       1 -0.12318E-003
      22 -0.45965E-004
      23 -0.45988E-004
      24 -0.46060E-004
      25 -0.46179E-004
      26 -0.46347E-004
      27 -0.46561E-004
      28 -0.46821E-004
      29 -0.47127E-004
      30 -0.47479E-004
      31 -0.47871E-004
      32 -0.48309E-004
      33 -0.48788E-004
      34 -0.49308E-004
      35 -0.49865E-004
      36 -0.50463E-004
      37 -0.51095E-004
      38 -0.51764E-004
      39 -0.52463E-004
      40 -0.53197E-004
      41 -0.53958E-004
      42 -0.54750E-004
      43 -0.55566E-004
      44 -0.56409E-004
      45 -0.57272E-004
      46 -0.58159E-004
      47 -0.59064E-004
      48 -0.59987E-004
      49 -0.60925E-004
      50 -0.61879E-004
      51 -0.62844E-004
      52 -0.63821E-004
      53 -0.64806E-004
      54 -0.65800E-004
      55 -0.66799E-004
      56 -0.67805E-004
      57 -0.68812E-004
      58 -0.69823E-004
      59 -0.70834E-004
      60 -0.71844E-004
      61 -0.72853E-004
      62 -0.73859E-004
      63 -0.74861E-004
      64 -0.75858E-004
      65 -0.76850E-004
      66 -0.77836E-004
      67 -0.78813E-004
      68 -0.79783E-004
      69 -0.80744E-004
      70 -0.81696E-004
      71 -0.82637E-004
      72 -0.83569E-004
      73 -0.84489E-004
      74 -0.85398E-004
      75 -0.86295E-004
      76 -0.87180E-004
      77 -0.88053E-004
      78 -0.88914E-004
      79 -0.89761E-004
      80 -0.90596E-004
      81 -0.91417E-004
      82 -0.92226E-004
      83 -0.93021E-004
      84 -0.93804E-004
      85 -0.94572E-004
      86 -0.95328E-004
      87 -0.96071E-004
      88 -0.96800E-004
      89 -0.97517E-004
      90 -0.98221E-004
      91 -0.98912E-004
      92 -0.99590E-004
      93 -0.10026E-003
      94 -0.10091E-003
      95 -0.10155E-003
      96 -0.10218E-003
      97 -0.10280E-003
      98 -0.10340E-003
      99 -0.10400E-003
     100 -0.10458E-003
     101 -0.10515E-003
     102 -0.10571E-003
     103 -0.10626E-003
     104 -0.10680E-003
     105 -0.10733E-003
     106 -0.10785E-003
     107 -0.10836E-003
     108 -0.10887E-003
     109 -0.10936E-003
     110 -0.10984E-003
     111 -0.11031E-003
     112 -0.11078E-003
     113 -0.11123E-003
     114 -0.11168E-003
     115 -0.11212E-003
     116 -0.11255E-003
     117 -0.11298E-003
     118 -0.11339E-003
     119 -0.11380E-003
     120 -0.11420E-003
     121 -0.11460E-003
     122 -0.11499E-003
     123 -0.11537E-003
     124 -0.11574E-003
     125 -0.11611E-003
     126 -0.11647E-003
     127 -0.11683E-003
     128 -0.11718E-003
     129 -0.11753E-003
     130 -0.11787E-003
     131 -0.11820E-003
     132 -0.11853E-003
     133 -0.11885E-003
     134 -0.11917E-003
     135 -0.11949E-003
     136 -0.11980E-003
     137 -0.12010E-003
     138 -0.12040E-003
     139 -0.12070E-003
     140 -0.12099E-003
     141 -0.12128E-003
     142 -0.12156E-003
     143 -0.12184E-003
     144 -0.12211E-003
     145 -0.12238E-003
     146 -0.12265E-003
     147 -0.12292E-003
    2165   0.0000     
    2185 -0.12295E-003
    2186 -0.56855E-007
    2187 -0.22663E-006
    2188 -0.50918E-006
    2189 -0.90282E-006
    2190 -0.14067E-005
    2191 -0.20182E-005
    2192 -0.27356E-005
    2193 -0.35553E-005
    2194 -0.44749E-005
    2195 -0.54906E-005
    2196 -0.65984E-005
    2197 -0.77945E-005
    2198 -0.90744E-005
    2199 -0.10433E-004
    2200 -0.11867E-004
    2201 -0.13369E-004
    2202 -0.14937E-004
    2203 -0.16563E-004
    2204 -0.18242E-004
    2205 -0.19971E-004
    2206 -0.21742E-004
    2207 -0.23551E-004
    2208 -0.25393E-004
    2209 -0.27263E-004
    2210 -0.29155E-004
    2211 -0.31066E-004
    2212 -0.32989E-004
    2213 -0.34922E-004
    2214 -0.36860E-004
    2215 -0.38798E-004
    2216 -0.40733E-004
    2217 -0.42662E-004
    2218 -0.44580E-004
    2219 -0.46486E-004
    2220 -0.48377E-004
    2221 -0.50249E-004
    2222 -0.52101E-004
    2223 -0.53930E-004
    2224 -0.55734E-004
    2225 -0.57512E-004
    2226 -0.59262E-004
    2227 -0.60984E-004
    2228 -0.62675E-004
    2229 -0.64335E-004
    2230 -0.65964E-004
    2231 -0.67559E-004
    2232 -0.69122E-004
    2233 -0.70652E-004
    2234 -0.72148E-004
    2235 -0.73611E-004
    2236 -0.75039E-004
    2237 -0.76435E-004
    2238 -0.77797E-004
    2239 -0.79126E-004
    2240 -0.80422E-004
    2241 -0.81685E-004
    2242 -0.82917E-004
    2243 -0.84117E-004
    2244 -0.85286E-004
    2245 -0.86425E-004
    2246 -0.87534E-004
    2247 -0.88614E-004
    2248 -0.89666E-004
    2249 -0.90689E-004
    2250 -0.91686E-004
    2251 -0.92655E-004
    2252 -0.93599E-004
    2253 -0.94518E-004
    2254 -0.95413E-004
    2255 -0.96283E-004
    2256 -0.97131E-004
    2257 -0.97956E-004
    2258 -0.98760E-004
    2259 -0.99542E-004
    2260 -0.10030E-003
    2261 -0.10105E-003
    2262 -0.10177E-003
    2263 -0.10247E-003
    2264 -0.10316E-003
    2265 -0.10383E-003
    2266 -0.10448E-003
    2267 -0.10512E-003
    2268 -0.10574E-003
    2269 -0.10634E-003
    2270 -0.10693E-003
    2271 -0.10751E-003
    2272 -0.10807E-003
    2273 -0.10862E-003
    2274 -0.10916E-003
    2275 -0.10968E-003
    2276 -0.11019E-003
    2277 -0.11070E-003
    2278 -0.11118E-003
    2279 -0.11166E-003
    2280 -0.11213E-003
    2281 -0.11259E-003
    2282 -0.11304E-003
    2283 -0.11348E-003
    2284 -0.11391E-003
    2285 -0.11433E-003
    2286 -0.11474E-003
    2287 -0.11514E-003
    2288 -0.11554E-003
    2289 -0.11593E-003
    2290 -0.11631E-003
    2291 -0.11668E-003
    2292 -0.11705E-003
    2293 -0.11741E-003
    2294 -0.11776E-003
    2295 -0.11811E-003
    2296 -0.11845E-003
    2297 -0.11879E-003
    2298 -0.11911E-003
    2299 -0.11944E-003
    2300 -0.11976E-003
    2301 -0.12007E-003
    2302 -0.12038E-003
    2303 -0.12068E-003
    2304 -0.12098E-003
    2305 -0.12127E-003
    2306 -0.12156E-003
    2307 -0.12185E-003
    2308 -0.12213E-003
    2309 -0.12241E-003
    2310 -0.12268E-003
    7768 -0.45026E-004
    7769 -0.44068E-004
    7770 -0.43088E-004
    7771 -0.42085E-004
    7772 -0.41059E-004
    7773 -0.40008E-004
    7774 -0.38931E-004
    7775 -0.37828E-004
    7776 -0.36698E-004
    7777 -0.35539E-004
    7778 -0.34351E-004
    7779 -0.33133E-004
    7780 -0.31885E-004
    7781 -0.30606E-004
    7782 -0.29296E-004
    7783 -0.27956E-004
    7784 -0.26585E-004
    7785 -0.25185E-004
    7786 -0.23756E-004
    7787 -0.22303E-004
    7788 -0.20827E-004
    7789 -0.19332E-004
    7790 -0.17824E-004
    7791 -0.16308E-004
    7792 -0.14792E-004
    7793 -0.13285E-004
    7794 -0.11795E-004
    7795 -0.10336E-004
    7796 -0.89175E-005
    7797 -0.75549E-005
    7798 -0.62615E-005
    7799 -0.50521E-005
    7800 -0.39419E-005
    7801 -0.29442E-005
    7802 -0.20745E-005
    7803 -0.13430E-005
    7804 -0.76319E-006
    7805 -0.34106E-006
    7806 -0.86502E-007
    7807 -0.12295E-003
    7808 -0.12295E-003
    7809 -0.12295E-003
    7810 -0.12295E-003
    7811 -0.12295E-003
    7812 -0.12295E-003
    7813 -0.12295E-003
    7814 -0.12296E-003
    7815 -0.12296E-003
    7816 -0.12296E-003
    7817 -0.12297E-003
    7818 -0.12297E-003
    7819 -0.12297E-003
    7820 -0.12298E-003
    7821 -0.12298E-003
    7822 -0.12299E-003
    7823 -0.12299E-003
    7824 -0.12300E-003
    7825 -0.12300E-003
    7826 -0.12301E-003
    7827 -0.12301E-003
    7828 -0.12302E-003
    7829 -0.12303E-003
    7830 -0.12303E-003
    7831 -0.12304E-003
    7832 -0.12305E-003
    7833 -0.12305E-003
    7834 -0.12306E-003
    7835 -0.12307E-003
    7836 -0.12308E-003
    7837 -0.12309E-003
    7838 -0.12310E-003
    7839 -0.12311E-003
    7840 -0.12312E-003
    7841 -0.12312E-003
    7842 -0.12313E-003
    7843 -0.12315E-003
    7844 -0.12316E-003
    7845 -0.12317E-003
    7846 -0.12268E-003
    7847 -0.12268E-003
    7848 -0.12268E-003
    7849 -0.12269E-003
    7850 -0.12269E-003
    7851 -0.12270E-003
    7852 -0.12271E-003
    7853 -0.12272E-003
    7854 -0.12273E-003
    7855 -0.12274E-003
    7856 -0.12275E-003
    7857 -0.12277E-003
    7858 -0.12278E-003
    7859 -0.12280E-003
    7860 -0.12282E-003
    7861 -0.12283E-003
    7862 -0.12285E-003
    7863 -0.12287E-003
    7864 -0.12289E-003
    7865 -0.12241E-003
    7866 -0.12241E-003
    7867 -0.12241E-003
    7868 -0.12241E-003
    7869 -0.12241E-003
    7870 -0.12241E-003
    7871 -0.12241E-003
    7872 -0.12242E-003
    7873 -0.12242E-003
    7874 -0.12242E-003
    7875 -0.12243E-003
    7876 -0.12243E-003
    7877 -0.12243E-003
    7878 -0.12244E-003
    7879 -0.12244E-003
    7880 -0.12245E-003
    7881 -0.12245E-003
    7882 -0.12246E-003
    7883 -0.12246E-003
    7884 -0.12247E-003
    7885 -0.12248E-003
    7886 -0.12248E-003
    7887 -0.12249E-003
    7888 -0.12250E-003
    7889 -0.12251E-003
    7890 -0.12251E-003
    7891 -0.12252E-003
    7892 -0.12253E-003
    7893 -0.12254E-003
    7894 -0.12255E-003
    7895 -0.12256E-003
    7896 -0.12257E-003
    7897 -0.12258E-003
    7898 -0.12259E-003
    7899 -0.12260E-003
    7900 -0.12261E-003
    7901 -0.12262E-003
    7902 -0.12263E-003
    7903 -0.12264E-003
    7904 -0.12213E-003
    7905 -0.12213E-003
    7906 -0.12214E-003
    7907 -0.12214E-003
    7908 -0.12215E-003
    7909 -0.12215E-003
    7910 -0.12216E-003
    7911 -0.12217E-003
    7912 -0.12218E-003
    7913 -0.12220E-003
    7914 -0.12221E-003
    7915 -0.12223E-003
    7916 -0.12224E-003
    7917 -0.12226E-003
    7918 -0.12228E-003
    7919 -0.12230E-003
    7920 -0.12232E-003
    7921 -0.12234E-003
    7922 -0.12236E-003
    7923 -0.12185E-003
    7924 -0.12185E-003
    7925 -0.12185E-003
    7926 -0.12185E-003
    7927 -0.12185E-003
    7928 -0.12186E-003
    7929 -0.12186E-003
    7930 -0.12186E-003
    7931 -0.12186E-003
    7932 -0.12187E-003
    7933 -0.12187E-003
    7934 -0.12187E-003
    7935 -0.12188E-003
    7936 -0.12188E-003
    7937 -0.12189E-003
    7938 -0.12189E-003
    7939 -0.12190E-003
    7940 -0.12191E-003
    7941 -0.12191E-003
    7942 -0.12192E-003
    7943 -0.12193E-003
    7944 -0.12193E-003
    7945 -0.12194E-003
    7946 -0.12195E-003
    7947 -0.12196E-003
    7948 -0.12197E-003
    7949 -0.12197E-003
    7950 -0.12198E-003
    7951 -0.12199E-003
    7952 -0.12200E-003
    7953 -0.12201E-003
    7954 -0.12202E-003
    7955 -0.12203E-003
    7956 -0.12204E-003
    7957 -0.12205E-003
    7958 -0.12207E-003
    7959 -0.12208E-003
    7960 -0.12209E-003
    7961 -0.12210E-003
    7962 -0.12156E-003
    7963 -0.12157E-003
    7964 -0.12157E-003
    7965 -0.12158E-003
    7966 -0.12158E-003
    7967 -0.12159E-003
    7968 -0.12160E-003
    7969 -0.12161E-003
    7970 -0.12162E-003
    7971 -0.12164E-003
    7972 -0.12165E-003
    7973 -0.12167E-003
    7974 -0.12169E-003
    7975 -0.12170E-003
    7976 -0.12172E-003
    7977 -0.12174E-003
    7978 -0.12177E-003
    7979 -0.12179E-003
    7980 -0.12181E-003
    7981 -0.12127E-003
    7982 -0.12128E-003
    7983 -0.12128E-003
    7984 -0.12128E-003
    7985 -0.12128E-003
    7986 -0.12128E-003
    7987 -0.12128E-003
    7988 -0.12129E-003
    7989 -0.12129E-003
    7990 -0.12129E-003
    7991 -0.12130E-003
    7992 -0.12130E-003
    7993 -0.12131E-003
    7994 -0.12131E-003
    7995 -0.12132E-003
    7996 -0.12132E-003
    7997 -0.12133E-003
    7998 -0.12134E-003
    7999 -0.12134E-003
    8000 -0.12135E-003
    8001 -0.12136E-003
    8002 -0.12137E-003
    8003 -0.12137E-003
    8004 -0.12138E-003
    8005 -0.12139E-003
    8006 -0.12140E-003
    8007 -0.12141E-003
    8008 -0.12142E-003
    8009 -0.12143E-003
    8010 -0.12144E-003
    8011 -0.12145E-003
    8012 -0.12146E-003
    8013 -0.12147E-003
    8014 -0.12148E-003
    8015 -0.12150E-003
    8016 -0.12151E-003
    8017 -0.12152E-003
    8018 -0.12153E-003
    8019 -0.12155E-003
    8020 -0.12098E-003
    8021 -0.12098E-003
    8022 -0.12099E-003
    8023 -0.12099E-003
    8024 -0.12100E-003
    8025 -0.12101E-003
    8026 -0.12102E-003
    8027 -0.12103E-003
    8028 -0.12105E-003
    8029 -0.12106E-003
    8030 -0.12108E-003
    8031 -0.12109E-003
    8032 -0.12111E-003
    8033 -0.12113E-003
    8034 -0.12115E-003
    8035 -0.12118E-003
    8036 -0.12120E-003
    8037 -0.12122E-003
    8038 -0.12125E-003
    8039 -0.12068E-003
    8040 -0.12068E-003
    8041 -0.12068E-003
    8042 -0.12069E-003
    8043 -0.12069E-003
    8044 -0.12069E-003
    8045 -0.12069E-003
    8046 -0.12070E-003
    8047 -0.12070E-003
    8048 -0.12070E-003
    8049 -0.12071E-003
    8050 -0.12071E-003
    8051 -0.12072E-003
    8052 -0.12072E-003
    8053 -0.12073E-003
    8054 -0.12074E-003
    8055 -0.12074E-003
    8056 -0.12075E-003
    8057 -0.12076E-003
    8058 -0.12077E-003
    8059 -0.12077E-003
    8060 -0.12078E-003
    8061 -0.12079E-003
    8062 -0.12080E-003
    8063 -0.12081E-003
    8064 -0.12082E-003
    8065 -0.12083E-003
    8066 -0.12084E-003
    8067 -0.12085E-003
    8068 -0.12086E-003
    8069 -0.12087E-003
    8070 -0.12088E-003
    8071 -0.12090E-003
    8072 -0.12091E-003
    8073 -0.12092E-003
    8074 -0.12093E-003
    8075 -0.12095E-003
    8076 -0.12096E-003
    8077 -0.12097E-003
    8078 -0.12038E-003
    8079 -0.12038E-003
    8080 -0.12039E-003
    8081 -0.12039E-003
    8082 -0.12040E-003
    8083 -0.12041E-003
    8084 -0.12042E-003
    8085 -0.12044E-003
    8086 -0.12045E-003
    8087 -0.12047E-003
    8088 -0.12048E-003
    8089 -0.12050E-003
    8090 -0.12052E-003
    8091 -0.12054E-003
    8092 -0.12057E-003
    8093 -0.12059E-003
    8094 -0.12061E-003
    8095 -0.12064E-003
    8096 -0.12067E-003
    8097 -0.12007E-003
    8098 -0.12007E-003
    8099 -0.12007E-003
    8100 -0.12007E-003
    8101 -0.12008E-003
    8102 -0.12008E-003
    8103 -0.12008E-003
    8104 -0.12009E-003
    8105 -0.12009E-003
    8106 -0.12009E-003
    8107 -0.12010E-003
    8108 -0.12010E-003
    8109 -0.12011E-003
    8110 -0.12012E-003
    8111 -0.12012E-003
    8112 -0.12013E-003
    8113 -0.12014E-003
    8114 -0.12014E-003
    8115 -0.12015E-003
    8116 -0.12016E-003
    8117 -0.12017E-003
    8118 -0.12018E-003
    8119 -0.12019E-003
    8120 -0.12020E-003
    8121 -0.12021E-003
    8122 -0.12022E-003
    8123 -0.12023E-003
    8124 -0.12024E-003
    8125 -0.12025E-003
    8126 -0.12027E-003
    8127 -0.12028E-003
    8128 -0.12029E-003
    8129 -0.12030E-003
    8130 -0.12032E-003
    8131 -0.12033E-003
    8132 -0.12034E-003
    8133 -0.12036E-003
    8134 -0.12037E-003
    8135 -0.12039E-003
    8136 -0.11976E-003
    8137 -0.11976E-003
    8138 -0.11977E-003
    8139 -0.11977E-003
    8140 -0.11978E-003
    8141 -0.11979E-003
    8142 -0.11981E-003
    8143 -0.11982E-003
    8144 -0.11984E-003
    8145 -0.11985E-003
    8146 -0.11987E-003
    8147 -0.11989E-003
    8148 -0.11991E-003
    8149 -0.11994E-003
    8150 -0.11996E-003
    8151 -0.11999E-003
    8152 -0.12001E-003
    8153 -0.12004E-003
    8154 -0.12007E-003
    8155 -0.11944E-003
    8156 -0.11944E-003
    8157 -0.11944E-003
    8158 -0.11944E-003
    8159 -0.11945E-003
    8160 -0.11945E-003
    8161 -0.11945E-003
    8162 -0.11946E-003
    8163 -0.11946E-003
    8164 -0.11946E-003
    8165 -0.11947E-003
    8166 -0.11948E-003
    8167 -0.11948E-003
    8168 -0.11949E-003
    8169 -0.11950E-003
    8170 -0.11950E-003
    8171 -0.11951E-003
    8172 -0.11952E-003
    8173 -0.11953E-003
    8174 -0.11954E-003
    8175 -0.11955E-003
    8176 -0.11956E-003
    8177 -0.11957E-003
    8178 -0.11958E-003
    8179 -0.11959E-003
    8180 -0.11960E-003
    8181 -0.11961E-003
    8182 -0.11963E-003
    8183 -0.11964E-003
    8184 -0.11965E-003
    8185 -0.11966E-003
    8186 -0.11968E-003
    8187 -0.11969E-003
    8188 -0.11970E-003
    8189 -0.11972E-003
    8190 -0.11973E-003
    8191 -0.11975E-003
    8192 -0.11976E-003
    8193 -0.11978E-003
    8194 -0.11912E-003
    8195 -0.11912E-003
    8196 -0.11912E-003
    8197 -0.11913E-003
    8198 -0.11914E-003
    8199 -0.11915E-003
    8200 -0.11917E-003
    8201 -0.11918E-003
    8202 -0.11920E-003
    8203 -0.11922E-003
    8204 -0.11924E-003
    8205 -0.11926E-003
    8206 -0.11928E-003
    8207 -0.11931E-003
    8208 -0.11934E-003
    8209 -0.11936E-003
    8210 -0.11939E-003
    8211 -0.11942E-003
    8212 -0.11945E-003
    8213 -0.11879E-003
    8214 -0.11879E-003
    8215 -0.11879E-003
    8216 -0.11879E-003
    8217 -0.11879E-003
    8218 -0.11880E-003
    8219 -0.11880E-003
    8220 -0.11880E-003
    8221 -0.11881E-003
    8222 -0.11881E-003
    8223 -0.11882E-003
    8224 -0.11883E-003
    8225 -0.11883E-003
    8226 -0.11884E-003
    8227 -0.11885E-003
    8228 -0.11886E-003
    8229 -0.11887E-003
    8230 -0.11887E-003
    8231 -0.11888E-003
    8232 -0.11889E-003
    8233 -0.11890E-003
    8234 -0.11892E-003
    8235 -0.11893E-003
    8236 -0.11894E-003
    8237 -0.11895E-003
    8238 -0.11896E-003
    8239 -0.11898E-003
    8240 -0.11899E-003
    8241 -0.11900E-003
    8242 -0.11902E-003
    8243 -0.11903E-003
    8244 -0.11904E-003
    8245 -0.11906E-003
    8246 -0.11907E-003
    8247 -0.11909E-003
    8248 -0.11911E-003
    8249 -0.11912E-003
    8250 -0.11914E-003
    8251 -0.11916E-003
    8252 -0.11845E-003
    8253 -0.11846E-003
    8254 -0.11846E-003
    8255 -0.11847E-003
    8256 -0.11848E-003
    8257 -0.11849E-003
    8258 -0.11851E-003
    8259 -0.11853E-003
    8260 -0.11854E-003
    8261 -0.11856E-003
    8262 -0.11859E-003
    8263 -0.11861E-003
    8264 -0.11864E-003
    8265 -0.11866E-003
    8266 -0.11869E-003
    8267 -0.11872E-003
    8268 -0.11875E-003
    8269 -0.11878E-003
    8270 -0.11882E-003
    8271 -0.11811E-003
    8272 -0.11811E-003
    8273 -0.11811E-003
    8274 -0.11811E-003
    8275 -0.11812E-003
    8276 -0.11812E-003
    8277 -0.11812E-003
    8278 -0.11813E-003
    8279 -0.11814E-003
    8280 -0.11814E-003
    8281 -0.11815E-003
    8282 -0.11815E-003
    8283 -0.11816E-003
    8284 -0.11817E-003
    8285 -0.11818E-003
    8286 -0.11819E-003
    8287 -0.11820E-003
    8288 -0.11821E-003
    8289 -0.11822E-003
    8290 -0.11823E-003
    8291 -0.11824E-003
    8292 -0.11825E-003
    8293 -0.11826E-003
    8294 -0.11828E-003
    8295 -0.11829E-003
    8296 -0.11830E-003
    8297 -0.11832E-003
    8298 -0.11833E-003
    8299 -0.11835E-003
    8300 -0.11836E-003
    8301 -0.11838E-003
    8302 -0.11839E-003
    8303 -0.11841E-003
    8304 -0.11842E-003
    8305 -0.11844E-003
    8306 -0.11846E-003
    8307 -0.11848E-003
    8308 -0.11849E-003
    8309 -0.11851E-003
    8310 -0.11776E-003
    8311 -0.11777E-003
    8312 -0.11777E-003
    8313 -0.11778E-003
    8314 -0.11780E-003
    8315 -0.11781E-003
    8316 -0.11783E-003
    8317 -0.11784E-003
    8318 -0.11787E-003
    8319 -0.11789E-003
    8320 -0.11791E-003
    8321 -0.11794E-003
    8322 -0.11797E-003
    8323 -0.11799E-003
    8324 -0.11803E-003
    8325 -0.11806E-003
    8326 -0.11809E-003
    8327 -0.11813E-003
    8328 -0.11816E-003
    8329 -0.11741E-003
    8330 -0.11741E-003
    8331 -0.11741E-003
    8332 -0.11741E-003
    8333 -0.11742E-003
    8334 -0.11742E-003
    8335 -0.11743E-003
    8336 -0.11743E-003
    8337 -0.11744E-003
    8338 -0.11744E-003
    8339 -0.11745E-003
    8340 -0.11746E-003
    8341 -0.11747E-003
    8342 -0.11748E-003
    8343 -0.11749E-003
    8344 -0.11750E-003
    8345 -0.11751E-003
    8346 -0.11752E-003
    8347 -0.11753E-003
    8348 -0.11754E-003
    8349 -0.11755E-003
    8350 -0.11757E-003
    8351 -0.11758E-003
    8352 -0.11759E-003
    8353 -0.11761E-003
    8354 -0.11762E-003
    8355 -0.11764E-003
    8356 -0.11765E-003
    8357 -0.11767E-003
    8358 -0.11768E-003
    8359 -0.11770E-003
    8360 -0.11772E-003
    8361 -0.11773E-003
    8362 -0.11775E-003
    8363 -0.11777E-003
    8364 -0.11779E-003
    8365 -0.11781E-003
    8366 -0.11783E-003
    8367 -0.11785E-003
    8368 -0.11705E-003
    8369 -0.11705E-003
    8370 -0.11706E-003
    8371 -0.11707E-003
    8372 -0.11709E-003
    8373 -0.11710E-003
    8374 -0.11712E-003
    8375 -0.11714E-003
    8376 -0.11716E-003
    8377 -0.11719E-003
    8378 -0.11721E-003
    8379 -0.11724E-003
    8380 -0.11727E-003
    8381 -0.11730E-003
    8382 -0.11734E-003
    8383 -0.11737E-003
    8384 -0.11741E-003
    8385 -0.11745E-003
    8386 -0.11749E-003
    8387 -0.11668E-003
    8388 -0.11668E-003
    8389 -0.11669E-003
    8390 -0.11669E-003
    8391 -0.11669E-003
    8392 -0.11670E-003
    8393 -0.11670E-003
    8394 -0.11671E-003
    8395 -0.11671E-003
    8396 -0.11672E-003
    8397 -0.11673E-003
    8398 -0.11674E-003
    8399 -0.11675E-003
    8400 -0.11676E-003
    8401 -0.11677E-003
    8402 -0.11678E-003
    8403 -0.11679E-003
    8404 -0.11680E-003
    8405 -0.11681E-003
    8406 -0.11683E-003
    8407 -0.11684E-003
    8408 -0.11686E-003
    8409 -0.11687E-003
    8410 -0.11688E-003
    8411 -0.11690E-003
    8412 -0.11692E-003
    8413 -0.11693E-003
    8414 -0.11695E-003
    8415 -0.11697E-003
    8416 -0.11698E-003
    8417 -0.11700E-003
    8418 -0.11702E-003
    8419 -0.11704E-003
    8420 -0.11706E-003
    8421 -0.11708E-003
    8422 -0.11710E-003
    8423 -0.11712E-003
    8424 -0.11714E-003
    8425 -0.11716E-003
    8426 -0.11631E-003
    8427 -0.11632E-003
    8428 -0.11632E-003
    8429 -0.11634E-003
    8430 -0.11635E-003
    8431 -0.11637E-003
    8432 -0.11639E-003
    8433 -0.11641E-003
    8434 -0.11643E-003
    8435 -0.11646E-003
    8436 -0.11649E-003
    8437 -0.11652E-003
    8438 -0.11655E-003
    8439 -0.11659E-003
    8440 -0.11663E-003
    8441 -0.11666E-003
    8442 -0.11670E-003
    8443 -0.11674E-003
    8444 -0.11679E-003
    8445 -0.11593E-003
    8446 -0.11593E-003
    8447 -0.11593E-003
    8448 -0.11593E-003
    8449 -0.11594E-003
    8450 -0.11594E-003
    8451 -0.11595E-003
    8452 -0.11596E-003
    8453 -0.11596E-003
    8454 -0.11597E-003
    8455 -0.11598E-003
    8456 -0.11599E-003
    8457 -0.11600E-003
    8458 -0.11601E-003
    8459 -0.11602E-003
    8460 -0.11603E-003
    8461 -0.11605E-003
    8462 -0.11606E-003
    8463 -0.11607E-003
    8464 -0.11609E-003
    8465 -0.11610E-003
    8466 -0.11612E-003
    8467 -0.11614E-003
    8468 -0.11615E-003
    8469 -0.11617E-003
    8470 -0.11619E-003
    8471 -0.11620E-003
    8472 -0.11622E-003
    8473 -0.11624E-003
    8474 -0.11626E-003
    8475 -0.11628E-003
    8476 -0.11630E-003
    8477 -0.11632E-003
    8478 -0.11634E-003
    8479 -0.11636E-003
    8480 -0.11638E-003
    8481 -0.11641E-003
    8482 -0.11643E-003
    8483 -0.11645E-003
    8484 -0.11554E-003
    8485 -0.11555E-003
    8486 -0.11556E-003
    8487 -0.11557E-003
    8488 -0.11559E-003
    8489 -0.11560E-003
    8490 -0.11563E-003
    8491 -0.11565E-003
    8492 -0.11568E-003
    8493 -0.11571E-003
    8494 -0.11574E-003
    8495 -0.11578E-003
    8496 -0.11581E-003
    8497 -0.11585E-003
    8498 -0.11589E-003
    8499 -0.11593E-003
    8500 -0.11597E-003
    8501 -0.11602E-003
    8502 -0.11606E-003
    8503 -0.11514E-003
    8504 -0.11515E-003
    8505 -0.11515E-003
    8506 -0.11515E-003
    8507 -0.11516E-003
    8508 -0.11516E-003
    8509 -0.11517E-003
    8510 -0.11517E-003
    8511 -0.11518E-003
    8512 -0.11519E-003
    8513 -0.11520E-003
    8514 -0.11521E-003
    8515 -0.11522E-003
    8516 -0.11524E-003
    8517 -0.11525E-003
    8518 -0.11526E-003
    8519 -0.11528E-003
    8520 -0.11529E-003
    8521 -0.11531E-003
    8522 -0.11532E-003
    8523 -0.11534E-003
    8524 -0.11536E-003
    8525 -0.11537E-003
    8526 -0.11539E-003
    8527 -0.11541E-003
    8528 -0.11543E-003
    8529 -0.11545E-003
    8530 -0.11547E-003
    8531 -0.11549E-003
    8532 -0.11551E-003
    8533 -0.11553E-003
    8534 -0.11555E-003
    8535 -0.11558E-003
    8536 -0.11560E-003
    8537 -0.11562E-003
    8538 -0.11565E-003
    8539 -0.11567E-003
    8540 -0.11569E-003
    8541 -0.11572E-003
    8542 -0.11474E-003
    8543 -0.11475E-003
    8544 -0.11476E-003
    8545 -0.11477E-003
    8546 -0.11479E-003
    8547 -0.11481E-003
    8548 -0.11484E-003
    8549 -0.11486E-003
    8550 -0.11489E-003
    8551 -0.11493E-003
    8552 -0.11496E-003
    8553 -0.11500E-003
    8554 -0.11504E-003
    8555 -0.11508E-003
    8556 -0.11513E-003
    8557 -0.11517E-003
    8558 -0.11522E-003
    8559 -0.11527E-003
    8560 -0.11532E-003
    8561 -0.11433E-003
    8562 -0.11433E-003
    8563 -0.11433E-003
    8564 -0.11434E-003
    8565 -0.11434E-003
    8566 -0.11435E-003
    8567 -0.11435E-003
    8568 -0.11436E-003
    8569 -0.11437E-003
    8570 -0.11438E-003
    8571 -0.11439E-003
    8572 -0.11440E-003
    8573 -0.11442E-003
    8574 -0.11443E-003
    8575 -0.11444E-003
    8576 -0.11446E-003
    8577 -0.11447E-003
    8578 -0.11449E-003
    8579 -0.11451E-003
    8580 -0.11453E-003
    8581 -0.11454E-003
    8582 -0.11456E-003
    8583 -0.11458E-003
    8584 -0.11460E-003
    8585 -0.11462E-003
    8586 -0.11464E-003
    8587 -0.11467E-003
    8588 -0.11469E-003
    8589 -0.11471E-003
    8590 -0.11473E-003
    8591 -0.11476E-003
    8592 -0.11478E-003
    8593 -0.11481E-003
    8594 -0.11483E-003
    8595 -0.11485E-003
    8596 -0.11488E-003
    8597 -0.11491E-003
    8598 -0.11493E-003
    8599 -0.11496E-003
    8600 -0.11391E-003
    8601 -0.11391E-003
    8602 -0.11393E-003
    8603 -0.11394E-003
    8604 -0.11396E-003
    8605 -0.11399E-003
    8606 -0.11401E-003
    8607 -0.11405E-003
    8608 -0.11408E-003
    8609 -0.11412E-003
    8610 -0.11416E-003
    8611 -0.11420E-003
    8612 -0.11424E-003
    8613 -0.11429E-003
    8614 -0.11433E-003
    8615 -0.11438E-003
    8616 -0.11443E-003
    8617 -0.11449E-003
    8618 -0.11454E-003
    8619 -0.11348E-003
    8620 -0.11348E-003
    8621 -0.11348E-003
    8622 -0.11349E-003
    8623 -0.11349E-003
    8624 -0.11350E-003
    8625 -0.11351E-003
    8626 -0.11352E-003
    8627 -0.11353E-003
    8628 -0.11354E-003
    8629 -0.11355E-003
    8630 -0.11356E-003
    8631 -0.11358E-003
    8632 -0.11359E-003
    8633 -0.11361E-003
    8634 -0.11362E-003
    8635 -0.11364E-003
    8636 -0.11366E-003
    8637 -0.11368E-003
    8638 -0.11370E-003
    8639 -0.11372E-003
    8640 -0.11374E-003
    8641 -0.11376E-003
    8642 -0.11378E-003
    8643 -0.11381E-003
    8644 -0.11383E-003
    8645 -0.11385E-003
    8646 -0.11388E-003
    8647 -0.11390E-003
    8648 -0.11393E-003
    8649 -0.11395E-003
    8650 -0.11398E-003
    8651 -0.11401E-003
    8652 -0.11403E-003
    8653 -0.11406E-003
    8654 -0.11409E-003
    8655 -0.11412E-003
    8656 -0.11415E-003
    8657 -0.11417E-003
    8658 -0.11304E-003
    8659 -0.11305E-003
    8660 -0.11306E-003
    8661 -0.11308E-003
    8662 -0.11310E-003
    8663 -0.11313E-003
    8664 -0.11316E-003
    8665 -0.11319E-003
    8666 -0.11323E-003
    8667 -0.11327E-003
    8668 -0.11332E-003
    8669 -0.11336E-003
    8670 -0.11341E-003
    8671 -0.11346E-003
    8672 -0.11351E-003
    8673 -0.11357E-003
    8674 -0.11362E-003
    8675 -0.11368E-003
    8676 -0.11374E-003
    8677 -0.11259E-003
    8678 -0.11259E-003
    8679 -0.11260E-003
    8680 -0.11260E-003
    8681 -0.11261E-003
    8682 -0.11261E-003
    8683 -0.11262E-003
    8684 -0.11263E-003
    8685 -0.11264E-003
    8686 -0.11266E-003
    8687 -0.11267E-003
    8688 -0.11269E-003
    8689 -0.11270E-003
    8690 -0.11272E-003
    8691 -0.11274E-003
    8692 -0.11275E-003
    8693 -0.11277E-003
    8694 -0.11279E-003
    8695 -0.11282E-003
    8696 -0.11284E-003
    8697 -0.11286E-003
    8698 -0.11288E-003
    8699 -0.11291E-003
    8700 -0.11293E-003
    8701 -0.11296E-003
    8702 -0.11298E-003
    8703 -0.11301E-003
    8704 -0.11303E-003
    8705 -0.11306E-003
    8706 -0.11309E-003
    8707 -0.11312E-003
    8708 -0.11315E-003
    8709 -0.11318E-003
    8710 -0.11321E-003
    8711 -0.11324E-003
    8712 -0.11327E-003
    8713 -0.11330E-003
    8714 -0.11333E-003
    8715 -0.11336E-003
    8716 -0.11213E-003
    8717 -0.11214E-003
    8718 -0.11216E-003
    8719 -0.11218E-003
    8720 -0.11220E-003
    8721 -0.11223E-003
    8722 -0.11227E-003
    8723 -0.11231E-003
    8724 -0.11235E-003
    8725 -0.11239E-003
    8726 -0.11244E-003
    8727 -0.11249E-003
    8728 -0.11255E-003
    8729 -0.11260E-003
    8730 -0.11266E-003
    8731 -0.11272E-003
    8732 -0.11278E-003
    8733 -0.11284E-003
    8734 -0.11291E-003
    8735 -0.11166E-003
    8736 -0.11167E-003
    8737 -0.11167E-003
    8738 -0.11168E-003
    8739 -0.11168E-003
    8740 -0.11169E-003
    8741 -0.11170E-003
    8742 -0.11171E-003
    8743 -0.11173E-003
    8744 -0.11174E-003
    8745 -0.11176E-003
    8746 -0.11177E-003
    8747 -0.11179E-003
    8748 -0.11181E-003
    8749 -0.11183E-003
    8750 -0.11185E-003
    8751 -0.11187E-003
    8752 -0.11189E-003
    8753 -0.11192E-003
    8754 -0.11194E-003
    8755 -0.11197E-003
    8756 -0.11199E-003
    8757 -0.11202E-003
    8758 -0.11205E-003
    8759 -0.11207E-003
    8760 -0.11210E-003
    8761 -0.11213E-003
    8762 -0.11216E-003
    8763 -0.11219E-003
    8764 -0.11222E-003
    8765 -0.11225E-003
    8766 -0.11228E-003
    8767 -0.11231E-003
    8768 -0.11235E-003
    8769 -0.11238E-003
    8770 -0.11241E-003
    8771 -0.11245E-003
    8772 -0.11248E-003
    8773 -0.11252E-003
    8774 -0.11119E-003
    8775 -0.11120E-003
    8776 -0.11121E-003
    8777 -0.11124E-003
    8778 -0.11127E-003
    8779 -0.11130E-003
    8780 -0.11134E-003
    8781 -0.11138E-003
    8782 -0.11143E-003
    8783 -0.11148E-003
    8784 -0.11153E-003
    8785 -0.11159E-003
    8786 -0.11165E-003
    8787 -0.11171E-003
    8788 -0.11177E-003
    8789 -0.11184E-003
    8790 -0.11191E-003
    8791 -0.11198E-003
    8792 -0.11205E-003
    8793 -0.11070E-003
    8794 -0.11070E-003
    8795 -0.11070E-003
    8796 -0.11071E-003
    8797 -0.11072E-003
    8798 -0.11073E-003
    8799 -0.11074E-003
    8800 -0.11075E-003
    8801 -0.11077E-003
    8802 -0.11078E-003
    8803 -0.11080E-003
    8804 -0.11082E-003
    8805 -0.11084E-003
    8806 -0.11086E-003
    8807 -0.11088E-003
    8808 -0.11091E-003
    8809 -0.11093E-003
    8810 -0.11096E-003
    8811 -0.11098E-003
    8812 -0.11101E-003
    8813 -0.11104E-003
    8814 -0.11106E-003
    8815 -0.11109E-003
    8816 -0.11112E-003
    8817 -0.11115E-003
    8818 -0.11119E-003
    8819 -0.11122E-003
    8820 -0.11125E-003
    8821 -0.11128E-003
    8822 -0.11132E-003
    8823 -0.11135E-003
    8824 -0.11139E-003
    8825 -0.11142E-003
    8826 -0.11146E-003
    8827 -0.11149E-003
    8828 -0.11153E-003
    8829 -0.11157E-003
    8830 -0.11160E-003
    8831 -0.11164E-003
    8832 -0.11020E-003
    8833 -0.11021E-003
    8834 -0.11023E-003
    8835 -0.11025E-003
    8836 -0.11029E-003
    8837 -0.11033E-003
    8838 -0.11037E-003
    8839 -0.11042E-003
    8840 -0.11047E-003
    8841 -0.11053E-003
    8842 -0.11059E-003
    8843 -0.11065E-003
    8844 -0.11071E-003
    8845 -0.11078E-003
    8846 -0.11085E-003
    8847 -0.11092E-003
    8848 -0.11100E-003
    8849 -0.11107E-003
    8850 -0.11115E-003
    8851 -0.10968E-003
    8852 -0.10969E-003
    8853 -0.10969E-003
    8854 -0.10970E-003
    8855 -0.10971E-003
    8856 -0.10972E-003
    8857 -0.10973E-003
    8858 -0.10975E-003
    8859 -0.10976E-003
    8860 -0.10978E-003
    8861 -0.10980E-003
    8862 -0.10982E-003
    8863 -0.10984E-003
    8864 -0.10987E-003
    8865 -0.10989E-003
    8866 -0.10992E-003
    8867 -0.10995E-003
    8868 -0.10998E-003
    8869 -0.11000E-003
    8870 -0.11004E-003
    8871 -0.11007E-003
    8872 -0.11010E-003
    8873 -0.11013E-003
    8874 -0.11016E-003
    8875 -0.11020E-003
    8876 -0.11023E-003
    8877 -0.11027E-003
    8878 -0.11030E-003
    8879 -0.11034E-003
    8880 -0.11038E-003
    8881 -0.11042E-003
    8882 -0.11045E-003
    8883 -0.11049E-003
    8884 -0.11053E-003
    8885 -0.11057E-003
    8886 -0.11061E-003
    8887 -0.11065E-003
    8888 -0.11069E-003
    8889 -0.11073E-003
    8890 -0.10916E-003
    8891 -0.10918E-003
    8892 -0.10920E-003
    8893 -0.10923E-003
    8894 -0.10926E-003
    8895 -0.10931E-003
    8896 -0.10936E-003
    8897 -0.10941E-003
    8898 -0.10947E-003
    8899 -0.10953E-003
    8900 -0.10960E-003
    8901 -0.10967E-003
    8902 -0.10974E-003
    8903 -0.10982E-003
    8904 -0.10989E-003
    8905 -0.10997E-003
    8906 -0.11006E-003
    8907 -0.11014E-003
    8908 -0.11022E-003
    8909 -0.10862E-003
    8910 -0.10863E-003
    8911 -0.10863E-003
    8912 -0.10864E-003
    8913 -0.10865E-003
    8914 -0.10866E-003
    8915 -0.10868E-003
    8916 -0.10869E-003
    8917 -0.10871E-003
    8918 -0.10873E-003
    8919 -0.10876E-003
    8920 -0.10878E-003
    8921 -0.10881E-003
    8922 -0.10883E-003
    8923 -0.10886E-003
    8924 -0.10889E-003
    8925 -0.10892E-003
    8926 -0.10895E-003
    8927 -0.10899E-003
    8928 -0.10902E-003
    8929 -0.10905E-003
    8930 -0.10909E-003
    8931 -0.10913E-003
    8932 -0.10916E-003
    8933 -0.10920E-003
    8934 -0.10924E-003
    8935 -0.10928E-003
    8936 -0.10932E-003
    8937 -0.10936E-003
    8938 -0.10940E-003
    8939 -0.10944E-003
    8940 -0.10948E-003
    8941 -0.10953E-003
    8942 -0.10957E-003
    8943 -0.10961E-003
    8944 -0.10966E-003
    8945 -0.10970E-003
    8946 -0.10975E-003
    8947 -0.10979E-003
    8948 -0.10808E-003
    8949 -0.10809E-003
    8950 -0.10812E-003
    8951 -0.10815E-003
    8952 -0.10819E-003
    8953 -0.10824E-003
    8954 -0.10830E-003
    8955 -0.10836E-003
    8956 -0.10842E-003
    8957 -0.10849E-003
    8958 -0.10857E-003
    8959 -0.10865E-003
    8960 -0.10873E-003
    8961 -0.10881E-003
    8962 -0.10890E-003
    8963 -0.10898E-003
    8964 -0.10907E-003
    8965 -0.10917E-003
    8966 -0.10926E-003
    8967 -0.10751E-003
    8968 -0.10752E-003
    8969 -0.10752E-003
    8970 -0.10753E-003
    8971 -0.10754E-003
    8972 -0.10756E-003
    8973 -0.10757E-003
    8974 -0.10759E-003
    8975 -0.10761E-003
    8976 -0.10764E-003
    8977 -0.10766E-003
    8978 -0.10769E-003
    8979 -0.10772E-003
    8980 -0.10775E-003
    8981 -0.10778E-003
    8982 -0.10781E-003
    8983 -0.10785E-003
    8984 -0.10788E-003
    8985 -0.10792E-003
    8986 -0.10796E-003
    8987 -0.10800E-003
    8988 -0.10804E-003
    8989 -0.10808E-003
    8990 -0.10812E-003
    8991 -0.10816E-003
    8992 -0.10820E-003
    8993 -0.10825E-003
    8994 -0.10829E-003
    8995 -0.10834E-003
    8996 -0.10838E-003
    8997 -0.10843E-003
    8998 -0.10848E-003
    8999 -0.10852E-003
    9000 -0.10857E-003
    9001 -0.10862E-003
    9002 -0.10867E-003
    9003 -0.10872E-003
    9004 -0.10876E-003
    9005 -0.10881E-003
    9006 -0.10694E-003
    9007 -0.10696E-003
    9008 -0.10698E-003
    9009 -0.10702E-003
    9010 -0.10707E-003
    9011 -0.10712E-003
    9012 -0.10719E-003
    9013 -0.10726E-003
    9014 -0.10733E-003
    9015 -0.10741E-003
    9016 -0.10749E-003
    9017 -0.10758E-003
    9018 -0.10767E-003
    9019 -0.10776E-003
    9020 -0.10786E-003
    9021 -0.10796E-003
    9022 -0.10805E-003
    9023 -0.10816E-003
    9024 -0.10826E-003
    9025 -0.10634E-003
    9026 -0.10635E-003
    9027 -0.10636E-003
    9028 -0.10637E-003
    9029 -0.10638E-003
    9030 -0.10640E-003
    9031 -0.10642E-003
    9032 -0.10644E-003
    9033 -0.10646E-003
    9034 -0.10649E-003
    9035 -0.10652E-003
    9036 -0.10655E-003
    9037 -0.10658E-003
    9038 -0.10661E-003
    9039 -0.10665E-003
    9040 -0.10669E-003
    9041 -0.10673E-003
    9042 -0.10677E-003
    9043 -0.10681E-003
    9044 -0.10685E-003
    9045 -0.10689E-003
    9046 -0.10694E-003
    9047 -0.10698E-003
    9048 -0.10703E-003
    9049 -0.10708E-003
    9050 -0.10712E-003
    9051 -0.10717E-003
    9052 -0.10722E-003
    9053 -0.10727E-003
    9054 -0.10732E-003
    9055 -0.10737E-003
    9056 -0.10742E-003
    9057 -0.10748E-003
    9058 -0.10753E-003
    9059 -0.10758E-003
    9060 -0.10764E-003
    9061 -0.10769E-003
    9062 -0.10774E-003
    9063 -0.10780E-003
    9064 -0.10574E-003
    9065 -0.10576E-003
    9066 -0.10580E-003
    9067 -0.10584E-003
    9068 -0.10589E-003
    9069 -0.10595E-003
    9070 -0.10603E-003
    9071 -0.10610E-003
    9072 -0.10619E-003
    9073 -0.10628E-003
    9074 -0.10637E-003
    9075 -0.10647E-003
    9076 -0.10657E-003
    9077 -0.10667E-003
    9078 -0.10678E-003
    9079 -0.10688E-003
    9080 -0.10699E-003
    9081 -0.10710E-003
    9082 -0.10722E-003
    9083 -0.10512E-003
    9084 -0.10512E-003
    9085 -0.10513E-003
    9086 -0.10515E-003
    9087 -0.10516E-003
    9088 -0.10518E-003
    9089 -0.10520E-003
    9090 -0.10522E-003
    9091 -0.10525E-003
    9092 -0.10528E-003
    9093 -0.10531E-003
    9094 -0.10535E-003
    9095 -0.10539E-003
    9096 -0.10542E-003
    9097 -0.10546E-003
    9098 -0.10551E-003
    9099 -0.10555E-003
    9100 -0.10560E-003
    9101 -0.10564E-003
    9102 -0.10569E-003
    9103 -0.10574E-003
    9104 -0.10579E-003
    9105 -0.10584E-003
    9106 -0.10589E-003
    9107 -0.10594E-003
    9108 -0.10600E-003
    9109 -0.10605E-003
    9110 -0.10611E-003
    9111 -0.10616E-003
    9112 -0.10622E-003
    9113 -0.10627E-003
    9114 -0.10633E-003
    9115 -0.10639E-003
    9116 -0.10645E-003
    9117 -0.10650E-003
    9118 -0.10656E-003
    9119 -0.10662E-003
    9120 -0.10668E-003
    9121 -0.10674E-003
    9122 -0.10449E-003
    9123 -0.10451E-003
    9124 -0.10455E-003
    9125 -0.10460E-003
    9126 -0.10466E-003
    9127 -0.10473E-003
    9128 -0.10481E-003
    9129 -0.10490E-003
    9130 -0.10499E-003
    9131 -0.10509E-003
    9132 -0.10520E-003
    9133 -0.10530E-003
    9134 -0.10542E-003
    9135 -0.10553E-003
    9136 -0.10565E-003
    9137 -0.10577E-003
    9138 -0.10589E-003
    9139 -0.10601E-003
    9140 -0.10614E-003
    9141 -0.10383E-003
    9142 -0.10384E-003
    9143 -0.10385E-003
    9144 -0.10386E-003
    9145 -0.10388E-003
    9146 -0.10390E-003
    9147 -0.10392E-003
    9148 -0.10395E-003
    9149 -0.10398E-003
    9150 -0.10402E-003
    9151 -0.10405E-003
    9152 -0.10409E-003
    9153 -0.10413E-003
    9154 -0.10418E-003
    9155 -0.10422E-003
    9156 -0.10427E-003
    9157 -0.10432E-003
    9158 -0.10437E-003
    9159 -0.10442E-003
    9160 -0.10448E-003
    9161 -0.10453E-003
    9162 -0.10459E-003
    9163 -0.10465E-003
    9164 -0.10470E-003
    9165 -0.10476E-003
    9166 -0.10482E-003
    9167 -0.10488E-003
    9168 -0.10494E-003
    9169 -0.10500E-003
    9170 -0.10507E-003
    9171 -0.10513E-003
    9172 -0.10519E-003
    9173 -0.10526E-003
    9174 -0.10532E-003
    9175 -0.10538E-003
    9176 -0.10545E-003
    9177 -0.10551E-003
    9178 -0.10558E-003
    9179 -0.10565E-003
    9180 -0.10317E-003
    9181 -0.10319E-003
    9182 -0.10323E-003
    9183 -0.10329E-003
    9184 -0.10336E-003
    9185 -0.10344E-003
    9186 -0.10353E-003
    9187 -0.10363E-003
    9188 -0.10374E-003
    9189 -0.10385E-003
    9190 -0.10397E-003
    9191 -0.10409E-003
    9192 -0.10421E-003
    9193 -0.10434E-003
    9194 -0.10447E-003
    9195 -0.10460E-003
    9196 -0.10474E-003
    9197 -0.10487E-003
    9198 -0.10501E-003
    9199 -0.10248E-003
    9200 -0.10248E-003
    9201 -0.10249E-003
    9202 -0.10251E-003
    9203 -0.10253E-003
    9204 -0.10255E-003
    9205 -0.10258E-003
    9206 -0.10261E-003
    9207 -0.10265E-003
    9208 -0.10269E-003
    9209 -0.10273E-003
    9210 -0.10277E-003
    9211 -0.10282E-003
    9212 -0.10287E-003
    9213 -0.10292E-003
    9214 -0.10297E-003
    9215 -0.10303E-003
    9216 -0.10309E-003
    9217 -0.10315E-003
    9218 -0.10321E-003
    9219 -0.10327E-003
    9220 -0.10333E-003
    9221 -0.10340E-003
    9222 -0.10346E-003
    9223 -0.10353E-003
    9224 -0.10359E-003
    9225 -0.10366E-003
    9226 -0.10373E-003
    9227 -0.10380E-003
    9228 -0.10387E-003
    9229 -0.10393E-003
    9230 -0.10400E-003
    9231 -0.10408E-003
    9232 -0.10415E-003
    9233 -0.10422E-003
    9234 -0.10429E-003
    9235 -0.10436E-003
    9236 -0.10443E-003
    9237 -0.10451E-003
    9238 -0.10178E-003
    9239 -0.10181E-003
    9240 -0.10185E-003
    9241 -0.10192E-003
    9242 -0.10200E-003
    9243 -0.10209E-003
    9244 -0.10219E-003
    9245 -0.10230E-003
    9246 -0.10242E-003
    9247 -0.10255E-003
    9248 -0.10268E-003
    9249 -0.10282E-003
    9250 -0.10296E-003
    9251 -0.10310E-003
    9252 -0.10325E-003
    9253 -0.10339E-003
    9254 -0.10354E-003
    9255 -0.10369E-003
    9256 -0.10384E-003
    9257 -0.10105E-003
    9258 -0.10106E-003
    9259 -0.10107E-003
    9260 -0.10109E-003
    9261 -0.10111E-003
    9262 -0.10114E-003
    9263 -0.10117E-003
    9264 -0.10120E-003
    9265 -0.10124E-003
    9266 -0.10129E-003
    9267 -0.10134E-003
    9268 -0.10139E-003
    9269 -0.10144E-003
    9270 -0.10150E-003
    9271 -0.10155E-003
    9272 -0.10162E-003
    9273 -0.10168E-003
    9274 -0.10174E-003
    9275 -0.10181E-003
    9276 -0.10188E-003
    9277 -0.10195E-003
    9278 -0.10202E-003
    9279 -0.10209E-003
    9280 -0.10216E-003
    9281 -0.10224E-003
    9282 -0.10231E-003
    9283 -0.10238E-003
    9284 -0.10246E-003
    9285 -0.10254E-003
    9286 -0.10261E-003
    9287 -0.10269E-003
    9288 -0.10277E-003
    9289 -0.10285E-003
    9290 -0.10292E-003
    9291 -0.10300E-003
    9292 -0.10308E-003
    9293 -0.10316E-003
    9294 -0.10324E-003
    9295 -0.10332E-003
    9296 -0.10031E-003
    9297 -0.10035E-003
    9298 -0.10040E-003
    9299 -0.10047E-003
    9300 -0.10056E-003
    9301 -0.10067E-003
    9302 -0.10078E-003
    9303 -0.10091E-003
    9304 -0.10105E-003
    9305 -0.10119E-003
    9306 -0.10134E-003
    9307 -0.10149E-003
    9308 -0.10165E-003
    9309 -0.10181E-003
    9310 -0.10197E-003
    9311 -0.10213E-003
    9312 -0.10229E-003
    9313 -0.10246E-003
    9314 -0.10263E-003
    9315 -0.99545E-004
    9316 -0.99554E-004
    9317 -0.99568E-004
    9318 -0.99588E-004
    9319 -0.99614E-004
    9320 -0.99645E-004
    9321 -0.99681E-004
    9322 -0.99722E-004
    9323 -0.99768E-004
    9324 -0.99818E-004
    9325 -0.99871E-004
    9326 -0.99929E-004
    9327 -0.99989E-004
    9328 -0.10005E-003
    9329 -0.10012E-003
    9330 -0.10019E-003
    9331 -0.10026E-003
    9332 -0.10033E-003
    9333 -0.10041E-003
    9334 -0.10049E-003
    9335 -0.10056E-003
    9336 -0.10064E-003
    9337 -0.10072E-003
    9338 -0.10080E-003
    9339 -0.10089E-003
    9340 -0.10097E-003
    9341 -0.10105E-003
    9342 -0.10114E-003
    9343 -0.10122E-003
    9344 -0.10131E-003
    9345 -0.10139E-003
    9346 -0.10148E-003
    9347 -0.10156E-003
    9348 -0.10165E-003
    9349 -0.10174E-003
    9350 -0.10183E-003
    9351 -0.10191E-003
    9352 -0.10200E-003
    9353 -0.10209E-003
    9354 -0.98772E-004
    9355 -0.98809E-004
    9356 -0.98870E-004
    9357 -0.98952E-004
    9358 -0.99054E-004
    9359 -0.99172E-004
    9360 -0.99305E-004
    9361 -0.99449E-004
    9362 -0.99603E-004
    9363 -0.99764E-004
    9364 -0.99930E-004
    9365 -0.10010E-003
    9366 -0.10028E-003
    9367 -0.10045E-003
    9368 -0.10063E-003
    9369 -0.10081E-003
    9370 -0.10100E-003
    9371 -0.10118E-003
    9372 -0.10136E-003
    9373 -0.97960E-004
    9374 -0.97970E-004
    9375 -0.97986E-004
    9376 -0.98009E-004
    9377 -0.98039E-004
    9378 -0.98074E-004
    9379 -0.98115E-004
    9380 -0.98162E-004
    9381 -0.98214E-004
    9382 -0.98270E-004
    9383 -0.98331E-004
    9384 -0.98397E-004
    9385 -0.98465E-004
    9386 -0.98538E-004
    9387 -0.98613E-004
    9388 -0.98691E-004
    9389 -0.98772E-004
    9390 -0.98855E-004
    9391 -0.98939E-004
    9392 -0.99025E-004
    9393 -0.99113E-004
    9394 -0.99202E-004
    9395 -0.99292E-004
    9396 -0.99383E-004
    9397 -0.99475E-004
    9398 -0.99568E-004
    9399 -0.99661E-004
    9400 -0.99755E-004
    9401 -0.99849E-004
    9402 -0.99944E-004
    9403 -0.10004E-003
    9404 -0.10013E-003
    9405 -0.10023E-003
    9406 -0.10033E-003
    9407 -0.10042E-003
    9408 -0.10052E-003
    9409 -0.10062E-003
    9410 -0.10071E-003
    9411 -0.10081E-003
    9412 -0.97145E-004
    9413 -0.97188E-004
    9414 -0.97257E-004
    9415 -0.97351E-004
    9416 -0.97466E-004
    9417 -0.97601E-004
    9418 -0.97751E-004
    9419 -0.97915E-004
    9420 -0.98088E-004
    9421 -0.98270E-004
    9422 -0.98457E-004
    9423 -0.98649E-004
    9424 -0.98844E-004
    9425 -0.99041E-004
    9426 -0.99241E-004
    9427 -0.99442E-004
    9428 -0.99644E-004
    9429 -0.99847E-004
    9430 -0.10005E-003
    9431 -0.96287E-004
    9432 -0.96299E-004
    9433 -0.96318E-004
    9434 -0.96344E-004
    9435 -0.96377E-004
    9436 -0.96418E-004
    9437 -0.96465E-004
    9438 -0.96518E-004
    9439 -0.96577E-004
    9440 -0.96642E-004
    9441 -0.96711E-004
    9442 -0.96785E-004
    9443 -0.96863E-004
    9444 -0.96945E-004
    9445 -0.97030E-004
    9446 -0.97119E-004
    9447 -0.97210E-004
    9448 -0.97303E-004
    9449 -0.97399E-004
    9450 -0.97496E-004
    9451 -0.97594E-004
    9452 -0.97694E-004
    9453 -0.97795E-004
    9454 -0.97897E-004
    9455 -0.98000E-004
    9456 -0.98104E-004
    9457 -0.98208E-004
    9458 -0.98313E-004
    9459 -0.98418E-004
    9460 -0.98523E-004
    9461 -0.98629E-004
    9462 -0.98735E-004
    9463 -0.98841E-004
    9464 -0.98948E-004
    9465 -0.99054E-004
    9466 -0.99161E-004
    9467 -0.99268E-004
    9468 -0.99375E-004
    9469 -0.99482E-004
    9470 -0.95429E-004
    9471 -0.95477E-004
    9472 -0.95556E-004
    9473 -0.95663E-004
    9474 -0.95795E-004
    9475 -0.95948E-004
    9476 -0.96119E-004
    9477 -0.96303E-004
    9478 -0.96499E-004
    9479 -0.96704E-004
    9480 -0.96914E-004
    9481 -0.97129E-004
    9482 -0.97347E-004
    9483 -0.97568E-004
    9484 -0.97790E-004
    9485 -0.98013E-004
    9486 -0.98237E-004
    9487 -0.98461E-004
    9488 -0.98686E-004
    9489 -0.94523E-004
    9490 -0.94536E-004
    9491 -0.94557E-004
    9492 -0.94588E-004
    9493 -0.94626E-004
    9494 -0.94672E-004
    9495 -0.94725E-004
    9496 -0.94786E-004
    9497 -0.94853E-004
    9498 -0.94926E-004
    9499 -0.95005E-004
    9500 -0.95090E-004
    9501 -0.95178E-004
    9502 -0.95271E-004
    9503 -0.95368E-004
    9504 -0.95468E-004
    9505 -0.95571E-004
    9506 -0.95676E-004
    9507 -0.95783E-004
    9508 -0.95893E-004
    9509 -0.96004E-004
    9510 -0.96116E-004
    9511 -0.96229E-004
    9512 -0.96344E-004
    9513 -0.96459E-004
    9514 -0.96574E-004
    9515 -0.96691E-004
    9516 -0.96807E-004
    9517 -0.96924E-004
    9518 -0.97041E-004
    9519 -0.97159E-004
    9520 -0.97276E-004
    9521 -0.97394E-004
    9522 -0.97512E-004
    9523 -0.97630E-004
    9524 -0.97748E-004
    9525 -0.97866E-004
    9526 -0.97984E-004
    9527 -0.98102E-004
    9528 -0.93618E-004
    9529 -0.93673E-004
    9530 -0.93763E-004
    9531 -0.93885E-004
    9532 -0.94035E-004
    9533 -0.94209E-004
    9534 -0.94402E-004
    9535 -0.94612E-004
    9536 -0.94833E-004
    9537 -0.95063E-004
    9538 -0.95299E-004
    9539 -0.95540E-004
    9540 -0.95784E-004
    9541 -0.96030E-004
    9542 -0.96277E-004
    9543 -0.96525E-004
    9544 -0.96773E-004
    9545 -0.97021E-004
    9546 -0.97269E-004
    9547 -0.92660E-004
    9548 -0.92675E-004
    9549 -0.92700E-004
    9550 -0.92734E-004
    9551 -0.92778E-004
    9552 -0.92831E-004
    9553 -0.92892E-004
    9554 -0.92961E-004
    9555 -0.93037E-004
    9556 -0.93121E-004
    9557 -0.93210E-004
    9558 -0.93306E-004
    9559 -0.93407E-004
    9560 -0.93512E-004
    9561 -0.93621E-004
    9562 -0.93734E-004
    9563 -0.93850E-004
    9564 -0.93969E-004
    9565 -0.94090E-004
    9566 -0.94213E-004
    9567 -0.94338E-004
    9568 -0.94464E-004
    9569 -0.94591E-004
    9570 -0.94719E-004
    9571 -0.94848E-004
    9572 -0.94977E-004
    9573 -0.95107E-004
    9574 -0.95237E-004
    9575 -0.95367E-004
    9576 -0.95497E-004
    9577 -0.95628E-004
    9578 -0.95758E-004
    9579 -0.95889E-004
    9580 -0.96019E-004
    9581 -0.96149E-004
    9582 -0.96280E-004
    9583 -0.96410E-004
    9584 -0.96540E-004
    9585 -0.96670E-004
    9586 -0.91707E-004
    9587 -0.91770E-004
    9588 -0.91873E-004
    9589 -0.92012E-004
    9590 -0.92182E-004
    9591 -0.92380E-004
    9592 -0.92599E-004
    9593 -0.92835E-004
    9594 -0.93085E-004
    9595 -0.93344E-004
    9596 -0.93609E-004
    9597 -0.93879E-004
    9598 -0.94152E-004
    9599 -0.94426E-004
    9600 -0.94701E-004
    9601 -0.94976E-004
    9602 -0.95251E-004
    9603 -0.95525E-004
    9604 -0.95798E-004
    9605 -0.90695E-004
    9606 -0.90712E-004
    9607 -0.90740E-004
    9608 -0.90779E-004
    9609 -0.90829E-004
    9610 -0.90889E-004
    9611 -0.90959E-004
    9612 -0.91037E-004
    9613 -0.91124E-004
    9614 -0.91219E-004
    9615 -0.91321E-004
    9616 -0.91429E-004
    9617 -0.91544E-004
    9618 -0.91663E-004
    9619 -0.91787E-004
    9620 -0.91914E-004
    9621 -0.92045E-004
    9622 -0.92179E-004
    9623 -0.92316E-004
    9624 -0.92454E-004
    9625 -0.92594E-004
    9626 -0.92735E-004
    9627 -0.92878E-004
    9628 -0.93021E-004
    9629 -0.93165E-004
    9630 -0.93309E-004
    9631 -0.93454E-004
    9632 -0.93599E-004
    9633 -0.93744E-004
    9634 -0.93889E-004
    9635 -0.94033E-004
    9636 -0.94178E-004
    9637 -0.94323E-004
    9638 -0.94467E-004
    9639 -0.94611E-004
    9640 -0.94755E-004
    9641 -0.94899E-004
    9642 -0.95042E-004
    9643 -0.95185E-004
    9644 -0.89690E-004
    9645 -0.89762E-004
    9646 -0.89879E-004
    9647 -0.90037E-004
    9648 -0.90231E-004
    9649 -0.90455E-004
    9650 -0.90704E-004
    9651 -0.90971E-004
    9652 -0.91252E-004
    9653 -0.91544E-004
    9654 -0.91842E-004
    9655 -0.92144E-004
    9656 -0.92449E-004
    9657 -0.92754E-004
    9658 -0.93060E-004
    9659 -0.93364E-004
    9660 -0.93668E-004
    9661 -0.93971E-004
    9662 -0.94272E-004
    9663 -0.88621E-004
    9664 -0.88640E-004
    9665 -0.88673E-004
    9666 -0.88717E-004
    9667 -0.88774E-004
    9668 -0.88842E-004
    9669 -0.88922E-004
    9670 -0.89011E-004
    9671 -0.89110E-004
    9672 -0.89218E-004
    9673 -0.89333E-004
    9674 -0.89456E-004
    9675 -0.89586E-004
    9676 -0.89720E-004
    9677 -0.89860E-004
    9678 -0.90004E-004
    9679 -0.90152E-004
    9680 -0.90303E-004
    9681 -0.90457E-004
    9682 -0.90612E-004
    9683 -0.90770E-004
    9684 -0.90928E-004
    9685 -0.91088E-004
    9686 -0.91248E-004
    9687 -0.91409E-004
    9688 -0.91570E-004
    9689 -0.91731E-004
    9690 -0.91892E-004
    9691 -0.92053E-004
    9692 -0.92214E-004
    9693 -0.92375E-004
    9694 -0.92535E-004
    9695 -0.92695E-004
    9696 -0.92855E-004
    9697 -0.93014E-004
    9698 -0.93173E-004
    9699 -0.93331E-004
    9700 -0.93489E-004
    9701 -0.93646E-004
    9702 -0.87562E-004
    9703 -0.87644E-004
    9704 -0.87778E-004
    9705 -0.87958E-004
    9706 -0.88178E-004
    9707 -0.88432E-004
    9708 -0.88713E-004
    9709 -0.89015E-004
    9710 -0.89332E-004
    9711 -0.89660E-004
    9712 -0.89994E-004
    9713 -0.90332E-004
    9714 -0.90672E-004
    9715 -0.91012E-004
    9716 -0.91352E-004
    9717 -0.91690E-004
    9718 -0.92026E-004
    9719 -0.92360E-004
    9720 -0.92691E-004
    9721 -0.86433E-004
    9722 -0.86455E-004
    9723 -0.86492E-004
    9724 -0.86543E-004
    9725 -0.86607E-004
    9726 -0.86685E-004
    9727 -0.86775E-004
    9728 -0.86877E-004
    9729 -0.86989E-004
    9730 -0.87112E-004
    9731 -0.87243E-004
    9732 -0.87382E-004
    9733 -0.87528E-004
    9734 -0.87681E-004
    9735 -0.87839E-004
    9736 -0.88002E-004
    9737 -0.88168E-004
    9738 -0.88338E-004
    9739 -0.88511E-004
    9740 -0.88686E-004
    9741 -0.88862E-004
    9742 -0.89040E-004
    9743 -0.89218E-004
    9744 -0.89397E-004
    9745 -0.89577E-004
    9746 -0.89756E-004
    9747 -0.89936E-004
    9748 -0.90115E-004
    9749 -0.90294E-004
    9750 -0.90473E-004
    9751 -0.90651E-004
    9752 -0.90828E-004
    9753 -0.91005E-004
    9754 -0.91181E-004
    9755 -0.91357E-004
    9756 -0.91532E-004
    9757 -0.91706E-004
    9758 -0.91880E-004
    9759 -0.92053E-004
    9760 -0.85318E-004
    9761 -0.85412E-004
    9762 -0.85564E-004
    9763 -0.85768E-004
    9764 -0.86018E-004
    9765 -0.86306E-004
    9766 -0.86624E-004
    9767 -0.86964E-004
    9768 -0.87322E-004
    9769 -0.87690E-004
    9770 -0.88064E-004
    9771 -0.88442E-004
    9772 -0.88821E-004
    9773 -0.89200E-004
    9774 -0.89576E-004
    9775 -0.89951E-004
    9776 -0.90322E-004
    9777 -0.90690E-004
    9778 -0.91055E-004
    9779 -0.84126E-004
    9780 -0.84151E-004
    9781 -0.84193E-004
    9782 -0.84251E-004
    9783 -0.84324E-004
    9784 -0.84413E-004
    9785 -0.84515E-004
    9786 -0.84631E-004
    9787 -0.84758E-004
    9788 -0.84897E-004
    9789 -0.85046E-004
    9790 -0.85203E-004
    9791 -0.85369E-004
    9792 -0.85541E-004
    9793 -0.85720E-004
    9794 -0.85903E-004
    9795 -0.86091E-004
    9796 -0.86282E-004
    9797 -0.86475E-004
    9798 -0.86672E-004
    9799 -0.86869E-004
    9800 -0.87068E-004
    9801 -0.87267E-004
    9802 -0.87468E-004
    9803 -0.87668E-004
    9804 -0.87868E-004
    9805 -0.88067E-004
    9806 -0.88267E-004
    9807 -0.88465E-004
    9808 -0.88663E-004
    9809 -0.88860E-004
    9810 -0.89057E-004
    9811 -0.89252E-004
    9812 -0.89447E-004
    9813 -0.89641E-004
    9814 -0.89833E-004
    9815 -0.90025E-004
    9816 -0.90216E-004
    9817 -0.90406E-004
    9818 -0.82953E-004
    9819 -0.83060E-004
    9820 -0.83232E-004
    9821 -0.83464E-004
    9822 -0.83748E-004
    9823 -0.84074E-004
    9824 -0.84433E-004
    9825 -0.84817E-004
    9826 -0.85218E-004
    9827 -0.85631E-004
    9828 -0.86051E-004
    9829 -0.86473E-004
    9830 -0.86895E-004
    9831 -0.87316E-004
    9832 -0.87733E-004
    9833 -0.88147E-004
    9834 -0.88557E-004
    9835 -0.88962E-004
    9836 -0.89364E-004
    9837 -0.81695E-004
    9838 -0.81724E-004
    9839 -0.81771E-004
    9840 -0.81837E-004
    9841 -0.81921E-004
    9842 -0.82021E-004
    9843 -0.82138E-004
    9844 -0.82269E-004
    9845 -0.82413E-004
    9846 -0.82570E-004
    9847 -0.82739E-004
    9848 -0.82917E-004
    9849 -0.83104E-004
    9850 -0.83298E-004
    9851 -0.83499E-004
    9852 -0.83706E-004
    9853 -0.83917E-004
    9854 -0.84131E-004
    9855 -0.84349E-004
    9856 -0.84569E-004
    9857 -0.84790E-004
    9858 -0.85012E-004
    9859 -0.85235E-004
    9860 -0.85458E-004
    9861 -0.85681E-004
    9862 -0.85903E-004
    9863 -0.86125E-004
    9864 -0.86346E-004
    9865 -0.86567E-004
    9866 -0.86786E-004
    9867 -0.87004E-004
    9868 -0.87221E-004
    9869 -0.87437E-004
    9870 -0.87651E-004
    9871 -0.87865E-004
    9872 -0.88077E-004
    9873 -0.88288E-004
    9874 -0.88497E-004
    9875 -0.88706E-004
    9876 -0.80463E-004
    9877 -0.80584E-004
    9878 -0.80780E-004
    9879 -0.81043E-004
    9880 -0.81364E-004
    9881 -0.81732E-004
    9882 -0.82137E-004
    9883 -0.82570E-004
    9884 -0.83021E-004
    9885 -0.83483E-004
    9886 -0.83952E-004
    9887 -0.84423E-004
    9888 -0.84893E-004
    9889 -0.85359E-004
    9890 -0.85822E-004
    9891 -0.86279E-004
    9892 -0.86731E-004
    9893 -0.87177E-004
    9894 -0.87618E-004
    9895 -0.79137E-004
    9896 -0.79169E-004
    9897 -0.79223E-004
    9898 -0.79298E-004
    9899 -0.79393E-004
    9900 -0.79507E-004
    9901 -0.79639E-004
    9902 -0.79787E-004
    9903 -0.79951E-004
    9904 -0.80129E-004
    9905 -0.80319E-004
    9906 -0.80520E-004
    9907 -0.80731E-004
    9908 -0.80950E-004
    9909 -0.81176E-004
    9910 -0.81409E-004
    9911 -0.81645E-004
    9912 -0.81886E-004
    9913 -0.82130E-004
    9914 -0.82376E-004
    9915 -0.82623E-004
    9916 -0.82871E-004
    9917 -0.83119E-004
    9918 -0.83368E-004
    9919 -0.83616E-004
    9920 -0.83863E-004
    9921 -0.84109E-004
    9922 -0.84354E-004
    9923 -0.84598E-004
    9924 -0.84841E-004
    9925 -0.85082E-004
    9926 -0.85321E-004
    9927 -0.85559E-004
    9928 -0.85795E-004
    9929 -0.86030E-004
    9930 -0.86263E-004
    9931 -0.86495E-004
    9932 -0.86725E-004
    9933 -0.86953E-004
    9934 -0.77843E-004
    9935 -0.77981E-004
    9936 -0.78203E-004
    9937 -0.78501E-004
    9938 -0.78864E-004
    9939 -0.79280E-004
    9940 -0.79736E-004
    9941 -0.80222E-004
    9942 -0.80728E-004
    9943 -0.81245E-004
    9944 -0.81769E-004
    9945 -0.82293E-004
    9946 -0.82815E-004
    9947 -0.83332E-004
    9948 -0.83843E-004
    9949 -0.84348E-004
    9950 -0.84845E-004
    9951 -0.85335E-004
    9952 -0.85818E-004
    9953 -0.76447E-004
    9954 -0.76484E-004
    9955 -0.76546E-004
    9956 -0.76630E-004
    9957 -0.76738E-004
    9958 -0.76867E-004
    9959 -0.77016E-004
    9960 -0.77184E-004
    9961 -0.77369E-004
    9962 -0.77570E-004
    9963 -0.77784E-004
    9964 -0.78011E-004
    9965 -0.78249E-004
    9966 -0.78495E-004
    9967 -0.78749E-004
    9968 -0.79010E-004
    9969 -0.79276E-004
    9970 -0.79545E-004
    9971 -0.79818E-004
    9972 -0.80093E-004
    9973 -0.80368E-004
    9974 -0.80645E-004
    9975 -0.80922E-004
    9976 -0.81198E-004
    9977 -0.81473E-004
    9978 -0.81747E-004
    9979 -0.82020E-004
    9980 -0.82292E-004
    9981 -0.82561E-004
    9982 -0.82829E-004
    9983 -0.83095E-004
    9984 -0.83359E-004
    9985 -0.83620E-004
    9986 -0.83880E-004
    9987 -0.84138E-004
    9988 -0.84394E-004
    9989 -0.84648E-004
    9990 -0.84900E-004
    9991 -0.85150E-004
    9992 -0.75092E-004
    9993 -0.75248E-004
    9994 -0.75499E-004
    9995 -0.75836E-004
    9996 -0.76246E-004
    9997 -0.76714E-004
    9998 -0.77228E-004
    9999 -0.77773E-004
   10000 -0.78339E-004
   10001 -0.78917E-004
   10002 -0.79500E-004
   10003 -0.80083E-004
   10004 -0.80662E-004
   10005 -0.81234E-004
   10006 -0.81799E-004
   10007 -0.82354E-004
   10008 -0.82901E-004
   10009 -0.83439E-004
   10010 -0.83968E-004
   10011 -0.73625E-004
   10012 -0.73667E-004
   10013 -0.73736E-004
   10014 -0.73832E-004
   10015 -0.73954E-004
   10016 -0.74100E-004
   10017 -0.74268E-004
   10018 -0.74458E-004
   10019 -0.74667E-004
   10020 -0.74893E-004
   10021 -0.75134E-004
   10022 -0.75390E-004
   10023 -0.75656E-004
   10024 -0.75933E-004
   10025 -0.76219E-004
   10026 -0.76510E-004
   10027 -0.76808E-004
   10028 -0.77109E-004
   10029 -0.77413E-004
   10030 -0.77720E-004
   10031 -0.78027E-004
   10032 -0.78335E-004
   10033 -0.78642E-004
   10034 -0.78949E-004
   10035 -0.79254E-004
   10036 -0.79558E-004
   10037 -0.79860E-004
   10038 -0.80160E-004
   10039 -0.80457E-004
   10040 -0.80752E-004
   10041 -0.81045E-004
   10042 -0.81335E-004
   10043 -0.81623E-004
   10044 -0.81908E-004
   10045 -0.82191E-004
   10046 -0.82471E-004
   10047 -0.82749E-004
   10048 -0.83025E-004
   10049 -0.83298E-004
   10050 -0.72208E-004
   10051 -0.72384E-004
   10052 -0.72668E-004
   10053 -0.73048E-004
   10054 -0.73510E-004
   10055 -0.74036E-004
   10056 -0.74612E-004
   10057 -0.75223E-004
   10058 -0.75856E-004
   10059 -0.76500E-004
   10060 -0.77149E-004
   10061 -0.77796E-004
   10062 -0.78436E-004
   10063 -0.79068E-004
   10064 -0.79691E-004
   10065 -0.80302E-004
   10066 -0.80902E-004
   10067 -0.81491E-004
   10068 -0.82069E-004
   10069 -0.70668E-004
   10070 -0.70715E-004
   10071 -0.70794E-004
   10072 -0.70902E-004
   10073 -0.71040E-004
   10074 -0.71204E-004
   10075 -0.71394E-004
   10076 -0.71608E-004
   10077 -0.71843E-004
   10078 -0.72097E-004
   10079 -0.72369E-004
   10080 -0.72656E-004
   10081 -0.72955E-004
   10082 -0.73265E-004
   10083 -0.73584E-004
   10084 -0.73911E-004
   10085 -0.74243E-004
   10086 -0.74579E-004
   10087 -0.74918E-004
   10088 -0.75259E-004
   10089 -0.75601E-004
   10090 -0.75943E-004
   10091 -0.76284E-004
   10092 -0.76623E-004
   10093 -0.76961E-004
   10094 -0.77297E-004
   10095 -0.77630E-004
   10096 -0.77961E-004
   10097 -0.78289E-004
   10098 -0.78614E-004
   10099 -0.78935E-004
   10100 -0.79254E-004
   10101 -0.79570E-004
   10102 -0.79882E-004
   10103 -0.80192E-004
   10104 -0.80498E-004
   10105 -0.80802E-004
   10106 -0.81103E-004
   10107 -0.81401E-004
   10108 -0.69190E-004
   10109 -0.69388E-004
   10110 -0.69708E-004
   10111 -0.70137E-004
   10112 -0.70656E-004
   10113 -0.71247E-004
   10114 -0.71892E-004
   10115 -0.72574E-004
   10116 -0.73280E-004
   10117 -0.73997E-004
   10118 -0.74717E-004
   10119 -0.75433E-004
   10120 -0.76141E-004
   10121 -0.76838E-004
   10122 -0.77522E-004
   10123 -0.78193E-004
   10124 -0.78850E-004
   10125 -0.79494E-004
   10126 -0.80125E-004
   10127 -0.67578E-004
   10128 -0.67631E-004
   10129 -0.67719E-004
   10130 -0.67841E-004
   10131 -0.67996E-004
   10132 -0.68181E-004
   10133 -0.68395E-004
   10134 -0.68635E-004
   10135 -0.68900E-004
   10136 -0.69185E-004
   10137 -0.69490E-004
   10138 -0.69811E-004
   10139 -0.70146E-004
   10140 -0.70493E-004
   10141 -0.70850E-004
   10142 -0.71214E-004
   10143 -0.71584E-004
   10144 -0.71958E-004
   10145 -0.72335E-004
   10146 -0.72714E-004
   10147 -0.73093E-004
   10148 -0.73472E-004
   10149 -0.73849E-004
   10150 -0.74225E-004
   10151 -0.74598E-004
   10152 -0.74968E-004
   10153 -0.75335E-004
   10154 -0.75699E-004
   10155 -0.76060E-004
   10156 -0.76416E-004
   10157 -0.76769E-004
   10158 -0.77119E-004
   10159 -0.77464E-004
   10160 -0.77806E-004
   10161 -0.78144E-004
   10162 -0.78479E-004
   10163 -0.78810E-004
   10164 -0.79138E-004
   10165 -0.79462E-004
   10166 -0.66039E-004
   10167 -0.66263E-004
   10168 -0.66623E-004
   10169 -0.67104E-004
   10170 -0.67686E-004
   10171 -0.68348E-004
   10172 -0.69069E-004
   10173 -0.69830E-004
   10174 -0.70615E-004
   10175 -0.71411E-004
   10176 -0.72208E-004
   10177 -0.72999E-004
   10178 -0.73780E-004
   10179 -0.74546E-004
   10180 -0.75297E-004
   10181 -0.76032E-004
   10182 -0.76751E-004
   10183 -0.77453E-004
   10184 -0.78140E-004
   10185 -0.64356E-004
   10186 -0.64415E-004
   10187 -0.64515E-004
   10188 -0.64652E-004
   10189 -0.64826E-004
   10190 -0.65034E-004
   10191 -0.65274E-004
   10192 -0.65544E-004
   10193 -0.65840E-004
   10194 -0.66159E-004
   10195 -0.66500E-004
   10196 -0.66859E-004
   10197 -0.67233E-004
   10198 -0.67621E-004
   10199 -0.68018E-004
   10200 -0.68423E-004
   10201 -0.68835E-004
   10202 -0.69251E-004
   10203 -0.69669E-004
   10204 -0.70089E-004
   10205 -0.70508E-004
   10206 -0.70927E-004
   10207 -0.71343E-004
   10208 -0.71758E-004
   10209 -0.72169E-004
   10210 -0.72576E-004
   10211 -0.72980E-004
   10212 -0.73380E-004
   10213 -0.73775E-004
   10214 -0.74166E-004
   10215 -0.74552E-004
   10216 -0.74934E-004
   10217 -0.75312E-004
   10218 -0.75685E-004
   10219 -0.76054E-004
   10220 -0.76418E-004
   10221 -0.76778E-004
   10222 -0.77135E-004
   10223 -0.77487E-004
   10224 -0.62760E-004
   10225 -0.63011E-004
   10226 -0.63415E-004
   10227 -0.63954E-004
   10228 -0.64606E-004
   10229 -0.65345E-004
   10230 -0.66148E-004
   10231 -0.66995E-004
   10232 -0.67866E-004
   10233 -0.68747E-004
   10234 -0.69628E-004
   10235 -0.70500E-004
   10236 -0.71358E-004
   10237 -0.72200E-004
   10238 -0.73022E-004
   10239 -0.73825E-004
   10240 -0.74609E-004
   10241 -0.75374E-004
   10242 -0.76121E-004
   10243 -0.61007E-004
   10244 -0.61074E-004
   10245 -0.61185E-004
   10246 -0.61339E-004
   10247 -0.61534E-004
   10248 -0.61767E-004
   10249 -0.62036E-004
   10250 -0.62337E-004
   10251 -0.62668E-004
   10252 -0.63025E-004
   10253 -0.63406E-004
   10254 -0.63806E-004
   10255 -0.64223E-004
   10256 -0.64653E-004
   10257 -0.65095E-004
   10258 -0.65545E-004
   10259 -0.66001E-004
   10260 -0.66462E-004
   10261 -0.66925E-004
   10262 -0.67388E-004
   10263 -0.67852E-004
   10264 -0.68313E-004
   10265 -0.68772E-004
   10266 -0.69228E-004
   10267 -0.69680E-004
   10268 -0.70127E-004
   10269 -0.70570E-004
   10270 -0.71008E-004
   10271 -0.71440E-004
   10272 -0.71867E-004
   10273 -0.72289E-004
   10274 -0.72706E-004
   10275 -0.73118E-004
   10276 -0.73524E-004
   10277 -0.73925E-004
   10278 -0.74321E-004
   10279 -0.74712E-004
   10280 -0.75099E-004
   10281 -0.75481E-004
   10282 -0.59358E-004
   10283 -0.59638E-004
   10284 -0.60091E-004
   10285 -0.60693E-004
   10286 -0.61420E-004
   10287 -0.62243E-004
   10288 -0.63136E-004
   10289 -0.64075E-004
   10290 -0.65039E-004
   10291 -0.66013E-004
   10292 -0.66983E-004
   10293 -0.67942E-004
   10294 -0.68883E-004
   10295 -0.69804E-004
   10296 -0.70703E-004
   10297 -0.71578E-004
   10298 -0.72431E-004
   10299 -0.73262E-004
   10300 -0.74071E-004
   10301 -0.57538E-004
   10302 -0.57613E-004
   10303 -0.57738E-004
   10304 -0.57910E-004
   10305 -0.58127E-004
   10306 -0.58387E-004
   10307 -0.58687E-004
   10308 -0.59023E-004
   10309 -0.59392E-004
   10310 -0.59790E-004
   10311 -0.60213E-004
   10312 -0.60658E-004
   10313 -0.61121E-004
   10314 -0.61599E-004
   10315 -0.62088E-004
   10316 -0.62586E-004
   10317 -0.63091E-004
   10318 -0.63600E-004
   10319 -0.64110E-004
   10320 -0.64622E-004
   10321 -0.65131E-004
   10322 -0.65639E-004
   10323 -0.66143E-004
   10324 -0.66643E-004
   10325 -0.67139E-004
   10326 -0.67628E-004
   10327 -0.68113E-004
   10328 -0.68591E-004
   10329 -0.69063E-004
   10330 -0.69529E-004
   10331 -0.69989E-004
   10332 -0.70442E-004
   10333 -0.70890E-004
   10334 -0.71331E-004
   10335 -0.71766E-004
   10336 -0.72196E-004
   10337 -0.72619E-004
   10338 -0.73038E-004
   10339 -0.73451E-004
   10340 -0.55840E-004
   10341 -0.56154E-004
   10342 -0.56658E-004
   10343 -0.57329E-004
   10344 -0.58138E-004
   10345 -0.59052E-004
   10346 -0.60042E-004
   10347 -0.61080E-004
   10348 -0.62144E-004
   10349 -0.63216E-004
   10350 -0.64282E-004
   10351 -0.65333E-004
   10352 -0.66363E-004
   10353 -0.67369E-004
   10354 -0.68347E-004
   10355 -0.69299E-004
   10356 -0.70225E-004
   10357 -0.71125E-004
   10358 -0.72000E-004
   10359 -0.53958E-004
   10360 -0.54042E-004
   10361 -0.54181E-004
   10362 -0.54373E-004
   10363 -0.54615E-004
   10364 -0.54905E-004
   10365 -0.55238E-004
   10366 -0.55612E-004
   10367 -0.56022E-004
   10368 -0.56464E-004
   10369 -0.56933E-004
   10370 -0.57426E-004
   10371 -0.57938E-004
   10372 -0.58467E-004
   10373 -0.59008E-004
   10374 -0.59558E-004
   10375 -0.60114E-004
   10376 -0.60674E-004
   10377 -0.61236E-004
   10378 -0.61798E-004
   10379 -0.62357E-004
   10380 -0.62914E-004
   10381 -0.63466E-004
   10382 -0.64013E-004
   10383 -0.64554E-004
   10384 -0.65089E-004
   10385 -0.65617E-004
   10386 -0.66138E-004
   10387 -0.66652E-004
   10388 -0.67159E-004
   10389 -0.67658E-004
   10390 -0.68151E-004
   10391 -0.68636E-004
   10392 -0.69114E-004
   10393 -0.69585E-004
   10394 -0.70049E-004
   10395 -0.70507E-004
   10396 -0.70959E-004
   10397 -0.71404E-004
   10398 -0.52219E-004
   10399 -0.52568E-004
   10400 -0.53128E-004
   10401 -0.53874E-004
   10402 -0.54770E-004
   10403 -0.55782E-004
   10404 -0.56876E-004
   10405 -0.58020E-004
   10406 -0.59191E-004
   10407 -0.60368E-004
   10408 -0.61535E-004
   10409 -0.62684E-004
   10410 -0.63808E-004
   10411 -0.64902E-004
   10412 -0.65965E-004
   10413 -0.66997E-004
   10414 -0.67999E-004
   10415 -0.68971E-004
   10416 -0.69915E-004
   10417 -0.50281E-004
   10418 -0.50374E-004
   10419 -0.50528E-004
   10420 -0.50741E-004
   10421 -0.51010E-004
   10422 -0.51332E-004
   10423 -0.51702E-004
   10424 -0.52116E-004
   10425 -0.52570E-004
   10426 -0.53058E-004
   10427 -0.53577E-004
   10428 -0.54122E-004
   10429 -0.54687E-004
   10430 -0.55270E-004
   10431 -0.55865E-004
   10432 -0.56470E-004
   10433 -0.57081E-004
   10434 -0.57697E-004
   10435 -0.58313E-004
   10436 -0.58928E-004
   10437 -0.59540E-004
   10438 -0.60149E-004
   10439 -0.60752E-004
   10440 -0.61348E-004
   10441 -0.61938E-004
   10442 -0.62520E-004
   10443 -0.63094E-004
   10444 -0.63660E-004
   10445 -0.64218E-004
   10446 -0.64768E-004
   10447 -0.65308E-004
   10448 -0.65841E-004
   10449 -0.66366E-004
   10450 -0.66882E-004
   10451 -0.67391E-004
   10452 -0.67891E-004
   10453 -0.68385E-004
   10454 -0.68871E-004
   10455 -0.69350E-004
   10456 -0.48508E-004
   10457 -0.48895E-004
   10458 -0.49516E-004
   10459 -0.50341E-004
   10460 -0.51331E-004
   10461 -0.52447E-004
   10462 -0.53651E-004
   10463 -0.54909E-004
   10464 -0.56193E-004
   10465 -0.57480E-004
   10466 -0.58755E-004
   10467 -0.60007E-004
   10468 -0.61228E-004
   10469 -0.62416E-004
   10470 -0.63567E-004
   10471 -0.64683E-004
   10472 -0.65764E-004
   10473 -0.66811E-004
   10474 -0.67827E-004
   10475 -0.46521E-004
   10476 -0.46625E-004
   10477 -0.46796E-004
   10478 -0.47031E-004
   10479 -0.47329E-004
   10480 -0.47684E-004
   10481 -0.48093E-004
   10482 -0.48550E-004
   10483 -0.49051E-004
   10484 -0.49590E-004
   10485 -0.50161E-004
   10486 -0.50760E-004
   10487 -0.51382E-004
   10488 -0.52022E-004
   10489 -0.52675E-004
   10490 -0.53339E-004
   10491 -0.54008E-004
   10492 -0.54681E-004
   10493 -0.55354E-004
   10494 -0.56026E-004
   10495 -0.56694E-004
   10496 -0.57356E-004
   10497 -0.58013E-004
   10498 -0.58661E-004
   10499 -0.59302E-004
   10500 -0.59934E-004
   10501 -0.60556E-004
   10502 -0.61169E-004
   10503 -0.61772E-004
   10504 -0.62366E-004
   10505 -0.62950E-004
   10506 -0.63525E-004
   10507 -0.64090E-004
   10508 -0.64646E-004
   10509 -0.65194E-004
   10510 -0.65732E-004
   10511 -0.66262E-004
   10512 -0.66784E-004
   10513 -0.67298E-004
   10514 -0.44725E-004
   10515 -0.45152E-004
   10516 -0.45838E-004
   10517 -0.46747E-004
   10518 -0.47837E-004
   10519 -0.49064E-004
   10520 -0.50385E-004
   10521 -0.51762E-004
   10522 -0.53164E-004
   10523 -0.54568E-004
   10524 -0.55955E-004
   10525 -0.57314E-004
   10526 -0.58638E-004
   10527 -0.59922E-004
   10528 -0.61165E-004
   10529 -0.62368E-004
   10530 -0.63531E-004
   10531 -0.64655E-004
   10532 -0.65744E-004
   10533 -0.42700E-004
   10534 -0.42814E-004
   10535 -0.43002E-004
   10536 -0.43262E-004
   10537 -0.43590E-004
   10538 -0.43981E-004
   10539 -0.44431E-004
   10540 -0.44934E-004
   10541 -0.45484E-004
   10542 -0.46076E-004
   10543 -0.46703E-004
   10544 -0.47360E-004
   10545 -0.48041E-004
   10546 -0.48741E-004
   10547 -0.49456E-004
   10548 -0.50180E-004
   10549 -0.50910E-004
   10550 -0.51644E-004
   10551 -0.52377E-004
   10552 -0.53107E-004
   10553 -0.53833E-004
   10554 -0.54553E-004
   10555 -0.55264E-004
   10556 -0.55967E-004
   10557 -0.56660E-004
   10558 -0.57343E-004
   10559 -0.58015E-004
   10560 -0.58677E-004
   10561 -0.59328E-004
   10562 -0.59967E-004
   10563 -0.60596E-004
   10564 -0.61214E-004
   10565 -0.61821E-004
   10566 -0.62418E-004
   10567 -0.63005E-004
   10568 -0.63583E-004
   10569 -0.64150E-004
   10570 -0.64709E-004
   10571 -0.65259E-004
   10572 -0.40893E-004
   10573 -0.41362E-004
   10574 -0.42116E-004
   10575 -0.43114E-004
   10576 -0.44309E-004
   10577 -0.45652E-004
   10578 -0.47095E-004
   10579 -0.48596E-004
   10580 -0.50123E-004
   10581 -0.51647E-004
   10582 -0.53151E-004
   10583 -0.54622E-004
   10584 -0.56051E-004
   10585 -0.57436E-004
   10586 -0.58773E-004
   10587 -0.60065E-004
   10588 -0.61312E-004
   10589 -0.62516E-004
   10590 -0.63680E-004
   10591 -0.38840E-004
   10592 -0.38965E-004
   10593 -0.39172E-004
   10594 -0.39457E-004
   10595 -0.39816E-004
   10596 -0.40245E-004
   10597 -0.40738E-004
   10598 -0.41289E-004
   10599 -0.41892E-004
   10600 -0.42539E-004
   10601 -0.43224E-004
   10602 -0.43941E-004
   10603 -0.44684E-004
   10604 -0.45447E-004
   10605 -0.46225E-004
   10606 -0.47013E-004
   10607 -0.47807E-004
   10608 -0.48604E-004
   10609 -0.49399E-004
   10610 -0.50190E-004
   10611 -0.50976E-004
   10612 -0.51754E-004
   10613 -0.52523E-004
   10614 -0.53281E-004
   10615 -0.54029E-004
   10616 -0.54765E-004
   10617 -0.55488E-004
   10618 -0.56200E-004
   10619 -0.56899E-004
   10620 -0.57585E-004
   10621 -0.58260E-004
   10622 -0.58922E-004
   10623 -0.59573E-004
   10624 -0.60212E-004
   10625 -0.60839E-004
   10626 -0.61456E-004
   10627 -0.62062E-004
   10628 -0.62658E-004
   10629 -0.63244E-004
   10630 -0.37034E-004
   10631 -0.37549E-004
   10632 -0.38373E-004
   10633 -0.39464E-004
   10634 -0.40769E-004
   10635 -0.42232E-004
   10636 -0.43803E-004
   10637 -0.45434E-004
   10638 -0.47089E-004
   10639 -0.48738E-004
   10640 -0.50362E-004
   10641 -0.51947E-004
   10642 -0.53485E-004
   10643 -0.54972E-004
   10644 -0.56406E-004
   10645 -0.57788E-004
   10646 -0.59120E-004
   10647 -0.60405E-004
   10648 -0.61645E-004
   10649 -0.34969E-004
   10650 -0.35105E-004
   10651 -0.35331E-004
   10652 -0.35642E-004
   10653 -0.36035E-004
   10654 -0.36503E-004
   10655 -0.37041E-004
   10656 -0.37641E-004
   10657 -0.38298E-004
   10658 -0.39002E-004
   10659 -0.39748E-004
   10660 -0.40528E-004
   10661 -0.41335E-004
   10662 -0.42163E-004
   10663 -0.43007E-004
   10664 -0.43861E-004
   10665 -0.44720E-004
   10666 -0.45581E-004
   10667 -0.46440E-004
   10668 -0.47294E-004
   10669 -0.48141E-004
   10670 -0.48979E-004
   10671 -0.49807E-004
   10672 -0.50622E-004
   10673 -0.51425E-004
   10674 -0.52215E-004
   10675 -0.52991E-004
   10676 -0.53753E-004
   10677 -0.54502E-004
   10678 -0.55236E-004
   10679 -0.55957E-004
   10680 -0.56664E-004
   10681 -0.57359E-004
   10682 -0.58040E-004
   10683 -0.58709E-004
   10684 -0.59365E-004
   10685 -0.60010E-004
   10686 -0.60643E-004
   10687 -0.61266E-004
   10688 -0.33180E-004
   10689 -0.33740E-004
   10690 -0.34638E-004
   10691 -0.35825E-004
   10692 -0.37243E-004
   10693 -0.38831E-004
   10694 -0.40533E-004
   10695 -0.42297E-004
   10696 -0.44083E-004
   10697 -0.45860E-004
   10698 -0.47607E-004
   10699 -0.49309E-004
   10700 -0.50957E-004
   10701 -0.52547E-004
   10702 -0.54079E-004
   10703 -0.55553E-004
   10704 -0.56972E-004
   10705 -0.58338E-004
   10706 -0.59654E-004
   10707 -0.31116E-004
   10708 -0.31264E-004
   10709 -0.31510E-004
   10710 -0.31848E-004
   10711 -0.32275E-004
   10712 -0.32784E-004
   10713 -0.33368E-004
   10714 -0.34019E-004
   10715 -0.34731E-004
   10716 -0.35495E-004
   10717 -0.36302E-004
   10718 -0.37146E-004
   10719 -0.38019E-004
   10720 -0.38914E-004
   10721 -0.39824E-004
   10722 -0.40746E-004
   10723 -0.41671E-004
   10724 -0.42598E-004
   10725 -0.43522E-004
   10726 -0.44440E-004
   10727 -0.45350E-004
   10728 -0.46249E-004
   10729 -0.47136E-004
   10730 -0.48009E-004
   10731 -0.48869E-004
   10732 -0.49713E-004
   10733 -0.50542E-004
   10734 -0.51355E-004
   10735 -0.52153E-004
   10736 -0.52936E-004
   10737 -0.53704E-004
   10738 -0.54456E-004
   10739 -0.55194E-004
   10740 -0.55918E-004
   10741 -0.56628E-004
   10742 -0.57325E-004
   10743 -0.58008E-004
   10744 -0.58679E-004
   10745 -0.59339E-004
   10746 -0.29362E-004
   10747 -0.29970E-004
   10748 -0.30943E-004
   10749 -0.32228E-004
   10750 -0.33761E-004
   10751 -0.35476E-004
   10752 -0.37311E-004
   10753 -0.39210E-004
   10754 -0.41130E-004
   10755 -0.43037E-004
   10756 -0.44908E-004
   10757 -0.46727E-004
   10758 -0.48486E-004
   10759 -0.50180E-004
   10760 -0.51810E-004
   10761 -0.53376E-004
   10762 -0.54881E-004
   10763 -0.56328E-004
   10764 -0.57721E-004
   10765 -0.27317E-004
   10766 -0.27478E-004
   10767 -0.27744E-004
   10768 -0.28109E-004
   10769 -0.28571E-004
   10770 -0.29120E-004
   10771 -0.29751E-004
   10772 -0.30454E-004
   10773 -0.31223E-004
   10774 -0.32046E-004
   10775 -0.32917E-004
   10776 -0.33825E-004
   10777 -0.34765E-004
   10778 -0.35727E-004
   10779 -0.36705E-004
   10780 -0.37694E-004
   10781 -0.38687E-004
   10782 -0.39681E-004
   10783 -0.40670E-004
   10784 -0.41653E-004
   10785 -0.42625E-004
   10786 -0.43585E-004
   10787 -0.44532E-004
   10788 -0.45463E-004
   10789 -0.46379E-004
   10790 -0.47278E-004
   10791 -0.48159E-004
   10792 -0.49024E-004
   10793 -0.49872E-004
   10794 -0.50703E-004
   10795 -0.51517E-004
   10796 -0.52314E-004
   10797 -0.53096E-004
   10798 -0.53862E-004
   10799 -0.54613E-004
   10800 -0.55349E-004
   10801 -0.56071E-004
   10802 -0.56780E-004
   10803 -0.57476E-004
   10804 -0.25616E-004
   10805 -0.26271E-004
   10806 -0.27320E-004
   10807 -0.28704E-004
   10808 -0.30354E-004
   10809 -0.32198E-004
   10810 -0.34166E-004
   10811 -0.36201E-004
   10812 -0.38255E-004
   10813 -0.40291E-004
   10814 -0.42286E-004
   10815 -0.44222E-004
   10816 -0.46092E-004
   10817 -0.47890E-004
   10818 -0.49617E-004
   10819 -0.51274E-004
   10820 -0.52864E-004
   10821 -0.54391E-004
   10822 -0.55859E-004
   10823 -0.23610E-004
   10824 -0.23782E-004
   10825 -0.24068E-004
   10826 -0.24461E-004
   10827 -0.24957E-004
   10828 -0.25548E-004
   10829 -0.26226E-004
   10830 -0.26981E-004
   10831 -0.27806E-004
   10832 -0.28689E-004
   10833 -0.29623E-004
   10834 -0.30597E-004
   10835 -0.31602E-004
   10836 -0.32632E-004
   10837 -0.33678E-004
   10838 -0.34735E-004
   10839 -0.35795E-004
   10840 -0.36855E-004
   10841 -0.37909E-004
   10842 -0.38956E-004
   10843 -0.39990E-004
   10844 -0.41012E-004
   10845 -0.42017E-004
   10846 -0.43006E-004
   10847 -0.43977E-004
   10848 -0.44930E-004
   10849 -0.45864E-004
   10850 -0.46780E-004
   10851 -0.47676E-004
   10852 -0.48554E-004
   10853 -0.49414E-004
   10854 -0.50256E-004
   10855 -0.51080E-004
   10856 -0.51888E-004
   10857 -0.52679E-004
   10858 -0.53454E-004
   10859 -0.54214E-004
   10860 -0.54959E-004
   10861 -0.55690E-004
   10862 -0.21981E-004
   10863 -0.22684E-004
   10864 -0.23808E-004
   10865 -0.25290E-004
   10866 -0.27056E-004
   10867 -0.29027E-004
   10868 -0.31129E-004
   10869 -0.33298E-004
   10870 -0.35485E-004
   10871 -0.37649E-004
   10872 -0.39766E-004
   10873 -0.41818E-004
   10874 -0.43796E-004
   10875 -0.45696E-004
   10876 -0.47518E-004
   10877 -0.49264E-004
   10878 -0.50937E-004
   10879 -0.52542E-004
   10880 -0.54084E-004
   10881 -0.20033E-004
   10882 -0.20218E-004
   10883 -0.20523E-004
   10884 -0.20944E-004
   10885 -0.21474E-004
   10886 -0.22105E-004
   10887 -0.22829E-004
   10888 -0.23636E-004
   10889 -0.24516E-004
   10890 -0.25459E-004
   10891 -0.26454E-004
   10892 -0.27492E-004
   10893 -0.28564E-004
   10894 -0.29660E-004
   10895 -0.30773E-004
   10896 -0.31896E-004
   10897 -0.33022E-004
   10898 -0.34147E-004
   10899 -0.35266E-004
   10900 -0.36375E-004
   10901 -0.37471E-004
   10902 -0.38552E-004
   10903 -0.39615E-004
   10904 -0.40660E-004
   10905 -0.41686E-004
   10906 -0.42691E-004
   10907 -0.43676E-004
   10908 -0.44641E-004
   10909 -0.45585E-004
   10910 -0.46509E-004
   10911 -0.47414E-004
   10912 -0.48299E-004
   10913 -0.49165E-004
   10914 -0.50013E-004
   10915 -0.50843E-004
   10916 -0.51656E-004
   10917 -0.52452E-004
   10918 -0.53233E-004
   10919 -0.53999E-004
   10920 -0.18497E-004
   10921 -0.19246E-004
   10922 -0.20444E-004
   10923 -0.22023E-004
   10924 -0.23902E-004
   10925 -0.25998E-004
   10926 -0.28230E-004
   10927 -0.30531E-004
   10928 -0.32847E-004
   10929 -0.35136E-004
   10930 -0.37372E-004
   10931 -0.39536E-004
   10932 -0.41619E-004
   10933 -0.43618E-004
   10934 -0.45532E-004
   10935 -0.47364E-004
   10936 -0.49118E-004
   10937 -0.50798E-004
   10938 -0.52410E-004
   10939 -0.16629E-004
   10940 -0.16825E-004
   10941 -0.17150E-004
   10942 -0.17597E-004
   10943 -0.18160E-004
   10944 -0.18830E-004
   10945 -0.19600E-004
   10946 -0.20456E-004
   10947 -0.21391E-004
   10948 -0.22391E-004
   10949 -0.23447E-004
   10950 -0.24547E-004
   10951 -0.25682E-004
   10952 -0.26843E-004
   10953 -0.28020E-004
   10954 -0.29208E-004
   10955 -0.30398E-004
   10956 -0.31587E-004
   10957 -0.32767E-004
   10958 -0.33937E-004
   10959 -0.35092E-004
   10960 -0.36230E-004
   10961 -0.37349E-004
   10962 -0.38449E-004
   10963 -0.39526E-004
   10964 -0.40583E-004
   10965 -0.41617E-004
   10966 -0.42629E-004
   10967 -0.43619E-004
   10968 -0.44587E-004
   10969 -0.45534E-004
   10970 -0.46461E-004
   10971 -0.47367E-004
   10972 -0.48253E-004
   10973 -0.49121E-004
   10974 -0.49970E-004
   10975 -0.50801E-004
   10976 -0.51615E-004
   10977 -0.52414E-004
   10978 -0.15207E-004
   10979 -0.16000E-004
   10980 -0.17269E-004
   10981 -0.18941E-004
   10982 -0.20930E-004
   10983 -0.23145E-004
   10984 -0.25503E-004
   10985 -0.27930E-004
   10986 -0.30370E-004
   10987 -0.32779E-004
   10988 -0.35129E-004
   10989 -0.37400E-004
   10990 -0.39584E-004
   10991 -0.41677E-004
   10992 -0.43678E-004
   10993 -0.45592E-004
   10994 -0.47422E-004
   10995 -0.49174E-004
   10996 -0.50852E-004
   10997 -0.13440E-004
   10998 -0.13647E-004
   10999 -0.13990E-004
   11000 -0.14462E-004
   11001 -0.15057E-004
   11002 -0.15765E-004
   11003 -0.16577E-004
   11004 -0.17481E-004
   11005 -0.18467E-004
   11006 -0.19522E-004
   11007 -0.20635E-004
   11008 -0.21795E-004
   11009 -0.22991E-004
   11010 -0.24213E-004
   11011 -0.25452E-004
   11012 -0.26701E-004
   11013 -0.27952E-004
   11014 -0.29201E-004
   11015 -0.30440E-004
   11016 -0.31667E-004
   11017 -0.32878E-004
   11018 -0.34071E-004
   11019 -0.35243E-004
   11020 -0.36394E-004
   11021 -0.37522E-004
   11022 -0.38626E-004
   11023 -0.39706E-004
   11024 -0.40763E-004
   11025 -0.41796E-004
   11026 -0.42807E-004
   11027 -0.43794E-004
   11028 -0.44759E-004
   11029 -0.45703E-004
   11030 -0.46626E-004
   11031 -0.47528E-004
   11032 -0.48411E-004
   11033 -0.49275E-004
   11034 -0.50121E-004
   11035 -0.50951E-004
   11036 -0.12151E-004
   11037 -0.12987E-004
   11038 -0.14323E-004
   11039 -0.16082E-004
   11040 -0.18174E-004
   11041 -0.20502E-004
   11042 -0.22978E-004
   11043 -0.25525E-004
   11044 -0.28082E-004
   11045 -0.30604E-004
   11046 -0.33061E-004
   11047 -0.35433E-004
   11048 -0.37711E-004
   11049 -0.39891E-004
   11050 -0.41975E-004
   11051 -0.43965E-004
   11052 -0.45866E-004
   11053 -0.47684E-004
   11054 -0.49425E-004
   11055 -0.10507E-004
   11056 -0.10725E-004
   11057 -0.11085E-004
   11058 -0.11580E-004
   11059 -0.12204E-004
   11060 -0.12947E-004
   11061 -0.13799E-004
   11062 -0.14748E-004
   11063 -0.15782E-004
   11064 -0.16888E-004
   11065 -0.18055E-004
   11066 -0.19270E-004
   11067 -0.20523E-004
   11068 -0.21802E-004
   11069 -0.23099E-004
   11070 -0.24406E-004
   11071 -0.25713E-004
   11072 -0.27018E-004
   11073 -0.28312E-004
   11074 -0.29593E-004
   11075 -0.30856E-004
   11076 -0.32100E-004
   11077 -0.33321E-004
   11078 -0.34519E-004
   11079 -0.35693E-004
   11080 -0.36842E-004
   11081 -0.37965E-004
   11082 -0.39063E-004
   11083 -0.40137E-004
   11084 -0.41185E-004
   11085 -0.42210E-004
   11086 -0.43211E-004
   11087 -0.44190E-004
   11088 -0.45146E-004
   11089 -0.46081E-004
   11090 -0.46995E-004
   11091 -0.47890E-004
   11092 -0.48765E-004
   11093 -0.49623E-004
   11094 -0.93720E-005
   11095 -0.10246E-004
   11096 -0.11644E-004
   11097 -0.13484E-004
   11098 -0.15670E-004
   11099 -0.18103E-004
   11100 -0.20689E-004
   11101 -0.23346E-004
   11102 -0.26010E-004
   11103 -0.28636E-004
   11104 -0.31191E-004
   11105 -0.33656E-004
   11106 -0.36020E-004
   11107 -0.38282E-004
   11108 -0.40440E-004
   11109 -0.42500E-004
   11110 -0.44466E-004
   11111 -0.46345E-004
   11112 -0.48143E-004
   11113 -0.78716E-005
   11114 -0.80982E-005
   11115 -0.84740E-005
   11116 -0.89901E-005
   11117 -0.96414E-005
   11118 -0.10416E-004
   11119 -0.11304E-004
   11120 -0.12293E-004
   11121 -0.13371E-004
   11122 -0.14524E-004
   11123 -0.15739E-004
   11124 -0.17005E-004
   11125 -0.18309E-004
   11126 -0.19641E-004
   11127 -0.20990E-004
   11128 -0.22349E-004
   11129 -0.23708E-004
   11130 -0.25064E-004
   11131 -0.26408E-004
   11132 -0.27737E-004
   11133 -0.29048E-004
   11134 -0.30338E-004
   11135 -0.31604E-004
   11136 -0.32845E-004
   11137 -0.34060E-004
   11138 -0.35250E-004
   11139 -0.36412E-004
   11140 -0.37548E-004
   11141 -0.38657E-004
   11142 -0.39741E-004
   11143 -0.40799E-004
   11144 -0.41833E-004
   11145 -0.42843E-004
   11146 -0.43829E-004
   11147 -0.44794E-004
   11148 -0.45736E-004
   11149 -0.46658E-004
   11150 -0.47560E-004
   11151 -0.48443E-004
   11152 -0.69078E-005
   11153 -0.78166E-005
   11154 -0.92690E-005
   11155 -0.11181E-004
   11156 -0.13453E-004
   11157 -0.15980E-004
   11158 -0.18663E-004
   11159 -0.21419E-004
   11160 -0.24180E-004
   11161 -0.26899E-004
   11162 -0.29542E-004
   11163 -0.32090E-004
   11164 -0.34532E-004
   11165 -0.36865E-004
   11166 -0.39090E-004
   11167 -0.41212E-004
   11168 -0.43237E-004
   11169 -0.45170E-004
   11170 -0.47018E-004
   11171 -0.55704E-005
   11172 -0.58052E-005
   11173 -0.61946E-005
   11174 -0.67294E-005
   11175 -0.74042E-005
   11176 -0.82066E-005
   11177 -0.91271E-005
   11178 -0.10152E-004
   11179 -0.11268E-004
   11180 -0.12462E-004
   11181 -0.13721E-004
   11182 -0.15031E-004
   11183 -0.16380E-004
   11184 -0.17758E-004
   11185 -0.19154E-004
   11186 -0.20558E-004
   11187 -0.21964E-004
   11188 -0.23364E-004
   11189 -0.24751E-004
   11190 -0.26124E-004
   11191 -0.27476E-004
   11192 -0.28807E-004
   11193 -0.30112E-004
   11194 -0.31392E-004
   11195 -0.32644E-004
   11196 -0.33868E-004
   11197 -0.35065E-004
   11198 -0.36234E-004
   11199 -0.37375E-004
   11200 -0.38489E-004
   11201 -0.39577E-004
   11202 -0.40639E-004
   11203 -0.41677E-004
   11204 -0.42690E-004
   11205 -0.43680E-004
   11206 -0.44647E-004
   11207 -0.45592E-004
   11208 -0.46517E-004
   11209 -0.47423E-004
   11210 -0.47945E-005
   11211 -0.57330E-005
   11212 -0.72331E-005
   11213 -0.92080E-005
   11214 -0.11554E-004
   11215 -0.14161E-004
   11216 -0.16930E-004
   11217 -0.19771E-004
   11218 -0.22616E-004
   11219 -0.25415E-004
   11220 -0.28134E-004
   11221 -0.30753E-004
   11222 -0.33262E-004
   11223 -0.35657E-004
   11224 -0.37940E-004
   11225 -0.40116E-004
   11226 -0.42190E-004
   11227 -0.44170E-004
   11228 -0.46061E-004
   11229 -0.36374E-005
   11230 -0.38792E-005
   11231 -0.42802E-005
   11232 -0.48308E-005
   11233 -0.55255E-005
   11234 -0.63516E-005
   11235 -0.72991E-005
   11236 -0.83536E-005
   11237 -0.95025E-005
   11238 -0.10731E-004
   11239 -0.12026E-004
   11240 -0.13375E-004
   11241 -0.14762E-004
   11242 -0.16180E-004
   11243 -0.17614E-004
   11244 -0.19058E-004
   11245 -0.20502E-004
   11246 -0.21940E-004
   11247 -0.23365E-004
   11248 -0.24774E-004
   11249 -0.26162E-004
   11250 -0.27526E-004
   11251 -0.28865E-004
   11252 -0.30176E-004
   11253 -0.31459E-004
   11254 -0.32714E-004
   11255 -0.33939E-004
   11256 -0.35136E-004
   11257 -0.36304E-004
   11258 -0.37444E-004
   11259 -0.38557E-004
   11260 -0.39643E-004
   11261 -0.40704E-004
   11262 -0.41739E-004
   11263 -0.42751E-004
   11264 -0.43739E-004
   11265 -0.44705E-004
   11266 -0.45649E-004
   11267 -0.46574E-004
   11268 -0.30635E-005
   11269 -0.40266E-005
   11270 -0.55658E-005
   11271 -0.75922E-005
   11272 -0.99987E-005
   11273 -0.12673E-004
   11274 -0.15512E-004
   11275 -0.18423E-004
   11276 -0.21338E-004
   11277 -0.24203E-004
   11278 -0.26985E-004
   11279 -0.29663E-004
   11280 -0.32227E-004
   11281 -0.34673E-004
   11282 -0.37003E-004
   11283 -0.39223E-004
   11284 -0.41338E-004
   11285 -0.43356E-004
   11286 -0.45283E-004
   11287 -0.21023E-005
   11288 -0.23497E-005
   11289 -0.27597E-005
   11290 -0.33229E-005
   11291 -0.40335E-005
   11292 -0.48784E-005
   11293 -0.58476E-005
   11294 -0.69262E-005
   11295 -0.81012E-005
   11296 -0.93578E-005
   11297 -0.10682E-004
   11298 -0.12060E-004
   11299 -0.13479E-004
   11300 -0.14927E-004
   11301 -0.16393E-004
   11302 -0.17868E-004
   11303 -0.19343E-004
   11304 -0.20811E-004
   11305 -0.22266E-004
   11306 -0.23704E-004
   11307 -0.25120E-004
   11308 -0.26512E-004
   11309 -0.27877E-004
   11310 -0.29215E-004
   11311 -0.30522E-004
   11312 -0.31801E-004
   11313 -0.33049E-004
   11314 -0.34268E-004
   11315 -0.35458E-004
   11316 -0.36618E-004
   11317 -0.37751E-004
   11318 -0.38856E-004
   11319 -0.39935E-004
   11320 -0.40989E-004
   11321 -0.42017E-004
   11322 -0.43022E-004
   11323 -0.44003E-004
   11324 -0.44963E-004
   11325 -0.45902E-004
   11326 -0.17411E-005
   11327 -0.27230E-005
   11328 -0.42924E-005
   11329 -0.63583E-005
   11330 -0.88115E-005
   11331 -0.11538E-004
   11332 -0.14430E-004
   11333 -0.17395E-004
   11334 -0.20363E-004
   11335 -0.23279E-004
   11336 -0.26109E-004
   11337 -0.28833E-004
   11338 -0.31438E-004
   11339 -0.33924E-004
   11340 -0.36291E-004
   11341 -0.38544E-004
   11342 -0.40691E-004
   11343 -0.42737E-004
   11344 -0.44692E-004
   11345 -0.98820E-006
   11346 -0.12396E-005
   11347 -0.16564E-005
   11348 -0.22287E-005
   11349 -0.29508E-005
   11350 -0.38096E-005
   11351 -0.47945E-005
   11352 -0.58905E-005
   11353 -0.70845E-005
   11354 -0.83613E-005
   11355 -0.97067E-005
   11356 -0.11107E-004
   11357 -0.12548E-004
   11358 -0.14019E-004
   11359 -0.15508E-004
   11360 -0.17006E-004
   11361 -0.18503E-004
   11362 -0.19994E-004
   11363 -0.21470E-004
   11364 -0.22929E-004
   11365 -0.24366E-004
   11366 -0.25778E-004
   11367 -0.27162E-004
   11368 -0.28518E-004
   11369 -0.29844E-004
   11370 -0.31140E-004
   11371 -0.32405E-004
   11372 -0.33640E-004
   11373 -0.34845E-004
   11374 -0.36021E-004
   11375 -0.37168E-004
   11376 -0.38287E-004
   11377 -0.39380E-004
   11378 -0.40446E-004
   11379 -0.41487E-004
   11380 -0.42504E-004
   11381 -0.43497E-004
   11382 -0.44468E-004
   11383 -0.45418E-004
   11384 -0.84775E-006
   11385 -0.18425E-005
   11386 -0.34323E-005
   11387 -0.55249E-005
   11388 -0.80096E-005
   11389 -0.10771E-004
   11390 -0.13699E-004
   11391 -0.16702E-004
   11392 -0.19705E-004
   11393 -0.22656E-004
   11394 -0.25519E-004
   11395 -0.28273E-004
   11396 -0.30907E-004
   11397 -0.33419E-004
   11398 -0.35811E-004
   11399 -0.38087E-004
   11400 -0.40255E-004
   11401 -0.42321E-004
   11402 -0.44293E-004
   11403 -0.31285E-006
   11404 -0.56655E-006
   11405 -0.98733E-006
   11406 -0.15653E-005
   11407 -0.22945E-005
   11408 -0.31614E-005
   11409 -0.41559E-005
   11410 -0.52625E-005
   11411 -0.64680E-005
   11412 -0.77573E-005
   11413 -0.91156E-005
   11414 -0.10529E-004
   11415 -0.11984E-004
   11416 -0.13469E-004
   11417 -0.14972E-004
   11418 -0.16483E-004
   11419 -0.17994E-004
   11420 -0.19498E-004
   11421 -0.20988E-004
   11422 -0.22460E-004
   11423 -0.23909E-004
   11424 -0.25334E-004
   11425 -0.26730E-004
   11426 -0.28097E-004
   11427 -0.29434E-004
   11428 -0.30740E-004
   11429 -0.32016E-004
   11430 -0.33261E-004
   11431 -0.34475E-004
   11432 -0.35660E-004
   11433 -0.36816E-004
   11434 -0.37943E-004
   11435 -0.39044E-004
   11436 -0.40118E-004
   11437 -0.41166E-004
   11438 -0.42190E-004
   11439 -0.43190E-004
   11440 -0.44168E-004
   11441 -0.45125E-004
   11442 -0.39764E-006
   11443 -0.13988E-005
   11444 -0.29987E-005
   11445 -0.51049E-005
   11446 -0.76056E-005
   11447 -0.10384E-004
   11448 -0.13331E-004
   11449 -0.16352E-004
   11450 -0.19374E-004
   11451 -0.22342E-004
   11452 -0.25222E-004
   11453 -0.27991E-004
   11454 -0.30640E-004
   11455 -0.33165E-004
   11456 -0.35569E-004
   11457 -0.37857E-004
   11458 -0.40035E-004
   11459 -0.42112E-004
   11460 -0.44093E-004
