	NODE	Uy
       1  0.27713E-005
      22 -0.13471E-005
      23 -0.13470E-005
      24 -0.13471E-005
      25 -0.13471E-005
      26 -0.13472E-005
      27 -0.13472E-005
      28 -0.13472E-005
      29 -0.13471E-005
      30 -0.13470E-005
      31 -0.13467E-005
      32 -0.13463E-005
      33 -0.13456E-005
      34 -0.13448E-005
      35 -0.13435E-005
      36 -0.13420E-005
      37 -0.13401E-005
      38 -0.13378E-005
      39 -0.13349E-005
      40 -0.13316E-005
      41 -0.13276E-005
      42 -0.13230E-005
      43 -0.13177E-005
      44 -0.13116E-005
      45 -0.13047E-005
      46 -0.12970E-005
      47 -0.12883E-005
      48 -0.12787E-005
      49 -0.12680E-005
      50 -0.12563E-005
      51 -0.12435E-005
      52 -0.12296E-005
      53 -0.12146E-005
      54 -0.11985E-005
      55 -0.11812E-005
      56 -0.11627E-005
      57 -0.11431E-005
      58 -0.11222E-005
      59 -0.11002E-005
      60 -0.10769E-005
      61 -0.10524E-005
      62 -0.10266E-005
      63 -0.99950E-006
      64 -0.97117E-006
      65 -0.94162E-006
      66 -0.91094E-006
      67 -0.87909E-006
      68 -0.84616E-006
      69 -0.81210E-006
      70 -0.77703E-006
      71 -0.74092E-006
      72 -0.70382E-006
      73 -0.66575E-006
      74 -0.62676E-006
      75 -0.58684E-006
      76 -0.54606E-006
      77 -0.50431E-006
      78 -0.46171E-006
      79 -0.41827E-006
      80 -0.37414E-006
      81 -0.32930E-006
      82 -0.28389E-006
      83 -0.23789E-006
      84 -0.19138E-006
      85 -0.14437E-006
      86 -0.96938E-007
      87 -0.49093E-007
      88 -0.88283E-009
      89  0.47667E-007
      90  0.96518E-007
      91  0.14565E-006
      92  0.19503E-006
      93  0.24464E-006
      94  0.29446E-006
      95  0.34452E-006
      96  0.39480E-006
      97  0.44524E-006
      98  0.49575E-006
      99  0.54630E-006
     100  0.59685E-006
     101  0.64737E-006
     102  0.69782E-006
     103  0.74818E-006
     104  0.79843E-006
     105  0.84855E-006
     106  0.89852E-006
     107  0.94832E-006
     108  0.99794E-006
     109  0.10474E-005
     110  0.10966E-005
     111  0.11456E-005
     112  0.11943E-005
     113  0.12429E-005
     114  0.12911E-005
     115  0.13392E-005
     116  0.13869E-005
     117  0.14344E-005
     118  0.14817E-005
     119  0.15286E-005
     120  0.15753E-005
     121  0.16217E-005
     122  0.16679E-005
     123  0.17138E-005
     124  0.17594E-005
     125  0.18048E-005
     126  0.18499E-005
     127  0.18948E-005
     128  0.19395E-005
     129  0.19839E-005
     130  0.20280E-005
     131  0.20718E-005
     132  0.21154E-005
     133  0.21586E-005
     134  0.22015E-005
     135  0.22442E-005
     136  0.22865E-005
     137  0.23285E-005
     138  0.23702E-005
     139  0.24117E-005
     140  0.24528E-005
     141  0.24936E-005
     142  0.25341E-005
     143  0.25744E-005
     144  0.26143E-005
     145  0.26540E-005
     146  0.26934E-005
     147  0.27324E-005
    2165   0.0000     
    2185  0.27374E-005
    2186 -0.16578E-008
    2187 -0.65754E-008
    2188 -0.14754E-007
    2189 -0.26097E-007
    2190 -0.40560E-007
    2191 -0.58003E-007
    2192 -0.78344E-007
    2193 -0.10138E-006
    2194 -0.12693E-006
    2195 -0.15479E-006
    2196 -0.18483E-006
    2197 -0.21678E-006
    2198 -0.25050E-006
    2199 -0.28575E-006
    2200 -0.32227E-006
    2201 -0.35981E-006
    2202 -0.39804E-006
    2203 -0.43666E-006
    2204 -0.47551E-006
    2205 -0.51432E-006
    2206 -0.55291E-006
    2207 -0.59106E-006
    2208 -0.62842E-006
    2209 -0.66473E-006
    2210 -0.69982E-006
    2211 -0.73352E-006
    2212 -0.76567E-006
    2213 -0.79613E-006
    2214 -0.82451E-006
    2215 -0.85077E-006
    2216 -0.87485E-006
    2217 -0.89659E-006
    2218 -0.91594E-006
    2219 -0.93269E-006
    2220 -0.94672E-006
    2221 -0.95818E-006
    2222 -0.96689E-006
    2223 -0.97288E-006
    2224 -0.97603E-006
    2225 -0.97631E-006
    2226 -0.97394E-006
    2227 -0.96881E-006
    2228 -0.96094E-006
    2229 -0.95034E-006
    2230 -0.93702E-006
    2231 -0.92118E-006
    2232 -0.90286E-006
    2233 -0.88210E-006
    2234 -0.85886E-006
    2235 -0.83330E-006
    2236 -0.80554E-006
    2237 -0.77571E-006
    2238 -0.74388E-006
    2239 -0.71010E-006
    2240 -0.67439E-006
    2241 -0.63688E-006
    2242 -0.59774E-006
    2243 -0.55711E-006
    2244 -0.51507E-006
    2245 -0.47165E-006
    2246 -0.42696E-006
    2247 -0.38103E-006
    2248 -0.33391E-006
    2249 -0.28582E-006
    2250 -0.23690E-006
    2251 -0.18719E-006
    2252 -0.13677E-006
    2253 -0.85693E-007
    2254 -0.34000E-007
    2255  0.18253E-007
    2256  0.71052E-007
    2257  0.12432E-006
    2258  0.17787E-006
    2259  0.23163E-006
    2260  0.28554E-006
    2261  0.33957E-006
    2262  0.39367E-006
    2263  0.44782E-006
    2264  0.50198E-006
    2265  0.55613E-006
    2266  0.61024E-006
    2267  0.66431E-006
    2268  0.71830E-006
    2269  0.77224E-006
    2270  0.82607E-006
    2271  0.87965E-006
    2272  0.93295E-006
    2273  0.98595E-006
    2274  0.10386E-005
    2275  0.10910E-005
    2276  0.11430E-005
    2277  0.11946E-005
    2278  0.12459E-005
    2279  0.12968E-005
    2280  0.13474E-005
    2281  0.13975E-005
    2282  0.14473E-005
    2283  0.14967E-005
    2284  0.15458E-005
    2285  0.15944E-005
    2286  0.16427E-005
    2287  0.16906E-005
    2288  0.17382E-005
    2289  0.17853E-005
    2290  0.18322E-005
    2291  0.18786E-005
    2292  0.19248E-005
    2293  0.19706E-005
    2294  0.20162E-005
    2295  0.20614E-005
    2296  0.21063E-005
    2297  0.21508E-005
    2298  0.21950E-005
    2299  0.22388E-005
    2300  0.22822E-005
    2301  0.23253E-005
    2302  0.23680E-005
    2303  0.24104E-005
    2304  0.24524E-005
    2305  0.24941E-005
    2306  0.25354E-005
    2307  0.25765E-005
    2308  0.26172E-005
    2309  0.26576E-005
    2310  0.26976E-005
    7768 -0.13361E-005
    7769 -0.13240E-005
    7770 -0.13106E-005
    7771 -0.12959E-005
    7772 -0.12800E-005
    7773 -0.12626E-005
    7774 -0.12438E-005
    7775 -0.12234E-005
    7776 -0.12015E-005
    7777 -0.11777E-005
    7778 -0.11521E-005
    7779 -0.11247E-005
    7780 -0.10953E-005
    7781 -0.10640E-005
    7782 -0.10305E-005
    7783 -0.99492E-006
    7784 -0.95707E-006
    7785 -0.91709E-006
    7786 -0.87492E-006
    7787 -0.83057E-006
    7788 -0.78402E-006
    7789 -0.73555E-006
    7790 -0.68527E-006
    7791 -0.63341E-006
    7792 -0.58014E-006
    7793 -0.52600E-006
    7794 -0.47130E-006
    7795 -0.41657E-006
    7796 -0.36238E-006
    7797 -0.30944E-006
    7798 -0.25834E-006
    7799 -0.20981E-006
    7800 -0.16468E-006
    7801 -0.12369E-006
    7802 -0.87626E-007
    7803 -0.56994E-007
    7804 -0.32496E-007
    7805 -0.14543E-007
    7806 -0.37097E-008
    7807  0.27374E-005
    7808  0.27375E-005
    7809  0.27376E-005
    7810  0.27378E-005
    7811  0.27380E-005
    7812  0.27382E-005
    7813  0.27385E-005
    7814  0.27388E-005
    7815  0.27392E-005
    7816  0.27396E-005
    7817  0.27401E-005
    7818  0.27406E-005
    7819  0.27412E-005
    7820  0.27417E-005
    7821  0.27424E-005
    7822  0.27431E-005
    7823  0.27438E-005
    7824  0.27445E-005
    7825  0.27453E-005
    7826  0.27462E-005
    7827  0.27471E-005
    7828  0.27480E-005
    7829  0.27490E-005
    7830  0.27500E-005
    7831  0.27510E-005
    7832  0.27521E-005
    7833  0.27532E-005
    7834  0.27544E-005
    7835  0.27556E-005
    7836  0.27568E-005
    7837  0.27581E-005
    7838  0.27594E-005
    7839  0.27607E-005
    7840  0.27621E-005
    7841  0.27636E-005
    7842  0.27650E-005
    7843  0.27665E-005
    7844  0.27681E-005
    7845  0.27696E-005
    7846  0.26977E-005
    7847  0.26980E-005
    7848  0.26985E-005
    7849  0.26991E-005
    7850  0.27000E-005
    7851  0.27010E-005
    7852  0.27021E-005
    7853  0.27035E-005
    7854  0.27050E-005
    7855  0.27067E-005
    7856  0.27086E-005
    7857  0.27106E-005
    7858  0.27128E-005
    7859  0.27151E-005
    7860  0.27176E-005
    7861  0.27203E-005
    7862  0.27231E-005
    7863  0.27261E-005
    7864  0.27292E-005
    7865  0.26576E-005
    7866  0.26576E-005
    7867  0.26578E-005
    7868  0.26579E-005
    7869  0.26582E-005
    7870  0.26584E-005
    7871  0.26587E-005
    7872  0.26591E-005
    7873  0.26595E-005
    7874  0.26600E-005
    7875  0.26605E-005
    7876  0.26610E-005
    7877  0.26616E-005
    7878  0.26622E-005
    7879  0.26629E-005
    7880  0.26636E-005
    7881  0.26644E-005
    7882  0.26652E-005
    7883  0.26661E-005
    7884  0.26670E-005
    7885  0.26679E-005
    7886  0.26689E-005
    7887  0.26699E-005
    7888  0.26710E-005
    7889  0.26721E-005
    7890  0.26732E-005
    7891  0.26744E-005
    7892  0.26756E-005
    7893  0.26769E-005
    7894  0.26782E-005
    7895  0.26795E-005
    7896  0.26809E-005
    7897  0.26823E-005
    7898  0.26838E-005
    7899  0.26853E-005
    7900  0.26868E-005
    7901  0.26884E-005
    7902  0.26900E-005
    7903  0.26917E-005
    7904  0.26173E-005
    7905  0.26176E-005
    7906  0.26181E-005
    7907  0.26188E-005
    7908  0.26197E-005
    7909  0.26208E-005
    7910  0.26220E-005
    7911  0.26235E-005
    7912  0.26251E-005
    7913  0.26269E-005
    7914  0.26289E-005
    7915  0.26310E-005
    7916  0.26333E-005
    7917  0.26358E-005
    7918  0.26385E-005
    7919  0.26412E-005
    7920  0.26442E-005
    7921  0.26473E-005
    7922  0.26506E-005
    7923  0.25765E-005
    7924  0.25766E-005
    7925  0.25767E-005
    7926  0.25769E-005
    7927  0.25771E-005
    7928  0.25774E-005
    7929  0.25777E-005
    7930  0.25781E-005
    7931  0.25786E-005
    7932  0.25791E-005
    7933  0.25796E-005
    7934  0.25802E-005
    7935  0.25808E-005
    7936  0.25815E-005
    7937  0.25822E-005
    7938  0.25830E-005
    7939  0.25838E-005
    7940  0.25847E-005
    7941  0.25856E-005
    7942  0.25865E-005
    7943  0.25875E-005
    7944  0.25886E-005
    7945  0.25897E-005
    7946  0.25908E-005
    7947  0.25919E-005
    7948  0.25932E-005
    7949  0.25944E-005
    7950  0.25957E-005
    7951  0.25970E-005
    7952  0.25984E-005
    7953  0.25998E-005
    7954  0.26013E-005
    7955  0.26028E-005
    7956  0.26043E-005
    7957  0.26059E-005
    7958  0.26075E-005
    7959  0.26091E-005
    7960  0.26108E-005
    7961  0.26126E-005
    7962  0.25356E-005
    7963  0.25359E-005
    7964  0.25364E-005
    7965  0.25372E-005
    7966  0.25381E-005
    7967  0.25393E-005
    7968  0.25406E-005
    7969  0.25422E-005
    7970  0.25439E-005
    7971  0.25459E-005
    7972  0.25479E-005
    7973  0.25502E-005
    7974  0.25527E-005
    7975  0.25553E-005
    7976  0.25581E-005
    7977  0.25610E-005
    7978  0.25641E-005
    7979  0.25674E-005
    7980  0.25708E-005
    7981  0.24941E-005
    7982  0.24942E-005
    7983  0.24943E-005
    7984  0.24945E-005
    7985  0.24948E-005
    7986  0.24951E-005
    7987  0.24955E-005
    7988  0.24959E-005
    7989  0.24964E-005
    7990  0.24969E-005
    7991  0.24974E-005
    7992  0.24981E-005
    7993  0.24988E-005
    7994  0.24995E-005
    7995  0.25003E-005
    7996  0.25011E-005
    7997  0.25019E-005
    7998  0.25029E-005
    7999  0.25038E-005
    8000  0.25048E-005
    8001  0.25059E-005
    8002  0.25070E-005
    8003  0.25082E-005
    8004  0.25093E-005
    8005  0.25106E-005
    8006  0.25119E-005
    8007  0.25132E-005
    8008  0.25145E-005
    8009  0.25159E-005
    8010  0.25174E-005
    8011  0.25189E-005
    8012  0.25204E-005
    8013  0.25220E-005
    8014  0.25236E-005
    8015  0.25253E-005
    8016  0.25270E-005
    8017  0.25287E-005
    8018  0.25305E-005
    8019  0.25323E-005
    8020  0.24525E-005
    8021  0.24529E-005
    8022  0.24535E-005
    8023  0.24543E-005
    8024  0.24553E-005
    8025  0.24565E-005
    8026  0.24580E-005
    8027  0.24596E-005
    8028  0.24615E-005
    8029  0.24635E-005
    8030  0.24657E-005
    8031  0.24681E-005
    8032  0.24707E-005
    8033  0.24735E-005
    8034  0.24764E-005
    8035  0.24795E-005
    8036  0.24828E-005
    8037  0.24862E-005
    8038  0.24898E-005
    8039  0.24104E-005
    8040  0.24105E-005
    8041  0.24106E-005
    8042  0.24109E-005
    8043  0.24111E-005
    8044  0.24115E-005
    8045  0.24118E-005
    8046  0.24123E-005
    8047  0.24128E-005
    8048  0.24134E-005
    8049  0.24140E-005
    8050  0.24146E-005
    8051  0.24154E-005
    8052  0.24161E-005
    8053  0.24170E-005
    8054  0.24178E-005
    8055  0.24188E-005
    8056  0.24198E-005
    8057  0.24208E-005
    8058  0.24219E-005
    8059  0.24230E-005
    8060  0.24242E-005
    8061  0.24254E-005
    8062  0.24266E-005
    8063  0.24279E-005
    8064  0.24293E-005
    8065  0.24307E-005
    8066  0.24321E-005
    8067  0.24336E-005
    8068  0.24352E-005
    8069  0.24367E-005
    8070  0.24383E-005
    8071  0.24400E-005
    8072  0.24417E-005
    8073  0.24434E-005
    8074  0.24452E-005
    8075  0.24471E-005
    8076  0.24489E-005
    8077  0.24508E-005
    8078  0.23681E-005
    8079  0.23685E-005
    8080  0.23691E-005
    8081  0.23700E-005
    8082  0.23711E-005
    8083  0.23724E-005
    8084  0.23740E-005
    8085  0.23757E-005
    8086  0.23777E-005
    8087  0.23799E-005
    8088  0.23822E-005
    8089  0.23848E-005
    8090  0.23875E-005
    8091  0.23905E-005
    8092  0.23936E-005
    8093  0.23968E-005
    8094  0.24003E-005
    8095  0.24039E-005
    8096  0.24077E-005
    8097  0.23253E-005
    8098  0.23254E-005
    8099  0.23256E-005
    8100  0.23258E-005
    8101  0.23261E-005
    8102  0.23264E-005
    8103  0.23269E-005
    8104  0.23273E-005
    8105  0.23279E-005
    8106  0.23285E-005
    8107  0.23291E-005
    8108  0.23299E-005
    8109  0.23306E-005
    8110  0.23315E-005
    8111  0.23323E-005
    8112  0.23333E-005
    8113  0.23343E-005
    8114  0.23353E-005
    8115  0.23364E-005
    8116  0.23376E-005
    8117  0.23388E-005
    8118  0.23400E-005
    8119  0.23413E-005
    8120  0.23426E-005
    8121  0.23440E-005
    8122  0.23455E-005
    8123  0.23469E-005
    8124  0.23485E-005
    8125  0.23500E-005
    8126  0.23517E-005
    8127  0.23533E-005
    8128  0.23550E-005
    8129  0.23568E-005
    8130  0.23586E-005
    8131  0.23604E-005
    8132  0.23623E-005
    8133  0.23642E-005
    8134  0.23662E-005
    8135  0.23682E-005
    8136  0.22823E-005
    8137  0.22827E-005
    8138  0.22834E-005
    8139  0.22843E-005
    8140  0.22855E-005
    8141  0.22869E-005
    8142  0.22886E-005
    8143  0.22905E-005
    8144  0.22926E-005
    8145  0.22949E-005
    8146  0.22974E-005
    8147  0.23001E-005
    8148  0.23031E-005
    8149  0.23061E-005
    8150  0.23094E-005
    8151  0.23129E-005
    8152  0.23165E-005
    8153  0.23204E-005
    8154  0.23243E-005
    8155  0.22388E-005
    8156  0.22389E-005
    8157  0.22391E-005
    8158  0.22393E-005
    8159  0.22396E-005
    8160  0.22400E-005
    8161  0.22405E-005
    8162  0.22410E-005
    8163  0.22416E-005
    8164  0.22422E-005
    8165  0.22429E-005
    8166  0.22437E-005
    8167  0.22445E-005
    8168  0.22454E-005
    8169  0.22463E-005
    8170  0.22474E-005
    8171  0.22484E-005
    8172  0.22495E-005
    8173  0.22507E-005
    8174  0.22519E-005
    8175  0.22532E-005
    8176  0.22545E-005
    8177  0.22559E-005
    8178  0.22573E-005
    8179  0.22588E-005
    8180  0.22603E-005
    8181  0.22619E-005
    8182  0.22635E-005
    8183  0.22652E-005
    8184  0.22669E-005
    8185  0.22686E-005
    8186  0.22704E-005
    8187  0.22723E-005
    8188  0.22742E-005
    8189  0.22761E-005
    8190  0.22781E-005
    8191  0.22801E-005
    8192  0.22822E-005
    8193  0.22843E-005
    8194  0.21951E-005
    8195  0.21955E-005
    8196  0.21963E-005
    8197  0.21973E-005
    8198  0.21985E-005
    8199  0.22001E-005
    8200  0.22018E-005
    8201  0.22039E-005
    8202  0.22061E-005
    8203  0.22086E-005
    8204  0.22113E-005
    8205  0.22142E-005
    8206  0.22173E-005
    8207  0.22205E-005
    8208  0.22240E-005
    8209  0.22277E-005
    8210  0.22315E-005
    8211  0.22356E-005
    8212  0.22398E-005
    8213  0.21508E-005
    8214  0.21510E-005
    8215  0.21511E-005
    8216  0.21514E-005
    8217  0.21517E-005
    8218  0.21522E-005
    8219  0.21526E-005
    8220  0.21532E-005
    8221  0.21538E-005
    8222  0.21545E-005
    8223  0.21553E-005
    8224  0.21561E-005
    8225  0.21570E-005
    8226  0.21579E-005
    8227  0.21590E-005
    8228  0.21600E-005
    8229  0.21612E-005
    8230  0.21624E-005
    8231  0.21636E-005
    8232  0.21649E-005
    8233  0.21663E-005
    8234  0.21677E-005
    8235  0.21692E-005
    8236  0.21707E-005
    8237  0.21722E-005
    8238  0.21739E-005
    8239  0.21755E-005
    8240  0.21773E-005
    8241  0.21790E-005
    8242  0.21808E-005
    8243  0.21827E-005
    8244  0.21846E-005
    8245  0.21866E-005
    8246  0.21886E-005
    8247  0.21906E-005
    8248  0.21927E-005
    8249  0.21948E-005
    8250  0.21970E-005
    8251  0.21992E-005
    8252  0.21064E-005
    8253  0.21069E-005
    8254  0.21077E-005
    8255  0.21088E-005
    8256  0.21101E-005
    8257  0.21118E-005
    8258  0.21137E-005
    8259  0.21159E-005
    8260  0.21183E-005
    8261  0.21209E-005
    8262  0.21238E-005
    8263  0.21269E-005
    8264  0.21301E-005
    8265  0.21336E-005
    8266  0.21373E-005
    8267  0.21412E-005
    8268  0.21453E-005
    8269  0.21495E-005
    8270  0.21540E-005
    8271  0.20614E-005
    8272  0.20616E-005
    8273  0.20618E-005
    8274  0.20621E-005
    8275  0.20624E-005
    8276  0.20629E-005
    8277  0.20634E-005
    8278  0.20640E-005
    8279  0.20647E-005
    8280  0.20654E-005
    8281  0.20662E-005
    8282  0.20671E-005
    8283  0.20681E-005
    8284  0.20691E-005
    8285  0.20702E-005
    8286  0.20713E-005
    8287  0.20726E-005
    8288  0.20738E-005
    8289  0.20752E-005
    8290  0.20766E-005
    8291  0.20780E-005
    8292  0.20795E-005
    8293  0.20811E-005
    8294  0.20827E-005
    8295  0.20844E-005
    8296  0.20861E-005
    8297  0.20879E-005
    8298  0.20897E-005
    8299  0.20916E-005
    8300  0.20935E-005
    8301  0.20955E-005
    8302  0.20975E-005
    8303  0.20996E-005
    8304  0.21017E-005
    8305  0.21038E-005
    8306  0.21060E-005
    8307  0.21083E-005
    8308  0.21106E-005
    8309  0.21130E-005
    8310  0.20163E-005
    8311  0.20169E-005
    8312  0.20177E-005
    8313  0.20189E-005
    8314  0.20203E-005
    8315  0.20221E-005
    8316  0.20242E-005
    8317  0.20265E-005
    8318  0.20291E-005
    8319  0.20319E-005
    8320  0.20350E-005
    8321  0.20382E-005
    8322  0.20417E-005
    8323  0.20454E-005
    8324  0.20493E-005
    8325  0.20535E-005
    8326  0.20578E-005
    8327  0.20623E-005
    8328  0.20669E-005
    8329  0.19707E-005
    8330  0.19708E-005
    8331  0.19710E-005
    8332  0.19713E-005
    8333  0.19717E-005
    8334  0.19722E-005
    8335  0.19728E-005
    8336  0.19734E-005
    8337  0.19741E-005
    8338  0.19749E-005
    8339  0.19758E-005
    8340  0.19768E-005
    8341  0.19778E-005
    8342  0.19789E-005
    8343  0.19801E-005
    8344  0.19813E-005
    8345  0.19826E-005
    8346  0.19840E-005
    8347  0.19854E-005
    8348  0.19869E-005
    8349  0.19884E-005
    8350  0.19900E-005
    8351  0.19917E-005
    8352  0.19934E-005
    8353  0.19952E-005
    8354  0.19970E-005
    8355  0.19989E-005
    8356  0.20009E-005
    8357  0.20028E-005
    8358  0.20049E-005
    8359  0.20070E-005
    8360  0.20091E-005
    8361  0.20113E-005
    8362  0.20135E-005
    8363  0.20158E-005
    8364  0.20182E-005
    8365  0.20206E-005
    8366  0.20230E-005
    8367  0.20255E-005
    8368  0.19250E-005
    8369  0.19255E-005
    8370  0.19264E-005
    8371  0.19277E-005
    8372  0.19292E-005
    8373  0.19311E-005
    8374  0.19333E-005
    8375  0.19358E-005
    8376  0.19386E-005
    8377  0.19416E-005
    8378  0.19448E-005
    8379  0.19483E-005
    8380  0.19520E-005
    8381  0.19560E-005
    8382  0.19601E-005
    8383  0.19645E-005
    8384  0.19690E-005
    8385  0.19738E-005
    8386  0.19787E-005
    8387  0.18787E-005
    8388  0.18788E-005
    8389  0.18791E-005
    8390  0.18794E-005
    8391  0.18798E-005
    8392  0.18803E-005
    8393  0.18809E-005
    8394  0.18816E-005
    8395  0.18824E-005
    8396  0.18833E-005
    8397  0.18842E-005
    8398  0.18852E-005
    8399  0.18863E-005
    8400  0.18875E-005
    8401  0.18887E-005
    8402  0.18900E-005
    8403  0.18914E-005
    8404  0.18929E-005
    8405  0.18944E-005
    8406  0.18960E-005
    8407  0.18976E-005
    8408  0.18993E-005
    8409  0.19011E-005
    8410  0.19029E-005
    8411  0.19048E-005
    8412  0.19067E-005
    8413  0.19087E-005
    8414  0.19108E-005
    8415  0.19129E-005
    8416  0.19151E-005
    8417  0.19173E-005
    8418  0.19195E-005
    8419  0.19219E-005
    8420  0.19242E-005
    8421  0.19266E-005
    8422  0.19291E-005
    8423  0.19316E-005
    8424  0.19342E-005
    8425  0.19368E-005
    8426  0.18324E-005
    8427  0.18329E-005
    8428  0.18339E-005
    8429  0.18353E-005
    8430  0.18369E-005
    8431  0.18390E-005
    8432  0.18413E-005
    8433  0.18440E-005
    8434  0.18469E-005
    8435  0.18501E-005
    8436  0.18536E-005
    8437  0.18573E-005
    8438  0.18612E-005
    8439  0.18654E-005
    8440  0.18698E-005
    8441  0.18743E-005
    8442  0.18792E-005
    8443  0.18842E-005
    8444  0.18894E-005
    8445  0.17854E-005
    8446  0.17855E-005
    8447  0.17858E-005
    8448  0.17862E-005
    8449  0.17866E-005
    8450  0.17872E-005
    8451  0.17878E-005
    8452  0.17886E-005
    8453  0.17894E-005
    8454  0.17903E-005
    8455  0.17913E-005
    8456  0.17924E-005
    8457  0.17936E-005
    8458  0.17949E-005
    8459  0.17962E-005
    8460  0.17976E-005
    8461  0.17991E-005
    8462  0.18006E-005
    8463  0.18023E-005
    8464  0.18039E-005
    8465  0.18057E-005
    8466  0.18075E-005
    8467  0.18094E-005
    8468  0.18113E-005
    8469  0.18133E-005
    8470  0.18154E-005
    8471  0.18175E-005
    8472  0.18197E-005
    8473  0.18219E-005
    8474  0.18242E-005
    8475  0.18265E-005
    8476  0.18289E-005
    8477  0.18314E-005
    8478  0.18339E-005
    8479  0.18364E-005
    8480  0.18390E-005
    8481  0.18416E-005
    8482  0.18443E-005
    8483  0.18471E-005
    8484  0.17384E-005
    8485  0.17390E-005
    8486  0.17401E-005
    8487  0.17415E-005
    8488  0.17433E-005
    8489  0.17455E-005
    8490  0.17480E-005
    8491  0.17509E-005
    8492  0.17540E-005
    8493  0.17575E-005
    8494  0.17612E-005
    8495  0.17651E-005
    8496  0.17693E-005
    8497  0.17737E-005
    8498  0.17784E-005
    8499  0.17832E-005
    8500  0.17883E-005
    8501  0.17936E-005
    8502  0.17991E-005
    8503  0.16907E-005
    8504  0.16908E-005
    8505  0.16911E-005
    8506  0.16915E-005
    8507  0.16920E-005
    8508  0.16926E-005
    8509  0.16933E-005
    8510  0.16941E-005
    8511  0.16950E-005
    8512  0.16960E-005
    8513  0.16971E-005
    8514  0.16983E-005
    8515  0.16995E-005
    8516  0.17009E-005
    8517  0.17023E-005
    8518  0.17039E-005
    8519  0.17054E-005
    8520  0.17071E-005
    8521  0.17089E-005
    8522  0.17107E-005
    8523  0.17126E-005
    8524  0.17145E-005
    8525  0.17165E-005
    8526  0.17186E-005
    8527  0.17207E-005
    8528  0.17229E-005
    8529  0.17252E-005
    8530  0.17275E-005
    8531  0.17298E-005
    8532  0.17322E-005
    8533  0.17347E-005
    8534  0.17373E-005
    8535  0.17398E-005
    8536  0.17425E-005
    8537  0.17452E-005
    8538  0.17479E-005
    8539  0.17507E-005
    8540  0.17536E-005
    8541  0.17565E-005
    8542  0.16429E-005
    8543  0.16436E-005
    8544  0.16448E-005
    8545  0.16463E-005
    8546  0.16483E-005
    8547  0.16507E-005
    8548  0.16534E-005
    8549  0.16565E-005
    8550  0.16599E-005
    8551  0.16635E-005
    8552  0.16675E-005
    8553  0.16717E-005
    8554  0.16762E-005
    8555  0.16809E-005
    8556  0.16858E-005
    8557  0.16910E-005
    8558  0.16964E-005
    8559  0.17020E-005
    8560  0.17078E-005
    8561  0.15945E-005
    8562  0.15947E-005
    8563  0.15950E-005
    8564  0.15954E-005
    8565  0.15959E-005
    8566  0.15966E-005
    8567  0.15973E-005
    8568  0.15982E-005
    8569  0.15992E-005
    8570  0.16003E-005
    8571  0.16014E-005
    8572  0.16027E-005
    8573  0.16041E-005
    8574  0.16056E-005
    8575  0.16071E-005
    8576  0.16087E-005
    8577  0.16105E-005
    8578  0.16123E-005
    8579  0.16141E-005
    8580  0.16161E-005
    8581  0.16181E-005
    8582  0.16202E-005
    8583  0.16223E-005
    8584  0.16245E-005
    8585  0.16268E-005
    8586  0.16292E-005
    8587  0.16316E-005
    8588  0.16340E-005
    8589  0.16365E-005
    8590  0.16391E-005
    8591  0.16418E-005
    8592  0.16444E-005
    8593  0.16472E-005
    8594  0.16500E-005
    8595  0.16528E-005
    8596  0.16558E-005
    8597  0.16587E-005
    8598  0.16617E-005
    8599  0.16648E-005
    8600  0.15460E-005
    8601  0.15468E-005
    8602  0.15480E-005
    8603  0.15497E-005
    8604  0.15519E-005
    8605  0.15544E-005
    8606  0.15574E-005
    8607  0.15607E-005
    8608  0.15643E-005
    8609  0.15683E-005
    8610  0.15725E-005
    8611  0.15770E-005
    8612  0.15818E-005
    8613  0.15869E-005
    8614  0.15921E-005
    8615  0.15976E-005
    8616  0.16033E-005
    8617  0.16092E-005
    8618  0.16154E-005
    8619  0.14968E-005
    8620  0.14970E-005
    8621  0.14973E-005
    8622  0.14978E-005
    8623  0.14984E-005
    8624  0.14991E-005
    8625  0.14999E-005
    8626  0.15008E-005
    8627  0.15019E-005
    8628  0.15031E-005
    8629  0.15044E-005
    8630  0.15057E-005
    8631  0.15072E-005
    8632  0.15088E-005
    8633  0.15105E-005
    8634  0.15123E-005
    8635  0.15141E-005
    8636  0.15160E-005
    8637  0.15181E-005
    8638  0.15201E-005
    8639  0.15223E-005
    8640  0.15245E-005
    8641  0.15269E-005
    8642  0.15292E-005
    8643  0.15317E-005
    8644  0.15342E-005
    8645  0.15367E-005
    8646  0.15394E-005
    8647  0.15420E-005
    8648  0.15448E-005
    8649  0.15476E-005
    8650  0.15505E-005
    8651  0.15534E-005
    8652  0.15563E-005
    8653  0.15594E-005
    8654  0.15625E-005
    8655  0.15656E-005
    8656  0.15688E-005
    8657  0.15720E-005
    8658  0.14476E-005
    8659  0.14484E-005
    8660  0.14498E-005
    8661  0.14516E-005
    8662  0.14539E-005
    8663  0.14567E-005
    8664  0.14599E-005
    8665  0.14635E-005
    8666  0.14674E-005
    8667  0.14717E-005
    8668  0.14762E-005
    8669  0.14811E-005
    8670  0.14862E-005
    8671  0.14916E-005
    8672  0.14972E-005
    8673  0.15030E-005
    8674  0.15091E-005
    8675  0.15154E-005
    8676  0.15219E-005
    8677  0.13976E-005
    8678  0.13978E-005
    8679  0.13982E-005
    8680  0.13987E-005
    8681  0.13993E-005
    8682  0.14001E-005
    8683  0.14010E-005
    8684  0.14020E-005
    8685  0.14031E-005
    8686  0.14044E-005
    8687  0.14058E-005
    8688  0.14073E-005
    8689  0.14089E-005
    8690  0.14106E-005
    8691  0.14124E-005
    8692  0.14143E-005
    8693  0.14163E-005
    8694  0.14184E-005
    8695  0.14206E-005
    8696  0.14229E-005
    8697  0.14252E-005
    8698  0.14276E-005
    8699  0.14301E-005
    8700  0.14326E-005
    8701  0.14352E-005
    8702  0.14379E-005
    8703  0.14406E-005
    8704  0.14434E-005
    8705  0.14463E-005
    8706  0.14492E-005
    8707  0.14522E-005
    8708  0.14553E-005
    8709  0.14584E-005
    8710  0.14615E-005
    8711  0.14648E-005
    8712  0.14680E-005
    8713  0.14714E-005
    8714  0.14747E-005
    8715  0.14782E-005
    8716  0.13477E-005
    8717  0.13486E-005
    8718  0.13500E-005
    8719  0.13520E-005
    8720  0.13545E-005
    8721  0.13575E-005
    8722  0.13610E-005
    8723  0.13649E-005
    8724  0.13691E-005
    8725  0.13737E-005
    8726  0.13786E-005
    8727  0.13838E-005
    8728  0.13893E-005
    8729  0.13950E-005
    8730  0.14010E-005
    8731  0.14072E-005
    8732  0.14137E-005
    8733  0.14204E-005
    8734  0.14273E-005
    8735  0.12969E-005
    8736  0.12971E-005
    8737  0.12975E-005
    8738  0.12981E-005
    8739  0.12988E-005
    8740  0.12996E-005
    8741  0.13006E-005
    8742  0.13017E-005
    8743  0.13029E-005
    8744  0.13043E-005
    8745  0.13058E-005
    8746  0.13074E-005
    8747  0.13092E-005
    8748  0.13110E-005
    8749  0.13130E-005
    8750  0.13150E-005
    8751  0.13172E-005
    8752  0.13194E-005
    8753  0.13218E-005
    8754  0.13242E-005
    8755  0.13267E-005
    8756  0.13293E-005
    8757  0.13320E-005
    8758  0.13347E-005
    8759  0.13375E-005
    8760  0.13404E-005
    8761  0.13433E-005
    8762  0.13463E-005
    8763  0.13494E-005
    8764  0.13525E-005
    8765  0.13557E-005
    8766  0.13589E-005
    8767  0.13622E-005
    8768  0.13656E-005
    8769  0.13690E-005
    8770  0.13725E-005
    8771  0.13760E-005
    8772  0.13796E-005
    8773  0.13832E-005
    8774  0.12462E-005
    8775  0.12472E-005
    8776  0.12488E-005
    8777  0.12510E-005
    8778  0.12537E-005
    8779  0.12570E-005
    8780  0.12607E-005
    8781  0.12649E-005
    8782  0.12694E-005
    8783  0.12744E-005
    8784  0.12797E-005
    8785  0.12852E-005
    8786  0.12911E-005
    8787  0.12973E-005
    8788  0.13036E-005
    8789  0.13103E-005
    8790  0.13172E-005
    8791  0.13243E-005
    8792  0.13316E-005
    8793  0.11947E-005
    8794  0.11950E-005
    8795  0.11954E-005
    8796  0.11960E-005
    8797  0.11967E-005
    8798  0.11976E-005
    8799  0.11987E-005
    8800  0.11999E-005
    8801  0.12012E-005
    8802  0.12027E-005
    8803  0.12044E-005
    8804  0.12061E-005
    8805  0.12080E-005
    8806  0.12100E-005
    8807  0.12121E-005
    8808  0.12144E-005
    8809  0.12167E-005
    8810  0.12191E-005
    8811  0.12216E-005
    8812  0.12242E-005
    8813  0.12269E-005
    8814  0.12297E-005
    8815  0.12326E-005
    8816  0.12355E-005
    8817  0.12385E-005
    8818  0.12416E-005
    8819  0.12447E-005
    8820  0.12479E-005
    8821  0.12512E-005
    8822  0.12545E-005
    8823  0.12579E-005
    8824  0.12614E-005
    8825  0.12649E-005
    8826  0.12685E-005
    8827  0.12721E-005
    8828  0.12758E-005
    8829  0.12795E-005
    8830  0.12834E-005
    8831  0.12872E-005
    8832  0.11433E-005
    8833  0.11444E-005
    8834  0.11461E-005
    8835  0.11485E-005
    8836  0.11514E-005
    8837  0.11550E-005
    8838  0.11590E-005
    8839  0.11635E-005
    8840  0.11684E-005
    8841  0.11738E-005
    8842  0.11794E-005
    8843  0.11854E-005
    8844  0.11917E-005
    8845  0.11983E-005
    8846  0.12051E-005
    8847  0.12122E-005
    8848  0.12195E-005
    8849  0.12271E-005
    8850  0.12348E-005
    8851  0.10911E-005
    8852  0.10913E-005
    8853  0.10918E-005
    8854  0.10924E-005
    8855  0.10932E-005
    8856  0.10942E-005
    8857  0.10954E-005
    8858  0.10967E-005
    8859  0.10981E-005
    8860  0.10998E-005
    8861  0.11015E-005
    8862  0.11034E-005
    8863  0.11055E-005
    8864  0.11076E-005
    8865  0.11099E-005
    8866  0.11123E-005
    8867  0.11148E-005
    8868  0.11175E-005
    8869  0.11202E-005
    8870  0.11230E-005
    8871  0.11259E-005
    8872  0.11289E-005
    8873  0.11319E-005
    8874  0.11351E-005
    8875  0.11383E-005
    8876  0.11416E-005
    8877  0.11449E-005
    8878  0.11484E-005
    8879  0.11519E-005
    8880  0.11554E-005
    8881  0.11590E-005
    8882  0.11627E-005
    8883  0.11665E-005
    8884  0.11703E-005
    8885  0.11741E-005
    8886  0.11781E-005
    8887  0.11820E-005
    8888  0.11861E-005
    8889  0.11902E-005
    8890  0.10390E-005
    8891  0.10401E-005
    8892  0.10420E-005
    8893  0.10446E-005
    8894  0.10478E-005
    8895  0.10516E-005
    8896  0.10560E-005
    8897  0.10608E-005
    8898  0.10662E-005
    8899  0.10719E-005
    8900  0.10780E-005
    8901  0.10844E-005
    8902  0.10911E-005
    8903  0.10982E-005
    8904  0.11055E-005
    8905  0.11130E-005
    8906  0.11208E-005
    8907  0.11288E-005
    8908  0.11371E-005
    8909  0.98605E-006
    8910  0.98634E-006
    8911  0.98683E-006
    8912  0.98752E-006
    8913  0.98840E-006
    8914  0.98946E-006
    8915  0.99070E-006
    8916  0.99212E-006
    8917  0.99371E-006
    8918  0.99547E-006
    8919  0.99738E-006
    8920  0.99944E-006
    8921  0.10016E-005
    8922  0.10040E-005
    8923  0.10064E-005
    8924  0.10090E-005
    8925  0.10117E-005
    8926  0.10146E-005
    8927  0.10175E-005
    8928  0.10205E-005
    8929  0.10236E-005
    8930  0.10268E-005
    8931  0.10301E-005
    8932  0.10335E-005
    8933  0.10369E-005
    8934  0.10404E-005
    8935  0.10440E-005
    8936  0.10477E-005
    8937  0.10514E-005
    8938  0.10552E-005
    8939  0.10591E-005
    8940  0.10630E-005
    8941  0.10670E-005
    8942  0.10711E-005
    8943  0.10752E-005
    8944  0.10793E-005
    8945  0.10836E-005
    8946  0.10878E-005
    8947  0.10922E-005
    8948  0.93336E-006
    8949  0.93459E-006
    8950  0.93660E-006
    8951  0.93937E-006
    8952  0.94285E-006
    8953  0.94697E-006
    8954  0.95169E-006
    8955  0.95694E-006
    8956  0.96268E-006
    8957  0.96883E-006
    8958  0.97538E-006
    8959  0.98227E-006
    8960  0.98948E-006
    8961  0.99698E-006
    8962  0.10048E-005
    8963  0.10128E-005
    8964  0.10211E-005
    8965  0.10296E-005
    8966  0.10384E-005
    8967  0.87975E-006
    8968  0.88007E-006
    8969  0.88061E-006
    8970  0.88135E-006
    8971  0.88230E-006
    8972  0.88345E-006
    8973  0.88479E-006
    8974  0.88633E-006
    8975  0.88804E-006
    8976  0.88994E-006
    8977  0.89200E-006
    8978  0.89422E-006
    8979  0.89660E-006
    8980  0.89912E-006
    8981  0.90178E-006
    8982  0.90457E-006
    8983  0.90748E-006
    8984  0.91051E-006
    8985  0.91365E-006
    8986  0.91689E-006
    8987  0.92024E-006
    8988  0.92367E-006
    8989  0.92719E-006
    8990  0.93080E-006
    8991  0.93449E-006
    8992  0.93826E-006
    8993  0.94210E-006
    8994  0.94601E-006
    8995  0.94999E-006
    8996  0.95404E-006
    8997  0.95815E-006
    8998  0.96233E-006
    8999  0.96657E-006
    9000  0.97088E-006
    9001  0.97524E-006
    9002  0.97967E-006
    9003  0.98415E-006
    9004  0.98869E-006
    9005  0.99328E-006
    9006  0.82652E-006
    9007  0.82784E-006
    9008  0.83002E-006
    9009  0.83300E-006
    9010  0.83675E-006
    9011  0.84120E-006
    9012  0.84628E-006
    9013  0.85193E-006
    9014  0.85809E-006
    9015  0.86470E-006
    9016  0.87172E-006
    9017  0.87909E-006
    9018  0.88680E-006
    9019  0.89481E-006
    9020  0.90310E-006
    9021  0.91165E-006
    9022  0.92046E-006
    9023  0.92951E-006
    9024  0.93880E-006
    9025  0.77236E-006
    9026  0.77270E-006
    9027  0.77328E-006
    9028  0.77408E-006
    9029  0.77510E-006
    9030  0.77634E-006
    9031  0.77779E-006
    9032  0.77944E-006
    9033  0.78129E-006
    9034  0.78333E-006
    9035  0.78555E-006
    9036  0.78794E-006
    9037  0.79049E-006
    9038  0.79320E-006
    9039  0.79606E-006
    9040  0.79906E-006
    9041  0.80219E-006
    9042  0.80544E-006
    9043  0.80880E-006
    9044  0.81228E-006
    9045  0.81586E-006
    9046  0.81953E-006
    9047  0.82330E-006
    9048  0.82716E-006
    9049  0.83110E-006
    9050  0.83512E-006
    9051  0.83922E-006
    9052  0.84339E-006
    9053  0.84763E-006
    9054  0.85194E-006
    9055  0.85632E-006
    9056  0.86076E-006
    9057  0.86527E-006
    9058  0.86984E-006
    9059  0.87447E-006
    9060  0.87917E-006
    9061  0.88392E-006
    9062  0.88873E-006
    9063  0.89359E-006
    9064  0.71877E-006
    9065  0.72018E-006
    9066  0.72250E-006
    9067  0.72568E-006
    9068  0.72969E-006
    9069  0.73446E-006
    9070  0.73991E-006
    9071  0.74597E-006
    9072  0.75257E-006
    9073  0.75965E-006
    9074  0.76715E-006
    9075  0.77502E-006
    9076  0.78325E-006
    9077  0.79178E-006
    9078  0.80060E-006
    9079  0.80969E-006
    9080  0.81904E-006
    9081  0.82864E-006
    9082  0.83848E-006
    9083  0.66443E-006
    9084  0.66479E-006
    9085  0.66539E-006
    9086  0.66622E-006
    9087  0.66729E-006
    9088  0.66859E-006
    9089  0.67011E-006
    9090  0.67184E-006
    9091  0.67379E-006
    9092  0.67594E-006
    9093  0.67829E-006
    9094  0.68083E-006
    9095  0.68355E-006
    9096  0.68644E-006
    9097  0.68950E-006
    9098  0.69271E-006
    9099  0.69605E-006
    9100  0.69952E-006
    9101  0.70312E-006
    9102  0.70683E-006
    9103  0.71065E-006
    9104  0.71458E-006
    9105  0.71860E-006
    9106  0.72271E-006
    9107  0.72691E-006
    9108  0.73119E-006
    9109  0.73555E-006
    9110  0.73999E-006
    9111  0.74450E-006
    9112  0.74909E-006
    9113  0.75374E-006
    9114  0.75845E-006
    9115  0.76324E-006
    9116  0.76808E-006
    9117  0.77299E-006
    9118  0.77796E-006
    9119  0.78299E-006
    9120  0.78808E-006
    9121  0.79323E-006
    9122  0.61073E-006
    9123  0.61221E-006
    9124  0.61464E-006
    9125  0.61798E-006
    9126  0.62218E-006
    9127  0.62718E-006
    9128  0.63292E-006
    9129  0.63932E-006
    9130  0.64634E-006
    9131  0.65387E-006
    9132  0.66186E-006
    9133  0.67025E-006
    9134  0.67899E-006
    9135  0.68806E-006
    9136  0.69743E-006
    9137  0.70707E-006
    9138  0.71698E-006
    9139  0.72714E-006
    9140  0.73754E-006
    9141  0.55625E-006
    9142  0.55664E-006
    9143  0.55727E-006
    9144  0.55815E-006
    9145  0.55928E-006
    9146  0.56065E-006
    9147  0.56225E-006
    9148  0.56408E-006
    9149  0.56613E-006
    9150  0.56840E-006
    9151  0.57086E-006
    9152  0.57353E-006
    9153  0.57637E-006
    9154  0.57939E-006
    9155  0.58258E-006
    9156  0.58593E-006
    9157  0.58944E-006
    9158  0.59309E-006
    9159  0.59689E-006
    9160  0.60082E-006
    9161  0.60487E-006
    9162  0.60904E-006
    9163  0.61331E-006
    9164  0.61767E-006
    9165  0.62213E-006
    9166  0.62667E-006
    9167  0.63130E-006
    9168  0.63601E-006
    9169  0.64079E-006
    9170  0.64565E-006
    9171  0.65057E-006
    9172  0.65557E-006
    9173  0.66063E-006
    9174  0.66576E-006
    9175  0.67095E-006
    9176  0.67620E-006
    9177  0.68152E-006
    9178  0.68689E-006
    9179  0.69233E-006
    9180  0.50250E-006
    9181  0.50406E-006
    9182  0.50663E-006
    9183  0.51016E-006
    9184  0.51459E-006
    9185  0.51985E-006
    9186  0.52587E-006
    9187  0.53258E-006
    9188  0.53990E-006
    9189  0.54778E-006
    9190  0.55617E-006
    9191  0.56503E-006
    9192  0.57428E-006
    9193  0.58387E-006
    9194  0.59378E-006
    9195  0.60398E-006
    9196  0.61444E-006
    9197  0.62517E-006
    9198  0.63615E-006
    9199  0.44795E-006
    9200  0.44836E-006
    9201  0.44903E-006
    9202  0.44996E-006
    9203  0.45115E-006
    9204  0.45260E-006
    9205  0.45429E-006
    9206  0.45622E-006
    9207  0.45839E-006
    9208  0.46077E-006
    9209  0.46337E-006
    9210  0.46618E-006
    9211  0.46918E-006
    9212  0.47236E-006
    9213  0.47572E-006
    9214  0.47924E-006
    9215  0.48292E-006
    9216  0.48675E-006
    9217  0.49071E-006
    9218  0.49481E-006
    9219  0.49903E-006
    9220  0.50337E-006
    9221  0.50782E-006
    9222  0.51239E-006
    9223  0.51707E-006
    9224  0.52185E-006
    9225  0.52673E-006
    9226  0.53170E-006
    9227  0.53674E-006
    9228  0.54186E-006
    9229  0.54706E-006
    9230  0.55233E-006
    9231  0.55767E-006
    9232  0.56307E-006
    9233  0.56855E-006
    9234  0.57408E-006
    9235  0.57968E-006
    9236  0.58534E-006
    9237  0.59107E-006
    9238  0.39422E-006
    9239  0.39587E-006
    9240  0.39858E-006
    9241  0.40230E-006
    9242  0.40698E-006
    9243  0.41253E-006
    9244  0.41887E-006
    9245  0.42593E-006
    9246  0.43363E-006
    9247  0.44189E-006
    9248  0.45065E-006
    9249  0.45987E-006
    9250  0.46951E-006
    9251  0.47954E-006
    9252  0.48994E-006
    9253  0.50067E-006
    9254  0.51168E-006
    9255  0.52296E-006
    9256  0.53451E-006
    9257  0.33971E-006
    9258  0.34013E-006
    9259  0.34084E-006
    9260  0.34182E-006
    9261  0.34308E-006
    9262  0.34460E-006
    9263  0.34639E-006
    9264  0.34843E-006
    9265  0.35071E-006
    9266  0.35322E-006
    9267  0.35596E-006
    9268  0.35892E-006
    9269  0.36208E-006
    9270  0.36543E-006
    9271  0.36896E-006
    9272  0.37267E-006
    9273  0.37654E-006
    9274  0.38056E-006
    9275  0.38473E-006
    9276  0.38903E-006
    9277  0.39346E-006
    9278  0.39801E-006
    9279  0.40267E-006
    9280  0.40744E-006
    9281  0.41232E-006
    9282  0.41729E-006
    9283  0.42235E-006
    9284  0.42751E-006
    9285  0.43276E-006
    9286  0.43810E-006
    9287  0.44352E-006
    9288  0.44904E-006
    9289  0.45463E-006
    9290  0.46031E-006
    9291  0.46605E-006
    9292  0.47186E-006
    9293  0.47774E-006
    9294  0.48368E-006
    9295  0.48968E-006
    9296  0.28612E-006
    9297  0.28785E-006
    9298  0.29070E-006
    9299  0.29462E-006
    9300  0.29954E-006
    9301  0.30538E-006
    9302  0.31206E-006
    9303  0.31948E-006
    9304  0.32757E-006
    9305  0.33625E-006
    9306  0.34544E-006
    9307  0.35510E-006
    9308  0.36517E-006
    9309  0.37562E-006
    9310  0.38642E-006
    9311  0.39756E-006
    9312  0.40903E-006
    9313  0.42081E-006
    9314  0.43289E-006
    9315  0.23178E-006
    9316  0.23222E-006
    9317  0.23296E-006
    9318  0.23399E-006
    9319  0.23531E-006
    9320  0.23691E-006
    9321  0.23879E-006
    9322  0.24092E-006
    9323  0.24332E-006
    9324  0.24596E-006
    9325  0.24884E-006
    9326  0.25194E-006
    9327  0.25526E-006
    9328  0.25878E-006
    9329  0.26250E-006
    9330  0.26639E-006
    9331  0.27045E-006
    9332  0.27468E-006
    9333  0.27905E-006
    9334  0.28356E-006
    9335  0.28821E-006
    9336  0.29298E-006
    9337  0.29787E-006
    9338  0.30286E-006
    9339  0.30797E-006
    9340  0.31317E-006
    9341  0.31847E-006
    9342  0.32385E-006
    9343  0.32933E-006
    9344  0.33489E-006
    9345  0.34053E-006
    9346  0.34625E-006
    9347  0.35205E-006
    9348  0.35792E-006
    9349  0.36387E-006
    9350  0.36990E-006
    9351  0.37601E-006
    9352  0.38220E-006
    9353  0.38846E-006
    9354  0.17847E-006
    9355  0.18029E-006
    9356  0.18327E-006
    9357  0.18737E-006
    9358  0.19253E-006
    9359  0.19864E-006
    9360  0.20564E-006
    9361  0.21343E-006
    9362  0.22191E-006
    9363  0.23101E-006
    9364  0.24064E-006
    9365  0.25076E-006
    9366  0.26129E-006
    9367  0.27222E-006
    9368  0.28349E-006
    9369  0.29509E-006
    9370  0.30700E-006
    9371  0.31921E-006
    9372  0.33171E-006
    9373  0.12447E-006
    9374  0.12494E-006
    9375  0.12571E-006
    9376  0.12678E-006
    9377  0.12816E-006
    9378  0.12983E-006
    9379  0.13178E-006
    9380  0.13401E-006
    9381  0.13651E-006
    9382  0.13927E-006
    9383  0.14228E-006
    9384  0.14553E-006
    9385  0.14900E-006
    9386  0.15268E-006
    9387  0.15656E-006
    9388  0.16064E-006
    9389  0.16489E-006
    9390  0.16931E-006
    9391  0.17389E-006
    9392  0.17861E-006
    9393  0.18347E-006
    9394  0.18846E-006
    9395  0.19358E-006
    9396  0.19880E-006
    9397  0.20414E-006
    9398  0.20958E-006
    9399  0.21511E-006
    9400  0.22074E-006
    9401  0.22645E-006
    9402  0.23225E-006
    9403  0.23814E-006
    9404  0.24410E-006
    9405  0.25014E-006
    9406  0.25625E-006
    9407  0.26245E-006
    9408  0.26871E-006
    9409  0.27504E-006
    9410  0.28145E-006
    9411  0.28792E-006
    9412  0.71677E-007
    9413  0.73543E-007
    9414  0.76628E-007
    9415  0.80895E-007
    9416  0.86256E-007
    9417  0.92629E-007
    9418  0.99930E-007
    9419  0.10805E-006
    9420  0.11691E-006
    9421  0.12641E-006
    9422  0.13647E-006
    9423  0.14703E-006
    9424  0.15804E-006
    9425  0.16944E-006
    9426  0.18120E-006
    9427  0.19329E-006
    9428  0.20569E-006
    9429  0.21839E-006
    9430  0.23138E-006
    9431  0.18408E-007
    9432  0.18875E-007
    9433  0.19650E-007
    9434  0.20732E-007
    9435  0.22118E-007
    9436  0.23812E-007
    9437  0.25808E-007
    9438  0.28096E-007
    9439  0.30675E-007
    9440  0.33532E-007
    9441  0.36654E-007
    9442  0.40024E-007
    9443  0.43621E-007
    9444  0.47440E-007
    9445  0.51483E-007
    9446  0.55722E-007
    9447  0.60147E-007
    9448  0.64749E-007
    9449  0.69515E-007
    9450  0.74438E-007
    9451  0.79505E-007
    9452  0.84708E-007
    9453  0.90037E-007
    9454  0.95486E-007
    9455  0.10105E-006
    9456  0.10672E-006
    9457  0.11248E-006
    9458  0.11835E-006
    9459  0.12430E-006
    9460  0.13035E-006
    9461  0.13647E-006
    9462  0.14268E-006
    9463  0.14897E-006
    9464  0.15533E-006
    9465  0.16177E-006
    9466  0.16828E-006
    9467  0.17486E-006
    9468  0.18152E-006
    9469  0.18824E-006
    9470 -0.33377E-007
    9471 -0.31516E-007
    9472 -0.28437E-007
    9473 -0.24174E-007
    9474 -0.18759E-007
    9475 -0.12246E-007
    9476 -0.47124E-008
    9477  0.36955E-008
    9478  0.12883E-007
    9479  0.22749E-007
    9480  0.33210E-007
    9481  0.44196E-007
    9482  0.55643E-007
    9483  0.67502E-007
    9484  0.79734E-007
    9485  0.92309E-007
    9486  0.10520E-006
    9487  0.11840E-006
    9488  0.13188E-006
    9489 -0.85537E-007
    9490 -0.85071E-007
    9491 -0.84294E-007
    9492 -0.83210E-007
    9493 -0.81820E-007
    9494 -0.80130E-007
    9495 -0.78144E-007
    9496 -0.75867E-007
    9497 -0.73310E-007
    9498 -0.70474E-007
    9499 -0.67373E-007
    9500 -0.64000E-007
    9501 -0.60363E-007
    9502 -0.56469E-007
    9503 -0.52322E-007
    9504 -0.47950E-007
    9505 -0.43387E-007
    9506 -0.38636E-007
    9507 -0.33705E-007
    9508 -0.28613E-007
    9509 -0.23364E-007
    9510 -0.17973E-007
    9511 -0.12447E-007
    9512 -0.67951E-008
    9513 -0.10239E-008
    9514  0.48594E-008
    9515  0.10847E-007
    9516  0.16935E-007
    9517  0.23119E-007
    9518  0.29394E-007
    9519  0.35756E-007
    9520  0.42202E-007
    9521  0.48729E-007
    9522  0.55335E-007
    9523  0.62017E-007
    9524  0.68773E-007
    9525  0.75603E-007
    9526  0.82505E-007
    9527  0.89476E-007
    9528 -0.13615E-006
    9529 -0.13430E-006
    9530 -0.13123E-006
    9531 -0.12699E-006
    9532 -0.12159E-006
    9533 -0.11512E-006
    9534 -0.10762E-006
    9535 -0.99133E-007
    9536 -0.89739E-007
    9537 -0.79587E-007
    9538 -0.68792E-007
    9539 -0.57437E-007
    9540 -0.45592E-007
    9541 -0.33311E-007
    9542 -0.20637E-007
    9543 -0.76050E-008
    9544  0.57589E-008
    9545  0.19435E-007
    9546  0.33408E-007
    9547 -0.18704E-006
    9548 -0.18658E-006
    9549 -0.18581E-006
    9550 -0.18473E-006
    9551 -0.18335E-006
    9552 -0.18168E-006
    9553 -0.17970E-006
    9554 -0.17744E-006
    9555 -0.17489E-006
    9556 -0.17207E-006
    9557 -0.16897E-006
    9558 -0.16561E-006
    9559 -0.16199E-006
    9560 -0.15812E-006
    9561 -0.15402E-006
    9562 -0.14968E-006
    9563 -0.14512E-006
    9564 -0.14033E-006
    9565 -0.13532E-006
    9566 -0.13010E-006
    9567 -0.12472E-006
    9568 -0.11918E-006
    9569 -0.11350E-006
    9570 -0.10768E-006
    9571 -0.10173E-006
    9572 -0.95663E-007
    9573 -0.89482E-007
    9574 -0.83194E-007
    9575 -0.76805E-007
    9576 -0.70318E-007
    9577 -0.63741E-007
    9578 -0.57075E-007
    9579 -0.50323E-007
    9580 -0.43490E-007
    9581 -0.36576E-007
    9582 -0.29586E-007
    9583 -0.22519E-007
    9584 -0.15378E-007
    9585 -0.81651E-008
    9586 -0.23628E-006
    9587 -0.23446E-006
    9588 -0.23143E-006
    9589 -0.22722E-006
    9590 -0.22187E-006
    9591 -0.21543E-006
    9592 -0.20797E-006
    9593 -0.19955E-006
    9594 -0.19023E-006
    9595 -0.18006E-006
    9596 -0.16909E-006
    9597 -0.15746E-006
    9598 -0.14530E-006
    9599 -0.13266E-006
    9600 -0.11961E-006
    9601 -0.10617E-006
    9602 -0.92373E-007
    9603 -0.78252E-007
    9604 -0.63822E-007
    9605 -0.28567E-006
    9606 -0.28522E-006
    9607 -0.28447E-006
    9608 -0.28341E-006
    9609 -0.28206E-006
    9610 -0.28042E-006
    9611 -0.27847E-006
    9612 -0.27625E-006
    9613 -0.27373E-006
    9614 -0.27094E-006
    9615 -0.26788E-006
    9616 -0.26455E-006
    9617 -0.26095E-006
    9618 -0.25711E-006
    9619 -0.25303E-006
    9620 -0.24872E-006
    9621 -0.24418E-006
    9622 -0.23942E-006
    9623 -0.23446E-006
    9624 -0.22930E-006
    9625 -0.22395E-006
    9626 -0.21839E-006
    9627 -0.21264E-006
    9628 -0.20672E-006
    9629 -0.20065E-006
    9630 -0.19445E-006
    9631 -0.18812E-006
    9632 -0.18167E-006
    9633 -0.17512E-006
    9634 -0.16845E-006
    9635 -0.16169E-006
    9636 -0.15484E-006
    9637 -0.14789E-006
    9638 -0.14085E-006
    9639 -0.13373E-006
    9640 -0.12653E-006
    9641 -0.11925E-006
    9642 -0.11188E-006
    9643 -0.10445E-006
    9644 -0.33332E-006
    9645 -0.33154E-006
    9646 -0.32859E-006
    9647 -0.32448E-006
    9648 -0.31923E-006
    9649 -0.31289E-006
    9650 -0.30551E-006
    9651 -0.29716E-006
    9652 -0.28790E-006
    9653 -0.27781E-006
    9654 -0.26695E-006
    9655 -0.25534E-006
    9656 -0.24303E-006
    9657 -0.23016E-006
    9658 -0.21681E-006
    9659 -0.20303E-006
    9660 -0.18888E-006
    9661 -0.17437E-006
    9662 -0.15953E-006
    9663 -0.38089E-006
    9664 -0.38046E-006
    9665 -0.37975E-006
    9666 -0.37875E-006
    9667 -0.37746E-006
    9668 -0.37587E-006
    9669 -0.37399E-006
    9670 -0.37183E-006
    9671 -0.36939E-006
    9672 -0.36667E-006
    9673 -0.36367E-006
    9674 -0.36041E-006
    9675 -0.35689E-006
    9676 -0.35311E-006
    9677 -0.34909E-006
    9678 -0.34482E-006
    9679 -0.34033E-006
    9680 -0.33561E-006
    9681 -0.33069E-006
    9682 -0.32557E-006
    9683 -0.32024E-006
    9684 -0.31473E-006
    9685 -0.30905E-006
    9686 -0.30319E-006
    9687 -0.29717E-006
    9688 -0.29096E-006
    9689 -0.28458E-006
    9690 -0.27805E-006
    9691 -0.27139E-006
    9692 -0.26461E-006
    9693 -0.25771E-006
    9694 -0.25071E-006
    9695 -0.24361E-006
    9696 -0.23641E-006
    9697 -0.22912E-006
    9698 -0.22174E-006
    9699 -0.21427E-006
    9700 -0.20672E-006
    9701 -0.19909E-006
    9702 -0.42642E-006
    9703 -0.42482E-006
    9704 -0.42209E-006
    9705 -0.41822E-006
    9706 -0.41319E-006
    9707 -0.40705E-006
    9708 -0.39985E-006
    9709 -0.39165E-006
    9710 -0.38252E-006
    9711 -0.37254E-006
    9712 -0.36176E-006
    9713 -0.35026E-006
    9714 -0.33809E-006
    9715 -0.32525E-006
    9716 -0.31179E-006
    9717 -0.29781E-006
    9718 -0.28340E-006
    9719 -0.26858E-006
    9720 -0.25341E-006
    9721 -0.47152E-006
    9722 -0.47115E-006
    9723 -0.47052E-006
    9724 -0.46963E-006
    9725 -0.46849E-006
    9726 -0.46708E-006
    9727 -0.46541E-006
    9728 -0.46346E-006
    9729 -0.46122E-006
    9730 -0.45868E-006
    9731 -0.45584E-006
    9732 -0.45271E-006
    9733 -0.44932E-006
    9734 -0.44567E-006
    9735 -0.44175E-006
    9736 -0.43759E-006
    9737 -0.43320E-006
    9738 -0.42858E-006
    9739 -0.42373E-006
    9740 -0.41868E-006
    9741 -0.41342E-006
    9742 -0.40797E-006
    9743 -0.40233E-006
    9744 -0.39653E-006
    9745 -0.39054E-006
    9746 -0.38440E-006
    9747 -0.37810E-006
    9748 -0.37164E-006
    9749 -0.36504E-006
    9750 -0.35827E-006
    9751 -0.35134E-006
    9752 -0.34427E-006
    9753 -0.33708E-006
    9754 -0.32978E-006
    9755 -0.32237E-006
    9756 -0.31486E-006
    9757 -0.30725E-006
    9758 -0.29955E-006
    9759 -0.29176E-006
    9760 -0.51460E-006
    9761 -0.51319E-006
    9762 -0.51080E-006
    9763 -0.50739E-006
    9764 -0.50291E-006
    9765 -0.49729E-006
    9766 -0.49047E-006
    9767 -0.48259E-006
    9768 -0.47371E-006
    9769 -0.46393E-006
    9770 -0.45333E-006
    9771 -0.44196E-006
    9772 -0.42990E-006
    9773 -0.41720E-006
    9774 -0.40390E-006
    9775 -0.38998E-006
    9776 -0.37549E-006
    9777 -0.36051E-006
    9778 -0.34510E-006
    9779 -0.55700E-006
    9780 -0.55668E-006
    9781 -0.55615E-006
    9782 -0.55539E-006
    9783 -0.55441E-006
    9784 -0.55320E-006
    9785 -0.55174E-006
    9786 -0.55003E-006
    9787 -0.54807E-006
    9788 -0.54584E-006
    9789 -0.54335E-006
    9790 -0.54058E-006
    9791 -0.53753E-006
    9792 -0.53417E-006
    9793 -0.53050E-006
    9794 -0.52653E-006
    9795 -0.52232E-006
    9796 -0.51787E-006
    9797 -0.51317E-006
    9798 -0.50825E-006
    9799 -0.50312E-006
    9800 -0.49778E-006
    9801 -0.49225E-006
    9802 -0.48653E-006
    9803 -0.48062E-006
    9804 -0.47455E-006
    9805 -0.46831E-006
    9806 -0.46192E-006
    9807 -0.45537E-006
    9808 -0.44867E-006
    9809 -0.44183E-006
    9810 -0.43485E-006
    9811 -0.42773E-006
    9812 -0.42045E-006
    9813 -0.41303E-006
    9814 -0.40547E-006
    9815 -0.39779E-006
    9816 -0.39000E-006
    9817 -0.38212E-006
    9818 -0.59735E-006
    9819 -0.59619E-006
    9820 -0.59420E-006
    9821 -0.59132E-006
    9822 -0.58746E-006
    9823 -0.58254E-006
    9824 -0.57653E-006
    9825 -0.56934E-006
    9826 -0.56096E-006
    9827 -0.55158E-006
    9828 -0.54128E-006
    9829 -0.53017E-006
    9830 -0.51832E-006
    9831 -0.50578E-006
    9832 -0.49261E-006
    9833 -0.47885E-006
    9834 -0.46454E-006
    9835 -0.44965E-006
    9836 -0.43421E-006
    9837 -0.63680E-006
    9838 -0.63655E-006
    9839 -0.63613E-006
    9840 -0.63553E-006
    9841 -0.63475E-006
    9842 -0.63377E-006
    9843 -0.63258E-006
    9844 -0.63117E-006
    9845 -0.62954E-006
    9846 -0.62766E-006
    9847 -0.62553E-006
    9848 -0.62315E-006
    9849 -0.62048E-006
    9850 -0.61754E-006
    9851 -0.61433E-006
    9852 -0.61083E-006
    9853 -0.60703E-006
    9854 -0.60292E-006
    9855 -0.59850E-006
    9856 -0.59382E-006
    9857 -0.58890E-006
    9858 -0.58377E-006
    9859 -0.57841E-006
    9860 -0.57285E-006
    9861 -0.56709E-006
    9862 -0.56114E-006
    9863 -0.55502E-006
    9864 -0.54873E-006
    9865 -0.54228E-006
    9866 -0.53566E-006
    9867 -0.52890E-006
    9868 -0.52199E-006
    9869 -0.51493E-006
    9870 -0.50774E-006
    9871 -0.50042E-006
    9872 -0.49296E-006
    9873 -0.48536E-006
    9874 -0.47761E-006
    9875 -0.46973E-006
    9876 -0.67412E-006
    9877 -0.67330E-006
    9878 -0.67181E-006
    9879 -0.66955E-006
    9880 -0.66643E-006
    9881 -0.66233E-006
    9882 -0.65719E-006
    9883 -0.65093E-006
    9884 -0.64353E-006
    9885 -0.63491E-006
    9886 -0.62516E-006
    9887 -0.61449E-006
    9888 -0.60299E-006
    9889 -0.59074E-006
    9890 -0.57781E-006
    9891 -0.56424E-006
    9892 -0.55008E-006
    9893 -0.53537E-006
    9894 -0.52012E-006
    9895 -0.71006E-006
    9896 -0.70992E-006
    9897 -0.70969E-006
    9898 -0.70934E-006
    9899 -0.70885E-006
    9900 -0.70820E-006
    9901 -0.70738E-006
    9902 -0.70636E-006
    9903 -0.70512E-006
    9904 -0.70367E-006
    9905 -0.70198E-006
    9906 -0.70006E-006
    9907 -0.69786E-006
    9908 -0.69540E-006
    9909 -0.69267E-006
    9910 -0.68966E-006
    9911 -0.68635E-006
    9912 -0.68275E-006
    9913 -0.67888E-006
    9914 -0.67471E-006
    9915 -0.67021E-006
    9916 -0.66540E-006
    9917 -0.66034E-006
    9918 -0.65505E-006
    9919 -0.64953E-006
    9920 -0.64380E-006
    9921 -0.63787E-006
    9922 -0.63176E-006
    9923 -0.62546E-006
    9924 -0.61899E-006
    9925 -0.61236E-006
    9926 -0.60556E-006
    9927 -0.59862E-006
    9928 -0.59152E-006
    9929 -0.58428E-006
    9930 -0.57690E-006
    9931 -0.56938E-006
    9932 -0.56172E-006
    9933 -0.55395E-006
    9934 -0.74378E-006
    9935 -0.74342E-006
    9936 -0.74271E-006
    9937 -0.74142E-006
    9938 -0.73931E-006
    9939 -0.73624E-006
    9940 -0.73214E-006
    9941 -0.72693E-006
    9942 -0.72059E-006
    9943 -0.71308E-006
    9944 -0.70437E-006
    9945 -0.69444E-006
    9946 -0.68352E-006
    9947 -0.67173E-006
    9948 -0.65918E-006
    9949 -0.64593E-006
    9950 -0.63203E-006
    9951 -0.61752E-006
    9952 -0.60246E-006
    9953 -0.77571E-006
    9954 -0.77569E-006
    9955 -0.77567E-006
    9956 -0.77560E-006
    9957 -0.77549E-006
    9958 -0.77530E-006
    9959 -0.77501E-006
    9960 -0.77458E-006
    9961 -0.77399E-006
    9962 -0.77320E-006
    9963 -0.77214E-006
    9964 -0.77081E-006
    9965 -0.76919E-006
    9966 -0.76732E-006
    9967 -0.76516E-006
    9968 -0.76273E-006
    9969 -0.76000E-006
    9970 -0.75698E-006
    9971 -0.75366E-006
    9972 -0.75004E-006
    9973 -0.74613E-006
    9974 -0.74192E-006
    9975 -0.73742E-006
    9976 -0.73260E-006
    9977 -0.72747E-006
    9978 -0.72208E-006
    9979 -0.71645E-006
    9980 -0.71062E-006
    9981 -0.70457E-006
    9982 -0.69833E-006
    9983 -0.69190E-006
    9984 -0.68529E-006
    9985 -0.67851E-006
    9986 -0.67157E-006
    9987 -0.66447E-006
    9988 -0.65722E-006
    9989 -0.64981E-006
    9990 -0.64226E-006
    9991 -0.63458E-006
    9992 -0.80563E-006
    9993 -0.80582E-006
    9994 -0.80596E-006
    9995 -0.80581E-006
    9996 -0.80513E-006
    9997 -0.80359E-006
    9998 -0.80088E-006
    9999 -0.79698E-006
   10000 -0.79188E-006
   10001 -0.78558E-006
   10002 -0.77806E-006
   10003 -0.76936E-006
   10004 -0.75942E-006
   10005 -0.74835E-006
   10006 -0.73639E-006
   10007 -0.72361E-006
   10008 -0.71011E-006
   10009 -0.69594E-006
   10010 -0.68114E-006
   10011 -0.83335E-006
   10012 -0.83348E-006
   10013 -0.83369E-006
   10014 -0.83395E-006
   10015 -0.83427E-006
   10016 -0.83459E-006
   10017 -0.83487E-006
   10018 -0.83508E-006
   10019 -0.83518E-006
   10020 -0.83512E-006
   10021 -0.83490E-006
   10022 -0.83444E-006
   10023 -0.83374E-006
   10024 -0.83272E-006
   10025 -0.83133E-006
   10026 -0.82962E-006
   10027 -0.82758E-006
   10028 -0.82525E-006
   10029 -0.82260E-006
   10030 -0.81964E-006
   10031 -0.81636E-006
   10032 -0.81277E-006
   10033 -0.80887E-006
   10034 -0.80468E-006
   10035 -0.80020E-006
   10036 -0.79541E-006
   10037 -0.79029E-006
   10038 -0.78487E-006
   10039 -0.77920E-006
   10040 -0.77330E-006
   10041 -0.76718E-006
   10042 -0.76085E-006
   10043 -0.75433E-006
   10044 -0.74761E-006
   10045 -0.74072E-006
   10046 -0.73366E-006
   10047 -0.72643E-006
   10048 -0.71905E-006
   10049 -0.71151E-006
   10050 -0.85917E-006
   10051 -0.86002E-006
   10052 -0.86116E-006
   10053 -0.86232E-006
   10054 -0.86318E-006
   10055 -0.86338E-006
   10056 -0.86262E-006
   10057 -0.86055E-006
   10058 -0.85703E-006
   10059 -0.85217E-006
   10060 -0.84601E-006
   10061 -0.83860E-006
   10062 -0.82995E-006
   10063 -0.82009E-006
   10064 -0.80902E-006
   10065 -0.79695E-006
   10066 -0.78404E-006
   10067 -0.77035E-006
   10068 -0.75596E-006
   10069 -0.88223E-006
   10070 -0.88255E-006
   10071 -0.88310E-006
   10072 -0.88381E-006
   10073 -0.88465E-006
   10074 -0.88557E-006
   10075 -0.88654E-006
   10076 -0.88750E-006
   10077 -0.88839E-006
   10078 -0.88920E-006
   10079 -0.88987E-006
   10080 -0.89036E-006
   10081 -0.89060E-006
   10082 -0.89058E-006
   10083 -0.89029E-006
   10084 -0.88964E-006
   10085 -0.88860E-006
   10086 -0.88714E-006
   10087 -0.88531E-006
   10088 -0.88313E-006
   10089 -0.88061E-006
   10090 -0.87776E-006
   10091 -0.87457E-006
   10092 -0.87106E-006
   10093 -0.86723E-006
   10094 -0.86309E-006
   10095 -0.85865E-006
   10096 -0.85390E-006
   10097 -0.84885E-006
   10098 -0.84347E-006
   10099 -0.83780E-006
   10100 -0.83187E-006
   10101 -0.82571E-006
   10102 -0.81934E-006
   10103 -0.81275E-006
   10104 -0.80597E-006
   10105 -0.79899E-006
   10106 -0.79184E-006
   10107 -0.78451E-006
   10108 -0.90345E-006
   10109 -0.90513E-006
   10110 -0.90763E-006
   10111 -0.91045E-006
   10112 -0.91316E-006
   10113 -0.91533E-006
   10114 -0.91664E-006
   10115 -0.91678E-006
   10116 -0.91547E-006
   10117 -0.91247E-006
   10118 -0.90796E-006
   10119 -0.90204E-006
   10120 -0.89480E-006
   10121 -0.88628E-006
   10122 -0.87655E-006
   10123 -0.86556E-006
   10124 -0.85347E-006
   10125 -0.84047E-006
   10126 -0.82666E-006
   10127 -0.92138E-006
   10128 -0.92193E-006
   10129 -0.92284E-006
   10130 -0.92406E-006
   10131 -0.92555E-006
   10132 -0.92725E-006
   10133 -0.92914E-006
   10134 -0.93110E-006
   10135 -0.93306E-006
   10136 -0.93496E-006
   10137 -0.93670E-006
   10138 -0.93826E-006
   10139 -0.93960E-006
   10140 -0.94072E-006
   10141 -0.94153E-006
   10142 -0.94203E-006
   10143 -0.94216E-006
   10144 -0.94190E-006
   10145 -0.94124E-006
   10146 -0.94012E-006
   10147 -0.93854E-006
   10148 -0.93657E-006
   10149 -0.93422E-006
   10150 -0.93151E-006
   10151 -0.92845E-006
   10152 -0.92505E-006
   10153 -0.92132E-006
   10154 -0.91726E-006
   10155 -0.91288E-006
   10156 -0.90820E-006
   10157 -0.90323E-006
   10158 -0.89793E-006
   10159 -0.89231E-006
   10160 -0.88639E-006
   10161 -0.88023E-006
   10162 -0.87384E-006
   10163 -0.86722E-006
   10164 -0.86039E-006
   10165 -0.85337E-006
   10166 -0.93793E-006
   10167 -0.94053E-006
   10168 -0.94449E-006
   10169 -0.94931E-006
   10170 -0.95441E-006
   10171 -0.95905E-006
   10172 -0.96278E-006
   10173 -0.96533E-006
   10174 -0.96645E-006
   10175 -0.96593E-006
   10176 -0.96354E-006
   10177 -0.95944E-006
   10178 -0.95382E-006
   10179 -0.94681E-006
   10180 -0.93847E-006
   10181 -0.92888E-006
   10182 -0.91805E-006
   10183 -0.90601E-006
   10184 -0.89299E-006
   10185 -0.95062E-006
   10186 -0.95142E-006
   10187 -0.95274E-006
   10188 -0.95451E-006
   10189 -0.95672E-006
   10190 -0.95927E-006
   10191 -0.96210E-006
   10192 -0.96514E-006
   10193 -0.96830E-006
   10194 -0.97147E-006
   10195 -0.97463E-006
   10196 -0.97762E-006
   10197 -0.98036E-006
   10198 -0.98279E-006
   10199 -0.98489E-006
   10200 -0.98668E-006
   10201 -0.98809E-006
   10202 -0.98911E-006
   10203 -0.98971E-006
   10204 -0.98987E-006
   10205 -0.98959E-006
   10206 -0.98881E-006
   10207 -0.98751E-006
   10208 -0.98577E-006
   10209 -0.98362E-006
   10210 -0.98109E-006
   10211 -0.97819E-006
   10212 -0.97492E-006
   10213 -0.97130E-006
   10214 -0.96735E-006
   10215 -0.96306E-006
   10216 -0.95846E-006
   10217 -0.95356E-006
   10218 -0.94834E-006
   10219 -0.94281E-006
   10220 -0.93696E-006
   10221 -0.93082E-006
   10222 -0.92442E-006
   10223 -0.91779E-006
   10224 -0.96221E-006
   10225 -0.96591E-006
   10226 -0.97158E-006
   10227 -0.97858E-006
   10228 -0.98622E-006
   10229 -0.99383E-006
   10230 -0.10006E-005
   10231 -0.10060E-005
   10232 -0.10099E-005
   10233 -0.10120E-005
   10234 -0.10122E-005
   10235 -0.10105E-005
   10236 -0.10068E-005
   10237 -0.10016E-005
   10238 -0.99481E-006
   10239 -0.98668E-006
   10240 -0.97725E-006
   10241 -0.96659E-006
   10242 -0.95465E-006
   10243 -0.96919E-006
   10244 -0.97031E-006
   10245 -0.97216E-006
   10246 -0.97465E-006
   10247 -0.97775E-006
   10248 -0.98132E-006
   10249 -0.98530E-006
   10250 -0.98957E-006
   10251 -0.99403E-006
   10252 -0.99861E-006
   10253 -0.10032E-005
   10254 -0.10077E-005
   10255 -0.10121E-005
   10256 -0.10162E-005
   10257 -0.10200E-005
   10258 -0.10233E-005
   10259 -0.10262E-005
   10260 -0.10287E-005
   10261 -0.10307E-005
   10262 -0.10322E-005
   10263 -0.10333E-005
   10264 -0.10338E-005
   10265 -0.10339E-005
   10266 -0.10335E-005
   10267 -0.10325E-005
   10268 -0.10310E-005
   10269 -0.10290E-005
   10270 -0.10267E-005
   10271 -0.10240E-005
   10272 -0.10208E-005
   10273 -0.10174E-005
   10274 -0.10135E-005
   10275 -0.10093E-005
   10276 -0.10048E-005
   10277 -0.10000E-005
   10278 -0.99485E-006
   10279 -0.98941E-006
   10280 -0.98363E-006
   10281 -0.97755E-006
   10282 -0.97566E-006
   10283 -0.98064E-006
   10284 -0.98836E-006
   10285 -0.99799E-006
   10286 -0.10086E-005
   10287 -0.10194E-005
   10288 -0.10296E-005
   10289 -0.10385E-005
   10290 -0.10455E-005
   10291 -0.10506E-005
   10292 -0.10537E-005
   10293 -0.10547E-005
   10294 -0.10535E-005
   10295 -0.10503E-005
   10296 -0.10454E-005
   10297 -0.10390E-005
   10298 -0.10311E-005
   10299 -0.10218E-005
   10300 -0.10113E-005
   10301 -0.97681E-006
   10302 -0.97826E-006
   10303 -0.98067E-006
   10304 -0.98394E-006
   10305 -0.98800E-006
   10306 -0.99273E-006
   10307 -0.99807E-006
   10308 -0.10038E-005
   10309 -0.10099E-005
   10310 -0.10162E-005
   10311 -0.10225E-005
   10312 -0.10287E-005
   10313 -0.10348E-005
   10314 -0.10407E-005
   10315 -0.10463E-005
   10316 -0.10515E-005
   10317 -0.10562E-005
   10318 -0.10604E-005
   10319 -0.10640E-005
   10320 -0.10671E-005
   10321 -0.10697E-005
   10322 -0.10717E-005
   10323 -0.10732E-005
   10324 -0.10741E-005
   10325 -0.10746E-005
   10326 -0.10744E-005
   10327 -0.10737E-005
   10328 -0.10724E-005
   10329 -0.10707E-005
   10330 -0.10686E-005
   10331 -0.10660E-005
   10332 -0.10630E-005
   10333 -0.10597E-005
   10334 -0.10559E-005
   10335 -0.10519E-005
   10336 -0.10475E-005
   10337 -0.10427E-005
   10338 -0.10376E-005
   10339 -0.10323E-005
   10340 -0.97822E-006
   10341 -0.98456E-006
   10342 -0.99447E-006
   10343 -0.10071E-005
   10344 -0.10212E-005
   10345 -0.10357E-005
   10346 -0.10496E-005
   10347 -0.10623E-005
   10348 -0.10732E-005
   10349 -0.10817E-005
   10350 -0.10879E-005
   10351 -0.10919E-005
   10352 -0.10936E-005
   10353 -0.10930E-005
   10354 -0.10902E-005
   10355 -0.10857E-005
   10356 -0.10795E-005
   10357 -0.10718E-005
   10358 -0.10627E-005
   10359 -0.97352E-006
   10360 -0.97536E-006
   10361 -0.97841E-006
   10362 -0.98254E-006
   10363 -0.98765E-006
   10364 -0.99363E-006
   10365 -0.10004E-005
   10366 -0.10077E-005
   10367 -0.10156E-005
   10368 -0.10237E-005
   10369 -0.10320E-005
   10370 -0.10403E-005
   10371 -0.10484E-005
   10372 -0.10563E-005
   10373 -0.10638E-005
   10374 -0.10710E-005
   10375 -0.10777E-005
   10376 -0.10839E-005
   10377 -0.10895E-005
   10378 -0.10945E-005
   10379 -0.10987E-005
   10380 -0.11024E-005
   10381 -0.11054E-005
   10382 -0.11079E-005
   10383 -0.11098E-005
   10384 -0.11110E-005
   10385 -0.11118E-005
   10386 -0.11119E-005
   10387 -0.11115E-005
   10388 -0.11104E-005
   10389 -0.11089E-005
   10390 -0.11069E-005
   10391 -0.11045E-005
   10392 -0.11017E-005
   10393 -0.10984E-005
   10394 -0.10948E-005
   10395 -0.10909E-005
   10396 -0.10865E-005
   10397 -0.10819E-005
   10398 -0.96965E-006
   10399 -0.97766E-006
   10400 -0.99013E-006
   10401 -0.10059E-005
   10402 -0.10238E-005
   10403 -0.10425E-005
   10404 -0.10608E-005
   10405 -0.10776E-005
   10406 -0.10926E-005
   10407 -0.11052E-005
   10408 -0.11150E-005
   10409 -0.11222E-005
   10410 -0.11269E-005
   10411 -0.11292E-005
   10412 -0.11291E-005
   10413 -0.11268E-005
   10414 -0.11225E-005
   10415 -0.11166E-005
   10416 -0.11091E-005
   10417 -0.95895E-006
   10418 -0.96122E-006
   10419 -0.96496E-006
   10420 -0.97006E-006
   10421 -0.97645E-006
   10422 -0.98394E-006
   10423 -0.99238E-006
   10424 -0.10016E-005
   10425 -0.10113E-005
   10426 -0.10214E-005
   10427 -0.10318E-005
   10428 -0.10423E-005
   10429 -0.10528E-005
   10430 -0.10630E-005
   10431 -0.10728E-005
   10432 -0.10822E-005
   10433 -0.10910E-005
   10434 -0.10993E-005
   10435 -0.11070E-005
   10436 -0.11140E-005
   10437 -0.11203E-005
   10438 -0.11259E-005
   10439 -0.11307E-005
   10440 -0.11348E-005
   10441 -0.11383E-005
   10442 -0.11411E-005
   10443 -0.11433E-005
   10444 -0.11449E-005
   10445 -0.11459E-005
   10446 -0.11462E-005
   10447 -0.11460E-005
   10448 -0.11452E-005
   10449 -0.11438E-005
   10450 -0.11420E-005
   10451 -0.11397E-005
   10452 -0.11370E-005
   10453 -0.11339E-005
   10454 -0.11304E-005
   10455 -0.11265E-005
   10456 -0.95008E-006
   10457 -0.95984E-006
   10458 -0.97510E-006
   10459 -0.99459E-006
   10460 -0.10167E-005
   10461 -0.10399E-005
   10462 -0.10629E-005
   10463 -0.10846E-005
   10464 -0.11040E-005
   10465 -0.11209E-005
   10466 -0.11349E-005
   10467 -0.11457E-005
   10468 -0.11537E-005
   10469 -0.11590E-005
   10470 -0.11618E-005
   10471 -0.11621E-005
   10472 -0.11601E-005
   10473 -0.11561E-005
   10474 -0.11504E-005
   10475 -0.93361E-006
   10476 -0.93633E-006
   10477 -0.94084E-006
   10478 -0.94697E-006
   10479 -0.95468E-006
   10480 -0.96372E-006
   10481 -0.97394E-006
   10482 -0.98512E-006
   10483 -0.99710E-006
   10484 -0.10096E-005
   10485 -0.10223E-005
   10486 -0.10352E-005
   10487 -0.10480E-005
   10488 -0.10607E-005
   10489 -0.10731E-005
   10490 -0.10850E-005
   10491 -0.10962E-005
   10492 -0.11068E-005
   10493 -0.11167E-005
   10494 -0.11259E-005
   10495 -0.11344E-005
   10496 -0.11421E-005
   10497 -0.11490E-005
   10498 -0.11550E-005
   10499 -0.11602E-005
   10500 -0.11647E-005
   10501 -0.11685E-005
   10502 -0.11716E-005
   10503 -0.11741E-005
   10504 -0.11759E-005
   10505 -0.11771E-005
   10506 -0.11777E-005
   10507 -0.11776E-005
   10508 -0.11769E-005
   10509 -0.11757E-005
   10510 -0.11740E-005
   10511 -0.11718E-005
   10512 -0.11692E-005
   10513 -0.11662E-005
   10514 -0.91996E-006
   10515 -0.93163E-006
   10516 -0.94986E-006
   10517 -0.97325E-006
   10518 -0.10000E-005
   10519 -0.10283E-005
   10520 -0.10564E-005
   10521 -0.10832E-005
   10522 -0.11077E-005
   10523 -0.11291E-005
   10524 -0.11475E-005
   10525 -0.11626E-005
   10526 -0.11742E-005
   10527 -0.11828E-005
   10528 -0.11886E-005
   10529 -0.11917E-005
   10530 -0.11923E-005
   10531 -0.11906E-005
   10532 -0.11868E-005
   10533 -0.89771E-006
   10534 -0.90096E-006
   10535 -0.90637E-006
   10536 -0.91373E-006
   10537 -0.92291E-006
   10538 -0.93366E-006
   10539 -0.94577E-006
   10540 -0.95903E-006
   10541 -0.97327E-006
   10542 -0.98821E-006
   10543 -0.10036E-005
   10544 -0.10192E-005
   10545 -0.10347E-005
   10546 -0.10500E-005
   10547 -0.10650E-005
   10548 -0.10795E-005
   10549 -0.10935E-005
   10550 -0.11067E-005
   10551 -0.11191E-005
   10552 -0.11306E-005
   10553 -0.11414E-005
   10554 -0.11513E-005
   10555 -0.11603E-005
   10556 -0.11685E-005
   10557 -0.11758E-005
   10558 -0.11821E-005
   10559 -0.11877E-005
   10560 -0.11924E-005
   10561 -0.11965E-005
   10562 -0.11998E-005
   10563 -0.12024E-005
   10564 -0.12044E-005
   10565 -0.12057E-005
   10566 -0.12064E-005
   10567 -0.12065E-005
   10568 -0.12059E-005
   10569 -0.12047E-005
   10570 -0.12031E-005
   10571 -0.12010E-005
   10572 -0.87958E-006
   10573 -0.89334E-006
   10574 -0.91498E-006
   10575 -0.94262E-006
   10576 -0.97423E-006
   10577 -0.10079E-005
   10578 -0.10417E-005
   10579 -0.10739E-005
   10580 -0.11038E-005
   10581 -0.11304E-005
   10582 -0.11534E-005
   10583 -0.11728E-005
   10584 -0.11886E-005
   10585 -0.12007E-005
   10586 -0.12096E-005
   10587 -0.12157E-005
   10588 -0.12191E-005
   10589 -0.12199E-005
   10590 -0.12183E-005
   10591 -0.85207E-006
   10592 -0.85587E-006
   10593 -0.86215E-006
   10594 -0.87071E-006
   10595 -0.88142E-006
   10596 -0.89402E-006
   10597 -0.90834E-006
   10598 -0.92402E-006
   10599 -0.94070E-006
   10600 -0.95820E-006
   10601 -0.97626E-006
   10602 -0.99465E-006
   10603 -0.10131E-005
   10604 -0.10314E-005
   10605 -0.10492E-005
   10606 -0.10665E-005
   10607 -0.10832E-005
   10608 -0.10992E-005
   10609 -0.11143E-005
   10610 -0.11285E-005
   10611 -0.11417E-005
   10612 -0.11539E-005
   10613 -0.11652E-005
   10614 -0.11756E-005
   10615 -0.11850E-005
   10616 -0.11935E-005
   10617 -0.12010E-005
   10618 -0.12075E-005
   10619 -0.12132E-005
   10620 -0.12182E-005
   10621 -0.12223E-005
   10622 -0.12258E-005
   10623 -0.12285E-005
   10624 -0.12306E-005
   10625 -0.12320E-005
   10626 -0.12327E-005
   10627 -0.12328E-005
   10628 -0.12323E-005
   10629 -0.12312E-005
   10630 -0.82996E-006
   10631 -0.84589E-006
   10632 -0.87098E-006
   10633 -0.90322E-006
   10634 -0.94020E-006
   10635 -0.97949E-006
   10636 -0.10192E-005
   10637 -0.10574E-005
   10638 -0.10929E-005
   10639 -0.11250E-005
   10640 -0.11529E-005
   10641 -0.11769E-005
   10642 -0.11970E-005
   10643 -0.12130E-005
   10644 -0.12254E-005
   10645 -0.12346E-005
   10646 -0.12408E-005
   10647 -0.12443E-005
   10648 -0.12451E-005
   10649 -0.79763E-006
   10650 -0.80201E-006
   10651 -0.80925E-006
   10652 -0.81910E-006
   10653 -0.83143E-006
   10654 -0.84592E-006
   10655 -0.86240E-006
   10656 -0.88049E-006
   10657 -0.89992E-006
   10658 -0.92030E-006
   10659 -0.94125E-006
   10660 -0.96256E-006
   10661 -0.98398E-006
   10662 -0.10053E-005
   10663 -0.10263E-005
   10664 -0.10466E-005
   10665 -0.10662E-005
   10666 -0.10850E-005
   10667 -0.11029E-005
   10668 -0.11199E-005
   10669 -0.11358E-005
   10670 -0.11505E-005
   10671 -0.11642E-005
   10672 -0.11768E-005
   10673 -0.11884E-005
   10674 -0.11991E-005
   10675 -0.12087E-005
   10676 -0.12172E-005
   10677 -0.12248E-005
   10678 -0.12314E-005
   10679 -0.12372E-005
   10680 -0.12422E-005
   10681 -0.12464E-005
   10682 -0.12498E-005
   10683 -0.12526E-005
   10684 -0.12546E-005
   10685 -0.12560E-005
   10686 -0.12567E-005
   10687 -0.12568E-005
   10688 -0.77198E-006
   10689 -0.79032E-006
   10690 -0.81907E-006
   10691 -0.85599E-006
   10692 -0.89857E-006
   10693 -0.94397E-006
   10694 -0.98978E-006
   10695 -0.10343E-005
   10696 -0.10757E-005
   10697 -0.11134E-005
   10698 -0.11467E-005
   10699 -0.11755E-005
   10700 -0.11999E-005
   10701 -0.12201E-005
   10702 -0.12362E-005
   10703 -0.12486E-005
   10704 -0.12577E-005
   10705 -0.12639E-005
   10706 -0.12673E-005
   10707 -0.73522E-006
   10708 -0.74020E-006
   10709 -0.74846E-006
   10710 -0.75973E-006
   10711 -0.77388E-006
   10712 -0.79052E-006
   10713 -0.80927E-006
   10714 -0.82984E-006
   10715 -0.85195E-006
   10716 -0.87522E-006
   10717 -0.89931E-006
   10718 -0.92383E-006
   10719 -0.94836E-006
   10720 -0.97278E-006
   10721 -0.99688E-006
   10722 -0.10204E-005
   10723 -0.10432E-005
   10724 -0.10650E-005
   10725 -0.10857E-005
   10726 -0.11055E-005
   10727 -0.11241E-005
   10728 -0.11416E-005
   10729 -0.11578E-005
   10730 -0.11729E-005
   10731 -0.11867E-005
   10732 -0.11995E-005
   10733 -0.12112E-005
   10734 -0.12218E-005
   10735 -0.12314E-005
   10736 -0.12398E-005
   10737 -0.12473E-005
   10738 -0.12539E-005
   10739 -0.12596E-005
   10740 -0.12645E-005
   10741 -0.12687E-005
   10742 -0.12721E-005
   10743 -0.12747E-005
   10744 -0.12767E-005
   10745 -0.12780E-005
   10746 -0.70693E-006
   10747 -0.72763E-006
   10748 -0.76027E-006
   10749 -0.80223E-006
   10750 -0.85045E-006
   10751 -0.90217E-006
   10752 -0.95445E-006
   10753 -0.10053E-005
   10754 -0.10530E-005
   10755 -0.10964E-005
   10756 -0.11353E-005
   10757 -0.11691E-005
   10758 -0.11980E-005
   10759 -0.12224E-005
   10760 -0.12424E-005
   10761 -0.12582E-005
   10762 -0.12703E-005
   10763 -0.12792E-005
   10764 -0.12852E-005
   10765 -0.66664E-006
   10766 -0.67223E-006
   10767 -0.68151E-006
   10768 -0.69416E-006
   10769 -0.71002E-006
   10770 -0.72870E-006
   10771 -0.74994E-006
   10772 -0.77327E-006
   10773 -0.79820E-006
   10774 -0.82440E-006
   10775 -0.85154E-006
   10776 -0.87926E-006
   10777 -0.90716E-006
   10778 -0.93491E-006
   10779 -0.96217E-006
   10780 -0.98888E-006
   10781 -0.10148E-005
   10782 -0.10398E-005
   10783 -0.10636E-005
   10784 -0.10862E-005
   10785 -0.11076E-005
   10786 -0.11278E-005
   10787 -0.11467E-005
   10788 -0.11642E-005
   10789 -0.11804E-005
   10790 -0.11954E-005
   10791 -0.12092E-005
   10792 -0.12219E-005
   10793 -0.12334E-005
   10794 -0.12439E-005
   10795 -0.12532E-005
   10796 -0.12615E-005
   10797 -0.12687E-005
   10798 -0.12752E-005
   10799 -0.12807E-005
   10800 -0.12854E-005
   10801 -0.12894E-005
   10802 -0.12926E-005
   10803 -0.12952E-005
   10804 -0.63638E-006
   10805 -0.65953E-006
   10806 -0.69602E-006
   10807 -0.74306E-006
   10808 -0.79727E-006
   10809 -0.85525E-006
   10810 -0.91425E-006
   10811 -0.97150E-006
   10812 -0.10256E-005
   10813 -0.10750E-005
   10814 -0.11193E-005
   10815 -0.11584E-005
   10816 -0.11919E-005
   10817 -0.12205E-005
   10818 -0.12444E-005
   10819 -0.12638E-005
   10820 -0.12791E-005
   10821 -0.12907E-005
   10822 -0.12992E-005
   10823 -0.59322E-006
   10824 -0.59949E-006
   10825 -0.60985E-006
   10826 -0.62397E-006
   10827 -0.64160E-006
   10828 -0.66236E-006
   10829 -0.68595E-006
   10830 -0.71191E-006
   10831 -0.73983E-006
   10832 -0.76919E-006
   10833 -0.79944E-006
   10834 -0.83033E-006
   10835 -0.86152E-006
   10836 -0.89264E-006
   10837 -0.92327E-006
   10838 -0.95323E-006
   10839 -0.98229E-006
   10840 -0.10104E-005
   10841 -0.10373E-005
   10842 -0.10629E-005
   10843 -0.10871E-005
   10844 -0.11100E-005
   10845 -0.11315E-005
   10846 -0.11516E-005
   10847 -0.11703E-005
   10848 -0.11875E-005
   10849 -0.12035E-005
   10850 -0.12182E-005
   10851 -0.12317E-005
   10852 -0.12440E-005
   10853 -0.12552E-005
   10854 -0.12653E-005
   10855 -0.12742E-005
   10856 -0.12821E-005
   10857 -0.12891E-005
   10858 -0.12952E-005
   10859 -0.13004E-005
   10860 -0.13049E-005
   10861 -0.13086E-005
   10862 -0.56175E-006
   10863 -0.58752E-006
   10864 -0.62799E-006
   10865 -0.68005E-006
   10866 -0.74025E-006
   10867 -0.80469E-006
   10868 -0.87025E-006
   10869 -0.93419E-006
   10870 -0.99449E-006
   10871 -0.10500E-005
   10872 -0.10999E-005
   10873 -0.11441E-005
   10874 -0.11824E-005
   10875 -0.12151E-005
   10876 -0.12428E-005
   10877 -0.12659E-005
   10878 -0.12843E-005
   10879 -0.12988E-005
   10880 -0.13098E-005
   10881 -0.51668E-006
   10882 -0.52355E-006
   10883 -0.53496E-006
   10884 -0.55053E-006
   10885 -0.57008E-006
   10886 -0.59309E-006
   10887 -0.61910E-006
   10888 -0.64765E-006
   10889 -0.67838E-006
   10890 -0.71076E-006
   10891 -0.74430E-006
   10892 -0.77851E-006
   10893 -0.81290E-006
   10894 -0.84727E-006
   10895 -0.88128E-006
   10896 -0.91455E-006
   10897 -0.94679E-006
   10898 -0.97796E-006
   10899 -0.10079E-005
   10900 -0.10365E-005
   10901 -0.10636E-005
   10902 -0.10891E-005
   10903 -0.11132E-005
   10904 -0.11358E-005
   10905 -0.11569E-005
   10906 -0.11766E-005
   10907 -0.11947E-005
   10908 -0.12114E-005
   10909 -0.12268E-005
   10910 -0.12410E-005
   10911 -0.12540E-005
   10912 -0.12658E-005
   10913 -0.12764E-005
   10914 -0.12859E-005
   10915 -0.12943E-005
   10916 -0.13018E-005
   10917 -0.13083E-005
   10918 -0.13140E-005
   10919 -0.13189E-005
   10920 -0.48517E-006
   10921 -0.51332E-006
   10922 -0.55778E-006
   10923 -0.61497E-006
   10924 -0.68095E-006
   10925 -0.75190E-006
   10926 -0.82392E-006
   10927 -0.89444E-006
   10928 -0.96099E-006
   10929 -0.10225E-005
   10930 -0.10779E-005
   10931 -0.11270E-005
   10932 -0.11701E-005
   10933 -0.12070E-005
   10934 -0.12385E-005
   10935 -0.12650E-005
   10936 -0.12867E-005
   10937 -0.13040E-005
   10938 -0.13175E-005
   10939 -0.43922E-006
   10940 -0.44671E-006
   10941 -0.45913E-006
   10942 -0.47608E-006
   10943 -0.49733E-006
   10944 -0.52239E-006
   10945 -0.55089E-006
   10946 -0.58218E-006
   10947 -0.61569E-006
   10948 -0.65099E-006
   10949 -0.68762E-006
   10950 -0.72507E-006
   10951 -0.76275E-006
   10952 -0.80033E-006
   10953 -0.83753E-006
   10954 -0.87404E-006
   10955 -0.90946E-006
   10956 -0.94369E-006
   10957 -0.97655E-006
   10958 -0.10080E-005
   10959 -0.10379E-005
   10960 -0.10662E-005
   10961 -0.10928E-005
   10962 -0.11178E-005
   10963 -0.11413E-005
   10964 -0.11632E-005
   10965 -0.11834E-005
   10966 -0.12022E-005
   10967 -0.12195E-005
   10968 -0.12355E-005
   10969 -0.12502E-005
   10970 -0.12636E-005
   10971 -0.12759E-005
   10972 -0.12869E-005
   10973 -0.12968E-005
   10974 -0.13056E-005
   10975 -0.13134E-005
   10976 -0.13203E-005
   10977 -0.13264E-005
   10978 -0.40852E-006
   10979 -0.43906E-006
   10980 -0.48722E-006
   10981 -0.54943E-006
   10982 -0.62113E-006
   10983 -0.69824E-006
   10984 -0.77671E-006
   10985 -0.85349E-006
   10986 -0.92622E-006
   10987 -0.99337E-006
   10988 -0.10542E-005
   10989 -0.11082E-005
   10990 -0.11558E-005
   10991 -0.11969E-005
   10992 -0.12320E-005
   10993 -0.12618E-005
   10994 -0.12866E-005
   10995 -0.13067E-005
   10996 -0.13226E-005
   10997 -0.36261E-006
   10998 -0.37075E-006
   10999 -0.38418E-006
   11000 -0.40249E-006
   11001 -0.42542E-006
   11002 -0.45245E-006
   11003 -0.48318E-006
   11004 -0.51700E-006
   11005 -0.55334E-006
   11006 -0.59156E-006
   11007 -0.63112E-006
   11008 -0.67159E-006
   11009 -0.71245E-006
   11010 -0.75324E-006
   11011 -0.79346E-006
   11012 -0.83300E-006
   11013 -0.87152E-006
   11014 -0.90874E-006
   11015 -0.94442E-006
   11016 -0.97862E-006
   11017 -0.10112E-005
   11018 -0.10421E-005
   11019 -0.10711E-005
   11020 -0.10985E-005
   11021 -0.11241E-005
   11022 -0.11482E-005
   11023 -0.11706E-005
   11024 -0.11913E-005
   11025 -0.12105E-005
   11026 -0.12282E-005
   11027 -0.12445E-005
   11028 -0.12595E-005
   11029 -0.12733E-005
   11030 -0.12858E-005
   11031 -0.12972E-005
   11032 -0.13073E-005
   11033 -0.13163E-005
   11034 -0.13244E-005
   11035 -0.13315E-005
   11036 -0.33358E-006
   11037 -0.36656E-006
   11038 -0.41834E-006
   11039 -0.48516E-006
   11040 -0.56246E-006
   11041 -0.64538E-006
   11042 -0.73004E-006
   11043 -0.81275E-006
   11044 -0.89137E-006
   11045 -0.96394E-006
   11046 -0.10299E-005
   11047 -0.10886E-005
   11048 -0.11404E-005
   11049 -0.11855E-005
   11050 -0.12241E-005
   11051 -0.12569E-005
   11052 -0.12847E-005
   11053 -0.13075E-005
   11054 -0.13257E-005
   11055 -0.28873E-006
   11056 -0.29742E-006
   11057 -0.31184E-006
   11058 -0.33151E-006
   11059 -0.35615E-006
   11060 -0.38511E-006
   11061 -0.41797E-006
   11062 -0.45411E-006
   11063 -0.49304E-006
   11064 -0.53406E-006
   11065 -0.57644E-006
   11066 -0.61976E-006
   11067 -0.66354E-006
   11068 -0.70731E-006
   11069 -0.75050E-006
   11070 -0.79289E-006
   11071 -0.83423E-006
   11072 -0.87427E-006
   11073 -0.91267E-006
   11074 -0.94945E-006
   11075 -0.98450E-006
   11076 -0.10178E-005
   11077 -0.10492E-005
   11078 -0.10788E-005
   11079 -0.11065E-005
   11080 -0.11325E-005
   11081 -0.11569E-005
   11082 -0.11795E-005
   11083 -0.12004E-005
   11084 -0.12197E-005
   11085 -0.12376E-005
   11086 -0.12541E-005
   11087 -0.12693E-005
   11088 -0.12832E-005
   11089 -0.12958E-005
   11090 -0.13073E-005
   11091 -0.13175E-005
   11092 -0.13266E-005
   11093 -0.13348E-005
   11094 -0.26253E-006
   11095 -0.29764E-006
   11096 -0.35297E-006
   11097 -0.42412E-006
   11098 -0.50651E-006
   11099 -0.59495E-006
   11100 -0.68525E-006
   11101 -0.77359E-006
   11102 -0.85759E-006
   11103 -0.93528E-006
   11104 -0.10059E-005
   11105 -0.10690E-005
   11106 -0.11247E-005
   11107 -0.11734E-005
   11108 -0.12153E-005
   11109 -0.12511E-005
   11110 -0.12814E-005
   11111 -0.13067E-005
   11112 -0.13272E-005
   11113 -0.21994E-006
   11114 -0.22914E-006
   11115 -0.24439E-006
   11116 -0.26520E-006
   11117 -0.29134E-006
   11118 -0.32214E-006
   11119 -0.35703E-006
   11120 -0.39535E-006
   11121 -0.43658E-006
   11122 -0.48006E-006
   11123 -0.52511E-006
   11124 -0.57112E-006
   11125 -0.61755E-006
   11126 -0.66401E-006
   11127 -0.70993E-006
   11128 -0.75500E-006
   11129 -0.79889E-006
   11130 -0.84147E-006
   11131 -0.88238E-006
   11132 -0.92155E-006
   11133 -0.95887E-006
   11134 -0.99437E-006
   11135 -0.10279E-005
   11136 -0.10596E-005
   11137 -0.10892E-005
   11138 -0.11170E-005
   11139 -0.11431E-005
   11140 -0.11674E-005
   11141 -0.11900E-005
   11142 -0.12109E-005
   11143 -0.12301E-005
   11144 -0.12480E-005
   11145 -0.12644E-005
   11146 -0.12795E-005
   11147 -0.12934E-005
   11148 -0.13060E-005
   11149 -0.13173E-005
   11150 -0.13275E-005
   11151 -0.13366E-005
   11152 -0.19749E-006
   11153 -0.23446E-006
   11154 -0.29285E-006
   11155 -0.36804E-006
   11156 -0.45495E-006
   11157 -0.54846E-006
   11158 -0.64379E-006
   11159 -0.73727E-006
   11160 -0.82607E-006
   11161 -0.90841E-006
   11162 -0.98327E-006
   11163 -0.10504E-005
   11164 -0.11096E-005
   11165 -0.11615E-005
   11166 -0.12064E-005
   11167 -0.12448E-005
   11168 -0.12775E-005
   11169 -0.13050E-005
   11170 -0.13275E-005
   11171 -0.15809E-006
   11172 -0.16775E-006
   11173 -0.18375E-006
   11174 -0.20558E-006
   11175 -0.23299E-006
   11176 -0.26532E-006
   11177 -0.30204E-006
   11178 -0.34238E-006
   11179 -0.38567E-006
   11180 -0.43132E-006
   11181 -0.47871E-006
   11182 -0.52713E-006
   11183 -0.57591E-006
   11184 -0.62472E-006
   11185 -0.67308E-006
   11186 -0.72055E-006
   11187 -0.76671E-006
   11188 -0.81151E-006
   11189 -0.85466E-006
   11190 -0.89597E-006
   11191 -0.93530E-006
   11192 -0.97274E-006
   11193 -0.10082E-005
   11194 -0.10417E-005
   11195 -0.10730E-005
   11196 -0.11024E-005
   11197 -0.11300E-005
   11198 -0.11558E-005
   11199 -0.11799E-005
   11200 -0.12021E-005
   11201 -0.12227E-005
   11202 -0.12417E-005
   11203 -0.12593E-005
   11204 -0.12755E-005
   11205 -0.12903E-005
   11206 -0.13039E-005
   11207 -0.13162E-005
   11208 -0.13274E-005
   11209 -0.13373E-005
   11210 -0.14016E-006
   11211 -0.17880E-006
   11212 -0.23978E-006
   11213 -0.31852E-006
   11214 -0.40938E-006
   11215 -0.50727E-006
   11216 -0.60701E-006
   11217 -0.70496E-006
   11218 -0.79794E-006
   11219 -0.88435E-006
   11220 -0.96287E-006
   11221 -0.10334E-005
   11222 -0.10957E-005
   11223 -0.11504E-005
   11224 -0.11980E-005
   11225 -0.12387E-005
   11226 -0.12734E-005
   11227 -0.13028E-005
   11228 -0.13271E-005
   11229 -0.10483E-006
   11230 -0.11490E-006
   11231 -0.13154E-006
   11232 -0.15425E-006
   11233 -0.18276E-006
   11234 -0.21638E-006
   11235 -0.25460E-006
   11236 -0.29665E-006
   11237 -0.34175E-006
   11238 -0.38927E-006
   11239 -0.43859E-006
   11240 -0.48905E-006
   11241 -0.53990E-006
   11242 -0.59074E-006
   11243 -0.64112E-006
   11244 -0.69062E-006
   11245 -0.73876E-006
   11246 -0.78546E-006
   11247 -0.83049E-006
   11248 -0.87363E-006
   11249 -0.91468E-006
   11250 -0.95377E-006
   11251 -0.99082E-006
   11252 -0.10258E-005
   11253 -0.10587E-005
   11254 -0.10895E-005
   11255 -0.11184E-005
   11256 -0.11454E-005
   11257 -0.11706E-005
   11258 -0.11941E-005
   11259 -0.12157E-005
   11260 -0.12358E-005
   11261 -0.12543E-005
   11262 -0.12714E-005
   11263 -0.12872E-005
   11264 -0.13016E-005
   11265 -0.13148E-005
   11266 -0.13267E-005
   11267 -0.13374E-005
   11268 -0.92121E-007
   11269 -0.13217E-006
   11270 -0.19532E-006
   11271 -0.27695E-006
   11272 -0.37116E-006
   11273 -0.47263E-006
   11274 -0.57607E-006
   11275 -0.67768E-006
   11276 -0.77418E-006
   11277 -0.86392E-006
   11278 -0.94552E-006
   11279 -0.10189E-005
   11280 -0.10838E-005
   11281 -0.11408E-005
   11282 -0.11905E-005
   11283 -0.12331E-005
   11284 -0.12695E-005
   11285 -0.13004E-005
   11286 -0.13262E-005
   11287 -0.61574E-007
   11288 -0.71996E-007
   11289 -0.89217E-007
   11290 -0.11268E-006
   11291 -0.14208E-006
   11292 -0.17673E-006
   11293 -0.21615E-006
   11294 -0.25954E-006
   11295 -0.30611E-006
   11296 -0.35515E-006
   11297 -0.40603E-006
   11298 -0.45811E-006
   11299 -0.51063E-006
   11300 -0.56311E-006
   11301 -0.61510E-006
   11302 -0.66623E-006
   11303 -0.71597E-006
   11304 -0.76420E-006
   11305 -0.81070E-006
   11306 -0.85531E-006
   11307 -0.89778E-006
   11308 -0.93819E-006
   11309 -0.97651E-006
   11310 -0.10127E-005
   11311 -0.10468E-005
   11312 -0.10787E-005
   11313 -0.11086E-005
   11314 -0.11367E-005
   11315 -0.11629E-005
   11316 -0.11872E-005
   11317 -0.12098E-005
   11318 -0.12307E-005
   11319 -0.12500E-005
   11320 -0.12678E-005
   11321 -0.12843E-005
   11322 -0.12994E-005
   11323 -0.13132E-005
   11324 -0.13257E-005
   11325 -0.13370E-005
   11326 -0.54720E-007
   11327 -0.95946E-007
   11328 -0.16079E-006
   11329 -0.24459E-006
   11330 -0.34141E-006
   11331 -0.44563E-006
   11332 -0.55196E-006
   11333 -0.65639E-006
   11334 -0.75561E-006
   11335 -0.84790E-006
   11336 -0.93188E-006
   11337 -0.10074E-005
   11338 -0.10743E-005
   11339 -0.11331E-005
   11340 -0.11844E-005
   11341 -0.12285E-005
   11342 -0.12663E-005
   11343 -0.12984E-005
   11344 -0.13253E-005
   11345 -0.29745E-007
   11346 -0.40393E-007
   11347 -0.58028E-007
   11348 -0.82064E-007
   11349 -0.11213E-006
   11350 -0.14756E-006
   11351 -0.18784E-006
   11352 -0.23219E-006
   11353 -0.27984E-006
   11354 -0.33002E-006
   11355 -0.38203E-006
   11356 -0.43527E-006
   11357 -0.48901E-006
   11358 -0.54271E-006
   11359 -0.59590E-006
   11360 -0.64822E-006
   11361 -0.69913E-006
   11362 -0.74847E-006
   11363 -0.79606E-006
   11364 -0.84174E-006
   11365 -0.88524E-006
   11366 -0.92662E-006
   11367 -0.96585E-006
   11368 -0.10030E-005
   11369 -0.10379E-005
   11370 -0.10707E-005
   11371 -0.11014E-005
   11372 -0.11301E-005
   11373 -0.11570E-005
   11374 -0.11821E-005
   11375 -0.12053E-005
   11376 -0.12267E-005
   11377 -0.12466E-005
   11378 -0.12650E-005
   11379 -0.12820E-005
   11380 -0.12975E-005
   11381 -0.13118E-005
   11382 -0.13248E-005
   11383 -0.13366E-005
   11384 -0.29157E-007
   11385 -0.71165E-007
   11386 -0.13718E-006
   11387 -0.22246E-006
   11388 -0.32107E-006
   11389 -0.42714E-006
   11390 -0.53545E-006
   11391 -0.64179E-006
   11392 -0.74286E-006
   11393 -0.83689E-006
   11394 -0.92249E-006
   11395 -0.99948E-006
   11396 -0.10678E-005
   11397 -0.11278E-005
   11398 -0.11802E-005
   11399 -0.12253E-005
   11400 -0.12640E-005
   11401 -0.12969E-005
   11402 -0.13245E-005
   11403 -0.10268E-007
   11404 -0.21054E-007
   11405 -0.38926E-007
   11406 -0.63308E-007
   11407 -0.93798E-007
   11408 -0.12970E-006
   11409 -0.17052E-006
   11410 -0.21545E-006
   11411 -0.26375E-006
   11412 -0.31462E-006
   11413 -0.36733E-006
   11414 -0.42128E-006
   11415 -0.47576E-006
   11416 -0.53021E-006
   11417 -0.58411E-006
   11418 -0.63715E-006
   11419 -0.68877E-006
   11420 -0.73881E-006
   11421 -0.78705E-006
   11422 -0.83339E-006
   11423 -0.87753E-006
   11424 -0.91950E-006
   11425 -0.95929E-006
   11426 -0.99695E-006
   11427 -0.10324E-005
   11428 -0.10657E-005
   11429 -0.10968E-005
   11430 -0.11261E-005
   11431 -0.11534E-005
   11432 -0.11788E-005
   11433 -0.12024E-005
   11434 -0.12243E-005
   11435 -0.12445E-005
   11436 -0.12632E-005
   11437 -0.12805E-005
   11438 -0.12964E-005
   11439 -0.13109E-005
   11440 -0.13242E-005
   11441 -0.13363E-005
   11442 -0.16184E-007
   11443 -0.58584E-007
   11444 -0.12520E-006
   11445 -0.21123E-006
   11446 -0.31074E-006
   11447 -0.41776E-006
   11448 -0.52706E-006
   11449 -0.63435E-006
   11450 -0.73637E-006
   11451 -0.83128E-006
   11452 -0.91769E-006
   11453 -0.99543E-006
   11454 -0.10644E-005
   11455 -0.11250E-005
   11456 -0.11780E-005
   11457 -0.12237E-005
   11458 -0.12627E-005
   11459 -0.12960E-005
   11460 -0.13241E-005
