#Spectral Energy [J/eV] (C-aligned, inner loop is vs Photon Energy, outer loop vs Vertical Position)
#9499.819850337859 #Initial Photon Energy [eV]
#9500.178102506894 #Final Photon Energy [eV]
#176 #Number of points vs Photon Energy
#0.0 #Initial Horizontal Position [m]
#0.0 #Final Horizontal Position [m]
#1 #Number of points vs Horizontal Position
#0.0 #Initial Vertical Position [m]
#0.0 #Final Vertical Position [m]
#1 #Number of points vs Vertical Position
#1 #Number of components
 7.701310700269914e-09
 5.213409703941352e-09
 2.8465492185603125e-09
 9.830990466141998e-10
 4.0685125407557976e-11
 4.6089204674970574e-10
 2.7132511792871128e-09
 7.303020410631689e-09
 1.4789111268953548e-08
 2.5787903368268417e-08
 4.1014796892113736e-08
 6.12342603290017e-08
 8.721413990997462e-08
 1.1993085990980035e-07
 1.6045653694618522e-07
 2.0999149796807615e-07
 2.7005361857845855e-07
 3.423860732709727e-07
 4.291052562166442e-07
 5.330074372977833e-07
 6.569162565028819e-07
 8.044733021961292e-07
 9.808441063796636e-07
 1.1927356808882905e-06
 1.4486322470474988e-06
 1.7588821492608986e-06
 2.136230932592298e-06
 2.5963736334233545e-06
 3.1584590942657087e-06
 3.8458324524981435e-06
 4.686757620220305e-06
 5.7153069974447135e-06
 6.972316896280972e-06
 8.506347512593493e-06
 1.0374790690548252e-05
 1.2644976777664851e-05
 1.5395313312183134e-05
 1.8716526028583758e-05
 2.2712696591042913e-05
 2.7502479497343302e-05
 3.321986150695011e-05
 4.001481647719629e-05
 4.8053752834675834e-05
 5.751942080678418e-05
 6.861078145448118e-05
 8.154258102877066e-05
 9.65440776781179e-05
 0.00011385829566279426
 0.00013373915862757713
 0.00015644854283891618
 0.0001822532940423116
 0.00021142080368008465
 0.0002442138211335987
 0.0002808857534546405
 0.00032167587778531015
 0.0003668056451715529
 0.0004164712445344776
 0.00047083754907362163
 0.0005300298216752708
 0.0005941236158832908
 0.0006631403812207282
 0.0007370409439317882
 0.0008157239062711596
 0.0008990273345261812
 0.0009867235785350204
 0.0010785163613036275
 0.0011740350164473057
 0.0012728243600577116
 0.0013743473682552576
 0.0014779889024794102
 0.0015830675838515162
 0.0016888573300093412
 0.0017945950385183096
 0.0018994894344359636
 0.0020027149002999067
 0.002103402279317379
 0.0022006453946232796
 0.0022935112938284874
 0.0023810765706002712
 0.0024624739307910204
 0.0025369201321154833
 0.002603739034384489
 0.002662345999851823
 0.0027122092433273792
 0.0027528267819434404
 0.002783705247566104
 0.002804379677399993
 0.0028144775424152613
 0.0028137676417827606
 0.0028022259939461946
 0.002780041890218854
 0.002747587626799941
 0.0027053679805248976
 0.0026539426762610674
 0.00259388773702085
 0.002525788964703679
 0.0024502479936927557
 0.0023679330479353666
 0.002279596170410514
 0.002186076482757926
 0.0020882864482700825
 0.0019871590193361044
 0.0018836191156879067
 0.0017785517266020179
 0.0016727857291698456
 0.001567107974551618
 0.001462260726839304
 0.0013589474838227034
 0.0012578320456668735
 0.0011595148826017976
 0.0010645281290635467
 0.0009733226615935564
 0.0008862613467499614
 0.000803632487077266
 0.0007256489479914308
 0.0006524584605358541
 0.0005841510137543082
 0.0005207547219470143
 0.00046224379912018776
 0.00040853870450519025
 0.0003595104208216071
 0.0003149920958094299
 0.0002747831167653203
 0.00023865880211815238
 0.00020637815759982914
 0.00017768600082490593
 0.00015232063014991581
 0.00013001629849895835
 0.00011050709144910797
 9.353282075608149e-05
 7.884060323704034e-05
 6.618923362111673e-05
 5.535128730116412e-05
 4.6113716962281615e-05
 3.827981709036976e-05
 3.1668951123720035e-05
 2.61165841948241e-05
 2.147487975889817e-05
 1.7611431758268736e-05
 1.4409166396944784e-05
 1.1765509952965658e-05
 9.590847184881568e-06
 7.80803839006694e-06
 6.350801413645968e-06
 5.162613433640217e-06
 4.195856490696315e-06
 3.410393219382968e-06
 2.7728360691980924e-06
 2.2555580017069587e-06
 1.8356880673309206e-06
 1.4946400597182219e-06
 1.2172047263447894e-06
 9.910417020364548e-07
 8.062812639764161e-07
 6.548875717271585e-07
 5.305146260070615e-07
 4.281261283267668e-07
 3.436379643062537e-07
 2.739081992331194e-07
 2.1638280145452882e-07
 1.689905957391602e-07
 1.301429506384011e-07
 9.847178716881899e-08
 7.28766949009696e-08
 5.24748706709488e-08
 3.6459390173604334e-08
 2.4168704371163585e-08
 1.50298085088707e-08
 8.505184112550523e-09
 4.137031606177288e-09
 1.5118206686537405e-09
 2.5203808484697277e-10
 2.1814793027541413e-11
 5.163597882607007e-10
 1.4626945210594045e-09
 2.6198649916153727e-09
