#Power [W] (C-aligned, inner loop is vs Time, outer loop vs Vertical Position)
#-1.008187940004298e-12 #Initial Time [s]
#1.008187940004298e-12 #Final Time [s]
#528 #Number of points vs Time
#0.0 #Initial Horizontal Position [m]
#0.0 #Final Horizontal Position [m]
#1 #Number of points vs Horizontal Position
#0.0 #Initial Vertical Position [m]
#0.0 #Final Vertical Position [m]
#1 #Number of points vs Vertical Position
#1 #Number of components
 128.06504821777344
 127.17887115478516
 132.6302032470703
 131.31600952148438
 127.06897735595703
 132.0382080078125
 134.5124053955078
 131.87744140625
 132.60450744628906
 131.0189971923828
 131.45205688476562
 138.54290771484375
 136.8930206298828
 130.69859313964844
 134.9125518798828
 138.3363037109375
 136.7726287841797
 138.5908660888672
 137.89906311035156
 137.10595703125
 141.49142456054688
 139.8896484375
 137.63475036621094
 144.47747802734375
 144.952392578125
 138.82546997070312
 141.34713745117188
 145.62930297851562
 146.60433959960938
 147.1673583984375
 141.91781616210938
 140.8356475830078
 150.8069610595703
 151.43228149414062
 142.8677520751953
 143.84860229492188
 148.18821716308594
 149.64901733398438
 151.017578125
 146.3876190185547
 144.28616333007812
 152.07046508789062
 152.29981994628906
 146.4714813232422
 149.7107696533203
 151.75115966796875
 149.22442626953125
 151.27113342285156
 151.418212890625
 151.3987274169922
 156.03123474121094
 153.09352111816406
 149.4557647705078
 157.94361877441406
 161.58682250976562
 156.12725830078125
 156.29429626464844
 158.60113525390625
 162.07675170898438
 167.93386840820312
 163.32839965820312
 157.78579711914062
 166.74256896972656
 172.61834716796875
 168.88294982910156
 168.705078125
 168.7418975830078
 170.88768005371094
 178.80441284179688
 177.1619873046875
 171.4840545654297
 177.55613708496094
 181.7107391357422
 180.1171112060547
 183.4623260498047
 183.32821655273438
 182.00088500976562
 188.63088989257812
 189.68995666503906
 187.00875854492188
 192.69871520996094
 193.70513916015625
 190.86329650878906
 197.17514038085938
 200.02719116210938
 197.765625
 201.45982360839844
 201.6158447265625
 201.57748413085938
 210.48919677734375
 210.7266082763672
 204.33335876464844
 209.95388793945312
 215.96142578125
 216.56192016601562
 219.52926635742188
 216.36959838867188
 215.43492126464844
 227.8976287841797
 230.94956970214844
 222.96463012695312
 225.89056396484375
 231.9403076171875
 235.31173706054688
 240.4720916748047
 235.82232666015625
 232.3838653564453
 245.7785186767578
 251.44186401367188
 244.15008544921875
 245.969482421875
 250.6538848876953
 254.46612548828125
 262.1156311035156
 258.44683837890625
 253.52931213378906
 266.0201110839844
 272.2811279296875
 266.6996154785156
 270.38787841796875
 274.2620849609375
 275.71600341796875
 283.905517578125
 283.0091857910156
 279.6961669921875
 291.4298400878906
 295.17901611328125
 289.32928466796875
 296.9198303222656
 302.9341125488281
 301.85308837890625
 308.1416320800781
 308.8906555175781
 308.7605285644531
 321.80609130859375
 322.93060302734375
 315.60980224609375
 327.6628723144531
 337.65106201171875
 334.6492614746094
 338.23284912109375
 340.48046875
 345.7330627441406
 363.5319519042969
 363.4330139160156
 353.39300537109375
 369.3514404296875
 385.9183654785156
 386.1955261230469
 392.7516174316406
 400.72161865234375
 414.66632080078125
 441.5106506347656
 446.4385070800781
 444.2292785644531
 483.0887451171875
 534.0631713867188
 567.7969970703125
 601.2772827148438
 634.858642578125
 695.50341796875
 811.8616333007812
 934.429443359375
 1035.1427001953125
 1139.302001953125
 1255.76513671875
 1435.930908203125
 1710.9552001953125
 1957.775634765625
 2072.497314453125
 2142.984130859375
 2346.732666015625
 2779.283203125
 3299.29541015625
 3691.2421875
 4119.283203125
 4985.30126953125
 6306.26416015625
 7749.2080078125
 9205.216796875
 10981.296875
 13392.283203125
 16278.6611328125
 19351.322265625
 22997.349609375
 27930.3359375
 34218.0078125
 41650.5625
 50790.61328125
 62880.10546875
 78844.453125
 98963.65625
 124479.484375
 160882.109375
 223166.765625
 349392.21875
 632463.75
 1273851.5
 2648987.25
 5344997.0
 10092262.0
 17524178.0
 27821708.0
 40454512.0
 54234504.0
 67688128.0
 79522560.0
 88940360.0
 95723416.0
 100147680.0
 102808240.0
 104404280.0
 105538720.0
 106599224.0
 107753296.0
 109021848.0
 110364080.0
 111730352.0
 113082616.0
 114400880.0
 115684608.0
 116945432.0
 118194336.0
 119435272.0
 120666808.0
 121885200.0
 123086128.0
 124266520.0
 125426088.0
 126567096.0
 127691040.0
 128795672.0
 129877808.0
 130936728.0
 131973056.0
 132986872.0
 133977576.0
 134943536.0
 135883600.0
 136797904.0
 137685840.0
 138546704.0
 139380480.0
 140185856.0
 140961792.0
 141709104.0
 142426736.0
 143113456.0
 143770416.0
 144395952.0
 144988608.0
 145551264.0
 146080816.0
 146575696.0
 147041648.0
 147470560.0
 148138208.0
 150984480.0
 162971808.0
 202653952.0
 311212032.0
 565400512.0
 1078738176.0
 1965292800.0
 3250685696.0
 4766559232.0
 6125478912.0
 6858202624.0
 6667586048.0
 5618537472.0
 4103404800.0
 2607047424.0
 1460282752.0
 748600064.0
 383533952.0
 226691712.0
 169786048.0
 152448288.0
 148184688.0
 147322272.0
 146926752.0
 146430656.0
 145894352.0
 145358512.0
 144787408.0
 144175952.0
 143539520.0
 142873408.0
 142173824.0
 141446304.0
 140689488.0
 139901616.0
 139086336.0
 138243776.0
 137372736.0
 136475312.0
 135552192.0
 134602960.0
 133629016.0
 132630976.0
 131609072.0
 130564664.0
 129498072.0
 128409176.0
 127299704.0
 126170784.0
 125021864.0
 123853528.0
 122667920.0
 121466640.0
 120248776.0
 119011456.0
 117755072.0
 116486896.0
 115217024.0
 113951784.0
 112688480.0
 111410240.0
 110087432.0
 108694280.0
 107235864.0
 105766048.0
 104377368.0
 103153176.0
 102072928.0
 100858496.0
 98810304.0
 94802696.0
 87627440.0
 76651336.0
 62410316.0
 46654364.0
 31694646.0
 19440988.0
 10745222.0
 5378983.5
 2487033.25
 1114977.75
 528244.25
 286991.75
 180373.265625
 126066.5859375
 94702.9296875
 74170.34375
 59377.28515625
 48867.3203125
 41711.16015625
 36319.6875
 31645.08984375
 27880.0234375
 25222.13671875
 23068.763671875
 20891.935546875
 18857.552734375
 17289.7734375
 16077.5234375
 14778.751953125
 13270.0498046875
 11925.0517578125
 10880.498046875
 9778.9580078125
 8468.2294921875
 7217.59130859375
 6219.89794921875
 5376.38232421875
 4498.90087890625
 3613.48974609375
 2978.4755859375
 2646.773681640625
 2346.693359375
 1936.933349609375
 1543.65380859375
 1291.7161865234375
 1183.762939453125
 1098.478515625
 915.9420776367188
 697.6442260742188
 552.4879150390625
 469.4969177246094
 421.76611328125
 390.2124938964844
 333.65863037109375
 276.60888671875
 253.55215454101562
 235.245361328125
 223.0976104736328
 227.2895965576172
 213.7545166015625
 193.86195373535156
 193.65773010253906
 188.8696746826172
 183.3997039794922
 189.35250854492188
 180.05104064941406
 167.93687438964844
 173.9996795654297
 171.96630859375
 165.20606994628906
 168.8011016845703
 161.9235076904297
 155.35047912597656
 163.87704467773438
 160.05043029785156
 150.02284240722656
 153.25006103515625
 149.99493408203125
 144.5780792236328
 148.6117401123047
 141.0600128173828
 132.40834045410156
 139.3554229736328
 137.61561584472656
 129.44696044921875
 131.0410614013672
 126.60667419433594
 122.16666412353516
 128.2679901123047
 123.44859313964844
 115.01333618164062
 119.47624969482422
 117.75999450683594
 112.3017578125
 115.57488250732422
 111.35393524169922
 106.02328491210938
 111.51585388183594
 108.42035675048828
 101.59519958496094
 105.44690704345703
 103.41769409179688
 98.65168762207031
 102.39098358154297
 98.60150146484375
 93.06798553466797
 98.15679168701172
 96.1016616821289
 89.99358367919922
 92.96409606933594
 90.75121307373047
 86.66090393066406
 90.63829040527344
 87.15324401855469
 81.5863265991211
 86.20941925048828
 84.64833068847656
 79.14898681640625
 81.92578125
 80.01318359375
 76.33533477783203
 80.04547882080078
 76.8586654663086
 72.02397155761719
 76.79644012451172
 75.27368927001953
 69.82913970947266
 72.89923095703125
 71.96700286865234
 68.46290588378906
 71.1942367553711
 68.1657943725586
 64.6454086303711
 69.88020324707031
 67.67921447753906
 61.37013626098633
 64.68708038330078
 65.23296356201172
 62.028446197509766
 63.28903579711914
 59.754981994628906
 57.26780700683594
 63.17003631591797
 60.782840728759766
 53.994483947753906
 57.235496520996094
 58.351524353027344
 55.395687103271484
 56.594703674316406
 53.692405700683594
 51.55948257446289
 56.7081298828125
 54.2379035949707
 48.88172912597656
 53.311832427978516
 53.94800567626953
 49.79071044921875
 51.63176345825195
 51.47980499267578
 50.73706817626953
 54.647918701171875
 51.8511962890625
 49.15283203125
 56.828102111816406
 58.76953125
 54.739593505859375
 58.246700286865234
 61.754093170166016
 63.95604705810547
 68.97981262207031
 67.26255798339844
 66.17063903808594
 75.13874816894531
 78.43250274658203
 75.97720336914062
 79.6737289428711
 81.17927551269531
 81.94485473632812
 89.82997131347656
 93.48917388916016
 93.65752410888672
 98.56790924072266
 99.83722686767578
 102.3355484008789
 112.91536712646484
 115.39328002929688
 111.211181640625
 115.12623596191406
 119.26365661621094
 120.67945098876953
 124.0305404663086
 121.82719421386719
 120.65280151367188
 127.80915832519531
 127.85282897949219
 122.89915466308594
 126.60498809814453
 129.0763702392578
 127.55946350097656
 129.45037841796875
