#Spectral Energy [J/eV] (C-aligned, inner loop is vs Photon Energy, outer loop vs Vertical Position)
#9499.819850337859 #Initial Photon Energy [eV]
#9500.178102506894 #Final Photon Energy [eV]
#176 #Number of points vs Photon Energy
#0.0 #Initial Horizontal Position [m]
#0.0 #Final Horizontal Position [m]
#1 #Number of points vs Horizontal Position
#0.0 #Initial Vertical Position [m]
#0.0 #Final Vertical Position [m]
#1 #Number of points vs Vertical Position
#1 #Number of components
 7.689915371145162e-09
 5.205717634737539e-09
 2.840689461436341e-09
 9.806735423723012e-10
 4.058546554386311e-11
 4.596337199735956e-10
 2.7052229345514434e-09
 7.284118197503631e-09
 1.4753309685033855e-08
 2.5727244334916577e-08
 4.093816485806201e-08
 6.113356931791714e-08
 8.70824550247562e-08
 1.1979248881743843e-07
 1.60289289397042e-07
 2.0979501869078376e-07
 2.6985591716766066e-07
 3.421417034132901e-07
 4.288342836389347e-07
 5.327202643456985e-07
 6.565620651599602e-07
 8.041035357564397e-07
 9.804094815990538e-07
 1.1921757732125116e-06
 1.4480366417046753e-06
 1.7581589872861514e-06
 2.1353821466618683e-06
 2.595446858322248e-06
 3.157288119837176e-06
 3.844497314275941e-06
 4.68519556307001e-06
 5.713351583835902e-06
 6.970101821934804e-06
 8.503623575961683e-06
 1.0371490134275518e-05
 1.2641158718906809e-05
 1.5390523913083598e-05
 1.871087442850694e-05
 2.270592813147232e-05
 2.7494048481457867e-05
 3.320997711853124e-05
 4.0002614696277305e-05
 4.803887350135483e-05
 5.750174750573933e-05
 6.858876440674067e-05
 8.151627844199538e-05
 9.651235450292006e-05
 0.00011381951480871066
 0.00013369377120397985
 0.00015639440971426666
 0.00018219008052255958
 0.00021134836424607784
 0.00024412886705249548
 0.00028078912873752415
 0.00032156537054106593
 0.0003666784323286265
 0.00041632881038822234
 0.00047067509149201214
 0.0005298469914123416
 0.0005939207621850073
 0.00066291110124439
 0.0007367885555140674
 0.000815444509498775
 0.0008987172623164952
 0.0009863871382549405
 0.0010781455785036087
 0.0011736319866031408
 0.0012723903637379408
 0.0013738734414801002
 0.0014774833107367158
 0.001582524972036481
 0.001688275020569563
 0.0017939831595867872
 0.00189883669372648
 0.0020020308438688517
 0.00210268865339458
 0.002199895214289427
 0.0022927375975996256
 0.0023802719078958035
 0.0024616399314254522
 0.0025360642466694117
 0.002602851251140237
 0.002661430975422263
 0.002711278386414051
 0.002751864492893219
 0.0027827383019030094
 0.0028033964335918427
 0.0028134805615991354
 0.002812782535329461
 0.0028012311086058617
 0.002779067028313875
 0.002746629063040018
 0.0027044154703617096
 0.002653022762387991
 0.0025929806288331747
 0.0025249100290238857
 0.002449406310915947
 0.0023671123199164867
 0.0022788166534155607
 0.0021853288635611534
 0.002087569097056985
 0.0019864863716065884
 0.0018829763866961002
 0.0017779484624043107
 0.0016722234431654215
 0.0015665765386074781
 0.001461770967580378
 0.0013584919506683946
 0.0012574081774801016
 0.001159129198640585
 0.0010641702683642507
 0.0009729962912388146
 0.0008859662339091301
 0.0008033610647544265
 0.0007254069787450135
 0.0006522400071844459
 0.0005839542136527598
 0.0005205821944400668
 0.00046208855928853154
 0.00040840261499397457
 0.0003593917062971741
 0.0003148866235278547
 0.0002746929239947349
 0.0002385800617048517
 0.00020630989456549287
 0.00017762852075975388
 0.00015227057156153023
 0.00012997422891203314
 0.00011047171574318781
 9.350242908112705e-05
 7.881571946199983e-05
 6.616811879212037e-05
 5.533358853426762e-05
 4.6099343308014795e-05
 3.82675243599806e-05
 3.165895031997934e-05
 2.6108349629794247e-05
 2.1467889382620342e-05
 1.7605871107662097e-05
 1.440446521883132e-05
 1.1761620953620877e-05
 9.587743079464417e-06
 7.805359018675517e-06
 6.34865318716038e-06
 5.160835371498251e-06
 4.1943194446503185e-06
 3.4091779070877237e-06
 2.771772415144369e-06
 2.2546580566995544e-06
 1.8349575157117215e-06
 1.4939704442440416e-06
 1.2166532314950018e-06
 9.905623983286205e-07
 8.058360663198982e-07
 6.545215001096949e-07
 5.301699843585084e-07
 4.278110168343119e-07
 3.433683843923063e-07
 2.736410351644736e-07
 2.1614400225189456e-07
 1.6877548603133619e-07
 1.2993079678835784e-07
 9.828783475995806e-08
 7.27109537024262e-08
 5.232353927908662e-08
 3.633927647683777e-08
 2.407257682079944e-08
 1.4957974414642194e-08
 8.461259248804254e-09
 4.113339890920997e-09
 1.5024859134626922e-09
 2.505661234053491e-10
 2.1696601112952685e-11
 5.138188208242411e-10
 1.4570713524619805e-09
 2.6123934127042503e-09
