#Spectral Energy [J/eV] (C-aligned, inner loop is vs Photon Energy, outer loop vs Vertical Position)
#9499.819850337859 #Initial Photon Energy [eV]
#9500.178102506894 #Final Photon Energy [eV]
#176 #Number of points vs Photon Energy
#0.0 #Initial Horizontal Position [m]
#0.0 #Final Horizontal Position [m]
#1 #Number of points vs Horizontal Position
#0.0 #Initial Vertical Position [m]
#0.0 #Final Vertical Position [m]
#1 #Number of points vs Vertical Position
#1 #Number of components
 6.426600140940764e-09
 4.362724848050448e-09
 2.3878830024415265e-09
 8.266674011991881e-10
 3.425137951040824e-11
 3.87971765825057e-10
 2.2816617484267e-09
 6.121267048797563e-09
 1.2322714404433555e-08
 2.1313764975161575e-08
 3.3538633203988866e-08
 4.946847909081953e-08
 6.961722931464465e-08
 9.456483951453265e-08
 1.2498486512413365e-07
 1.6168685590400855e-07
 2.05660057872592e-07
 2.581354010544601e-07
 3.206554879398027e-07
 3.951620612951956e-07
 4.841044756176416e-07
 5.905617967982835e-07
 7.184003720794863e-07
 8.724599638298969e-07
 1.0587705219222698e-06
 1.2848236110585276e-06
 1.5598733398292097e-06
 1.8953184053316363e-06
 2.305113412148785e-06
 2.8062636374670547e-06
 3.4193833471363178e-06
 4.1693019738886505e-06
 5.085765678813914e-06
 6.204165401868522e-06
 7.566329713881714e-06
 9.221365871781018e-06
 1.1226467904634774e-05
 1.3647811101691332e-05
 1.6561303709750064e-05
 2.005336864385754e-05
 2.4221610146923922e-05
 2.917524761869572e-05
 3.503554034978151e-05
 4.1935843910323456e-05
 5.002145189791918e-05
 5.944919030298479e-05
 7.038642797851935e-05
 8.301014167955145e-05
 9.750494791660458e-05
 0.00011406106932554394
 0.0001328724465565756
 0.00015413446817547083
 0.00017803962691687047
 0.0002047739690169692
 0.00023451320885214955
 0.0002674183633644134
 0.0003036310663446784
 0.00034326923196204007
 0.0003864220925606787
 0.0004331455274950713
 0.00048345778486691415
 0.0005373349413275719
 0.0005947075551375747
 0.0006554571446031332
 0.000719413859769702
 0.000786354357842356
 0.0008560012211091816
 0.000928022782318294
 0.0010020341724157333
 0.0010775997070595622
 0.0011542356805875897
 0.0012314144987612963
 0.001308570383116603
 0.0013851062394678593
 0.0014603986637666821
 0.0015338086523115635
 0.0016046883538365364
 0.0016723909648135304
 0.0017362794606015086
 0.0017957375384867191
 0.001850177883170545
 0.0018990517128258944
 0.001941858557984233
 0.0019781526643782854
 0.002007552655413747
 0.002029746538028121
 0.00204449612647295
 0.0020516435615718365
 0.0020511122420430183
 0.002042907988652587
 0.0020271199755370617
 0.002003918867558241
 0.001973553095012903
 0.0019363458268344402
 0.001892687869258225
 0.001843033591285348
 0.0017878906801342964
 0.001727813039906323
 0.0016633925260975957
 0.001595248468220234
 0.001524018938653171
 0.0014503501588478684
 0.001374888583086431
 0.0012982703046873212
 0.0012211143039166927
 0.0011440129019320011
 0.0010675254743546247
 0.0009921726305037737
 0.0009184310911223292
 0.0008467287407256663
 0.0007774427067488432
 0.0007108966819941998
 0.000647360400762409
 0.0005870498716831207
 0.0005301280179992318
 0.0004767067439388484
 0.0004268497577868402
 0.00038057565689086914
 0.0003378617693670094
 0.0002986483450513333
 0.00026284309569746256
 0.00023032577882986516
 0.00020095292711630464
 0.00017456235946156085
 0.00015097791037987918
 0.00013001343177165836
 0.00011147691839141771
 9.51739857555367e-05
 8.091120980679989e-05
 6.849886995041743e-05
 5.775330646429211e-05
 4.849891774938442e-05
 4.0569622797193006e-05
 3.381007627467625e-05
 2.8076374292140827e-05
 2.32365036936244e-05
 1.9170502127963118e-05
 1.5770279787830077e-05
 1.293935019930359e-05
 1.059225087374216e-05
 8.6539384938078e-06
 7.0590353971056174e-06
 5.751031039835652e-06
 4.681448899646057e-06
 3.8090070120233577e-06
 3.0988044272817206e-06
 2.521539499866776e-06
 2.052767513305298e-06
 1.672232428973075e-06
 1.3632406989927404e-06
 1.1121190937046777e-06
 9.077241998056707e-07
 7.410200737467676e-07
 6.047131932973571e-07
 4.929399324282713e-07
 4.010065310922073e-07
 3.25166752190853e-07
 2.6244057949043054e-07
 2.104612804032513e-07
 1.673527236789596e-07
 1.3162465961613634e-07
 1.0209218004320064e-07
 7.780512589761202e-08
 5.799440216947005e-08
 4.202651027185311e-08
 2.93689250696616e-08
 1.9562586217602984e-08
 1.220093626130847e-08
 6.914711025984843e-09
 3.3628260176499225e-09
 1.2254968151381718e-09
 2.034491880520406e-10
 1.7518412068207034e-11
 4.1178416232412474e-10
 1.1574798897129313e-09
 2.0576085280055167e-09
