#Spectral Energy [J/eV] (C-aligned, inner loop is vs Photon Energy, outer loop vs Vertical Position)
#9499.819850337859 #Initial Photon Energy [eV]
#9500.178102506894 #Final Photon Energy [eV]
#176 #Number of points vs Photon Energy
#0.0 #Initial Horizontal Position [m]
#0.0 #Final Horizontal Position [m]
#1 #Number of points vs Horizontal Position
#0.0 #Initial Vertical Position [m]
#0.0 #Final Vertical Position [m]
#1 #Number of points vs Vertical Position
#1 #Number of components
 3.42338846159862e-09
 2.2846897707040625e-09
 1.2318778219722049e-09
 4.2014927648104106e-10
 1.727997953060445e-11
 1.958447154448706e-10
 1.1591072546224268e-09
 3.1736981931373975e-09
 6.623803283645202e-09
 1.2016023731575842e-08
 2.007899624345555e-08
 3.160032946425417e-08
 4.726107150077041e-08
 6.812750541485002e-08
 9.526583255592413e-08
 1.297330527449958e-07
 1.7293785958827357e-07
 2.262701883637419e-07
 2.912594254667056e-07
 3.7020373611085233e-07
 4.641241275749053e-07
 5.745025646319846e-07
 7.048536758702539e-07
 8.601928129792213e-07
 1.0470751021784963e-06
 1.2731738934235182e-06
 1.5479030253118253e-06
 1.8827975054591661e-06
 2.2918015929462854e-06
 2.7919527383346576e-06
 3.4038257581414655e-06
 4.152226210862864e-06
 5.0668777475948445e-06
 6.183083769428777e-06
 7.54265829527867e-06
 9.194597623718437e-06
 1.1196005289093591e-05
 1.361299837299157e-05
 1.6521269571967423e-05
 2.000716995098628e-05
 2.4168106392608024e-05
 2.9113014534232207e-05
 3.496306817396544e-05
 4.1851195419440046e-05
 4.9922447942662984e-05
 5.933344073127955e-05
 7.025096419965848e-05
 8.285194053314626e-05
 9.732066246215254e-05
 0.00011384717072360218
 0.00013262577704153955
 0.0001538505603093654
 0.00017771360580809414
 0.00020440065418370068
 0.000234085920965299
 0.0002669308159966022
 0.0003030757943633944
 0.00034263767884112895
 0.00038570628385059536
 0.00043233518954366446
 0.00048254302237182856
 0.0005363055388443172
 0.0005935507942922413
 0.0006541621987707913
 0.0007179678068496287
 0.0007847433444112539
 0.0008542136638425291
 0.0009260431979782879
 0.000999849638901651
 0.0010751974768936634
 0.0011515999212861061
 0.001228534267283976
 0.0013054321752861142
 0.0013816969003528357
 0.0014567101607099175
 0.0015298279467970133
 0.0016004086937755346
 0.0016678059473633766
 0.0017313809366896749
 0.001790525740943849
 0.0018446490867063403
 0.0018932062666863203
 0.00193570286501199
 0.0019716883543878794
 0.00200079008936882
 0.0020226975902915
 0.00203716941177845
 0.002044060965999961
 0.0020432868041098118
 0.002034862292930484
 0.0020188791677355766
 0.001995502505451441
 0.001964992145076394
 0.001927667297422886
 0.0018839181866496801
 0.0018342086113989353
 0.001779035897925496
 0.001718961982987821
 0.0016545787220820785
 0.001586497644893825
 0.001515367068350315
 0.0014418240170925856
 0.001366515178233385
 0.0012900809524580836
 0.0012131292605772614
 0.0011362576624378562
 0.0010600219247862697
 0.0009849356720224023
 0.0009114807471632957
 0.0008400760707445443
 0.0007710980135016143
 0.0007048708503134549
 0.0006416555843316019
 0.0005816711345687509
 0.0005250758840702474
 0.0004719772841781378
 0.0004224415752105415
 0.00037648077704943717
 0.00033407233422622085
 0.00029515617643482983
 0.00025963521329686046
 0.00022739132691640407
 0.0001982785324798897
 0.0001721331791486591
 0.0001487807894591242
 0.0001280325377592817
 0.00010969747381750494
 9.358159877592698e-05
 7.94902298366651e-05
 6.723558908561245e-05
 5.6633569329278544e-05
 4.750902371597476e-05
 3.969742829212919e-05
 3.3043113944586366e-05
 2.7403597414377145e-05
 2.2647696823696606e-05
 1.8655724488780834e-05
 1.5321094906539656e-05
 1.254766175406985e-05
 1.0250778359477408e-05
 8.356449143320788e-06
 6.799557468184503e-06
 5.524554126168368e-06
 4.483510110731004e-06
 3.6355063457449432e-06
 2.9464320050465176e-06
 2.3872089514043182e-06
 1.9338515357958386e-06
 1.5665824548705132e-06
 1.268814912691596e-06
 1.027337361847458e-06
 8.312028398904658e-07
 6.715145559610392e-07
 5.413668873188726e-07
 4.349468554210034e-07
 3.4781533031491563e-07
 2.765067108612129e-07
 2.1806613403896336e-07
 1.7039930355622346e-07
 1.3168306622901582e-07
 1.0035931552465627e-07
 7.533917312230187e-08
 5.5505914531295275e-08
 3.996893482849373e-08
 2.8060217260872378e-08
 1.9042332155549957e-08
 1.2370549917761764e-08
 7.597706463968734e-09
 4.271667464195161e-09
 2.0793351485082212e-09
 7.689796022170015e-10
 1.3049358815742096e-10
 1.1538655447784762e-11
 2.8085769820940243e-10
 8.197211798233184e-10
 1.5100691808100919e-09
