#Spectral Energy [J/eV] (C-aligned, inner loop is vs Photon Energy, outer loop vs Vertical Position)
#9499.819850337859 #Initial Photon Energy [eV]
#9500.178102506894 #Final Photon Energy [eV]
#176 #Number of points vs Photon Energy
#0.0 #Initial Horizontal Position [m]
#0.0 #Final Horizontal Position [m]
#1 #Number of points vs Horizontal Position
#0.0 #Initial Vertical Position [m]
#0.0 #Final Vertical Position [m]
#1 #Number of points vs Vertical Position
#1 #Number of components
 1.7034217592026835e-08
 1.13451177341517e-08
 6.121824380755925e-09
 2.096836704268412e-09
 8.618099983648264e-11
 9.702004755141047e-10
 5.678638004269487e-09
 1.5178176937524768e-08
 3.0465557188108505e-08
 5.257162172256358e-08
 8.257178762960393e-08
 1.2161154927525786e-07
 1.7094593829369842e-07
 2.3199473275781202e-07
 3.0641263037978206e-07
 3.9619067138119135e-07
 5.037651931161236e-07
 6.321711225609761e-07
 7.852108865336049e-07
 9.676767831479083e-07
 1.1856119499498163e-06
 1.4466193078987999e-06
 1.7602511661607423e-06
 2.1384678348113084e-06
 2.5961894607462455e-06
 3.1519589356321376e-06
 3.828710759989917e-06
 4.6547183956135996e-06
 5.664629497914575e-06
 6.9007287493150216e-06
 8.414319381699897e-06
 1.0267298421240412e-05
 1.2533909284684341e-05
 1.5302617612178437e-05
 1.8678168999031186e-05
 2.278370266139973e-05
 2.776293877104763e-05
 3.3782434911699966e-05
 4.103365426999517e-05
 4.973505565430969e-05
 6.013384700054303e-05
 7.250744238262996e-05
 8.716450247447938e-05
 0.00010444549843668938
 0.00012472255912143737
 0.00014839853974990547
 0.00017590528295841068
 0.00020770102855749428
 0.00024426658637821674
 0.00028610057779587805
 0.0003337134839966893
 0.00038762070471420884
 0.00044833411811850965
 0.0005163530586287379
 0.0005921542178839445
 0.000676180818118155
 0.000768830010201782
 0.0008704421343281865
 0.000981287332251668
 0.0011015533236786723
 0.001231334637850523
 0.0013706192839890718
 0.0015192796709015965
 0.00167706364300102
 0.0018435863312333822
 0.002018324099481106
 0.0022006123326718807
 0.0023896428756415844
 0.0025844662450253963
 0.0027839960530400276
 0.0029870152939110994
 0.0031921847257763147
 0.0033980589359998703
 0.003603099612519145
 0.00380569021217525
 0.0040041618049144745
 0.004196810070425272
 0.004381920676678419
 0.004557792097330093
 0.004722763784229755
 0.00487523665651679
 0.005013702437281609
 0.005136765073984861
 0.005243163555860519
 0.005331792403012514
 0.005401723552495241
 0.005452212877571583
 0.005482724867761135
 0.005492932163178921
 0.005482725333422422
 0.005452212877571583
 0.0054017226211726665
 0.005331792403012514
 0.005243163090199232
 0.005136764142662287
 0.005013701971620321
 0.004875237122178078
 0.004722763318568468
 0.004557792097330093
 0.004381920211017132
 0.004196810536086559
 0.0040041618049144745
 0.0038056904450058937
 0.0036030991468578577
 0.003398059168830514
 0.0031921849586069584
 0.0029870150610804558
 0.0027839960530400276
 0.0025844662450253963
 0.0023896428756415844
 0.0022006123326718807
 0.002018324099481106
 0.0018435860984027386
 0.00167706364300102
 0.0015192796709015965
 0.0013706190511584282
 0.001231334637850523
 0.0011015533236786723
 0.000981287332251668
 0.0008704421925358474
 0.0007688301266171038
 0.000676180818118155
 0.0005921543925069273
 0.0005163530586287379
 0.0004483340890146792
 0.0003876206756103784
 0.00033371354220435023
 0.0002861006068997085
 0.0002442666154820472
 0.00020770102855749428
 0.00017590526840649545
 0.00014839852519799024
 0.00012472254456952214
 0.00010444549843668938
 8.716449519852176e-05
 7.250742055475712e-05
 6.0133850638521835e-05
 4.973505201633088e-05
 4.103365426999517e-05
 3.378243127372116e-05
 2.7762940590037033e-05
 2.278369720443152e-05
 1.8678167180041783e-05
 1.5302617612178437e-05
 1.2533907465694938e-05
 1.0267296602251008e-05
 8.414318472205196e-06
 6.900727385072969e-06
 5.664631316903979e-06
 4.654717940866249e-06
 3.82871212423197e-06
 3.1519568892690586e-06
 2.5961894607462455e-06
 2.13846874430601e-06
 1.7602510524739046e-06
 1.446618853151449e-06
 1.1856110404551146e-06
 9.676766694610706e-07
 7.852093517612957e-07
 6.321704972833686e-07
 5.037649088990293e-07
 3.9619030189896876e-07
 3.064125735363632e-07
 2.3199450538413657e-07
 1.709465777821606e-07
 1.216117766489333e-07
 8.257158867763792e-08
 5.2571568431858395e-08
 3.046515928417648e-08
 1.5178097001466995e-08
 5.678424397359549e-09
 9.700945602375555e-10
 8.619338576210112e-11
 2.0969748160126755e-09
 6.121680495851933e-09
 1.1345121286865378e-08
