#Spectral Energy [J/eV] (C-aligned, inner loop is vs Photon Energy, outer loop vs Vertical Position)
#9499.819850337859 #Initial Photon Energy [eV]
#9500.178102506894 #Final Photon Energy [eV]
#176 #Number of points vs Photon Energy
#0.0 #Initial Horizontal Position [m]
#0.0 #Final Horizontal Position [m]
#1 #Number of points vs Horizontal Position
#0.0 #Initial Vertical Position [m]
#0.0 #Final Vertical Position [m]
#1 #Number of points vs Vertical Position
#1 #Number of components
 3.726578157170479e-08
 2.481969829659647e-08
 1.3392682518542642e-08
 4.5872350362685665e-09
 1.8853253680450877e-10
 2.1225037283301162e-09
 1.242316294280954e-08
 3.3205253657797584e-08
 6.6649477048486e-08
 1.150109127934229e-07
 1.806422460504109e-07
 2.660495397321938e-07
 3.739782243883383e-07
 5.07534764437878e-07
 6.703386929984845e-07
 8.667461770528462e-07
 1.1020867987099336e-06
 1.383000380883459e-06
 1.717805730550026e-06
 2.1169857973291073e-06
 2.59376270150824e-06
 3.164768486385583e-06
 3.850900156976422e-06
 4.678324785345467e-06
 5.679682089976268e-06
 6.895538717799354e-06
 8.376068763027433e-06
 1.0183123777096625e-05
 1.2392506505420897e-05
 1.509671983512817e-05
 1.840799995989073e-05
 2.2461763364844956e-05
 2.7420426704338752e-05
 3.3477528631919995e-05
 4.086221815668978e-05
 4.9843889428302646e-05
 6.0736962041119114e-05
 7.390581595245749e-05
 8.976930257631466e-05
 0.00010880534682655707
 0.0001315547851845622
 0.00015862447617109865
 0.0001906897232402116
 0.0002284953516209498
 0.000272855453658849
 0.0003246513952035457
 0.0003848278720397502
 0.0004543874238152057
 0.0005343818920664489
 0.0006259020301513374
 0.00073006481397897
 0.000847997609525919
 0.0009808202739804983
 0.001129625248722732
 0.0012954554986208677
 0.0014792802976444364
 0.0016819690354168415
 0.0019042657222598791
 0.002146761631593108
 0.0024098677095025778
 0.0026937900111079216
 0.002998502692207694
 0.003323727287352085
 0.0036689110565930605
 0.004033212549984455
 0.004415486473590136
 0.004814278334379196
 0.005227820016443729
 0.00565403513610363
 0.006090546492487192
 0.00653469143435359
 0.006983540952205658
 0.0074339318089187145
 0.007882499136030674
 0.008325706236064434
 0.00875990279018879
 0.009181358851492405
 0.009586324915289879
 0.009971079416573048
 0.010331987403333187
 0.01066555269062519
 0.010968472808599472
 0.011237697675824165
 0.011470465920865536
 0.011664359830319881
 0.011817346327006817
 0.011927803047001362
 0.011994554661214352
 0.012016884051263332
 0.011994554661214352
 0.011927803047001362
 0.011817345395684242
 0.011664359830319881
 0.011470464989542961
 0.01123769674450159
 0.010968473739922047
 0.01066555269062519
 0.010331986472010612
 0.009971078485250473
 0.009586324915289879
 0.00918135978281498
 0.00875990279018879
 0.008325706236064434
 0.0078824982047081
 0.0074339318089187145
 0.006983540952205658
 0.006534690968692303
 0.006090546492487192
 0.005654035601764917
 0.005227820016443729
 0.004814278334379196
 0.004415486473590136
 0.004033212084323168
 0.0036689110565930605
 0.0033237270545214415
 0.002998502692207694
 0.0026937900111079216
 0.0024098677095025778
 0.002146761631593108
 0.001904265838675201
 0.0016819691518321633
 0.0014792802976444364
 0.0012954557314515114
 0.001129625248722732
 0.0009808201575651765
 0.0008479974931105971
 0.0007300649303942919
 0.0006259020883589983
 0.0005343818920664489
 0.0004543874238152057
 0.00038482784293591976
 0.00032465136609971523
 0.000272855453658849
 0.0002284953516209498
 0.0001906897232402116
 0.0001586244470672682
 0.0001315547851845622
 0.00010880533955059946
 8.976930257631466e-05
 7.390580140054226e-05
 6.073696567909792e-05
 4.984388215234503e-05
 4.086221451871097e-05
 3.3477528631919995e-05
 2.7420423066359945e-05
 2.2461757907876745e-05
 1.840799995989073e-05
 1.5096717106644064e-05
 1.2392510143399704e-05
 1.0183123777096625e-05
 8.376071491511539e-06
 6.895533260831144e-06
 5.679682544723619e-06
 4.6783261495875195e-06
 3.850900611723773e-06
 3.164766894769855e-06
 2.593759745650459e-06
 2.1169860247027827e-06
 1.717802092571219e-06
 1.382998789267731e-06
 1.102086230275745e-06
 8.667451538713067e-07
 6.703387498419033e-07
 5.075345939076215e-07
 3.739798444257758e-07
 2.660499092144164e-07
 1.8064184814647888e-07
 1.1501064278718331e-07
 6.664856755378423e-08
 3.320512576010515e-08
 1.2422731288097566e-08
 2.1222776869223026e-09
 1.8856184669235887e-10
 4.587570767711213e-09
 1.3392372544274167e-08
 2.4819753363658492e-08
