       1  0.38815E-008
      14  0.40796E-009
      15  0.40849E-009
      16  0.41052E-009
      17  0.41366E-009
      18  0.41805E-009
      19  0.42374E-009
      20  0.43067E-009
      21  0.43868E-009
      22  0.44802E-009
      23  0.45860E-009
      24  0.47049E-009
      25  0.48344E-009
      26  0.49759E-009
      27  0.51295E-009
      28  0.52949E-009
      29  0.54704E-009
      30  0.56579E-009
      31  0.58568E-009
      32  0.60671E-009
      33  0.62871E-009
      34  0.65180E-009
      35  0.67594E-009
      36  0.70117E-009
      37  0.72729E-009
      38  0.75443E-009
      39  0.78260E-009
      40  0.81173E-009
      41  0.84169E-009
      42  0.87256E-009
      43  0.90433E-009
      44  0.93697E-009
      45  0.97035E-009
      46  0.10045E-008
      47  0.10395E-008
      48  0.10753E-008
      49  0.11116E-008
      50  0.11488E-008
      51  0.11866E-008
      52  0.12251E-008
      53  0.12641E-008
      54  0.13038E-008
      55  0.13440E-008
      56  0.13849E-008
      57  0.14262E-008
      58  0.14680E-008
      59  0.15103E-008
      60  0.15530E-008
      61  0.15962E-008
      62  0.16398E-008
      63  0.16837E-008
      64  0.17280E-008
      65  0.17726E-008
      66  0.18175E-008
      67  0.18627E-008
      68  0.19083E-008
      69  0.19540E-008
      70  0.20000E-008
      71  0.20462E-008
      72  0.20926E-008
      73  0.21392E-008
      74  0.21859E-008
      75  0.22328E-008
      76  0.22799E-008
      77  0.23270E-008
      78  0.23742E-008
      79  0.24215E-008
      80  0.24689E-008
      81  0.25163E-008
      82  0.25637E-008
      83  0.26112E-008
      84  0.26588E-008
      85  0.27063E-008
      86  0.27538E-008
      87  0.28014E-008
      88  0.28489E-008
      89  0.28964E-008
      90  0.29439E-008
      91  0.29914E-008
      92  0.30388E-008
      93  0.30862E-008
      94  0.31335E-008
      95  0.31807E-008
      96  0.32279E-008
      97  0.32750E-008
      98  0.33221E-008
      99  0.33692E-008
     100  0.34161E-008
     101  0.34630E-008
     102  0.35099E-008
     103  0.35566E-008
     104  0.36033E-008
     105  0.36499E-008
     106  0.36964E-008
     107  0.37429E-008
     108  0.37892E-008
     109  0.38354E-008
    1071   0.0000     
    1083  0.38515E-008
    1084  0.74053E-012
    1085  0.29599E-011
    1086  0.66575E-011
    1087  0.11828E-010
    1088  0.18468E-010
    1089  0.26570E-010
    1090  0.36125E-010
    1091  0.47124E-010
    1092  0.59554E-010
    1093  0.73403E-010
    1094  0.88657E-010
    1095  0.10530E-009
    1096  0.12331E-009
    1097  0.14268E-009
    1098  0.16339E-009
    1099  0.18540E-009
    1100  0.20872E-009
    1101  0.23331E-009
    1102  0.25915E-009
    1103  0.28621E-009
    1104  0.31447E-009
    1105  0.34391E-009
    1106  0.37449E-009
    1107  0.40620E-009
    1108  0.43899E-009
    1109  0.47284E-009
    1110  0.50772E-009
    1111  0.54361E-009
    1112  0.58046E-009
    1113  0.61825E-009
    1114  0.65695E-009
    1115  0.69652E-009
    1116  0.73693E-009
    1117  0.77815E-009
    1118  0.82015E-009
    1119  0.86289E-009
    1120  0.90635E-009
    1121  0.95048E-009
    1122  0.99526E-009
    1123  0.10407E-008
    1124  0.10866E-008
    1125  0.11332E-008
    1126  0.11802E-008
    1127  0.12278E-008
    1128  0.12758E-008
    1129  0.13242E-008
    1130  0.13731E-008
    1131  0.14223E-008
    1132  0.14718E-008
    1133  0.15217E-008
    1134  0.15718E-008
    1135  0.16223E-008
    1136  0.16729E-008
    1137  0.17238E-008
    1138  0.17749E-008
    1139  0.18261E-008
    1140  0.18775E-008
    1141  0.19289E-008
    1142  0.19805E-008
    1143  0.20322E-008
    1144  0.20839E-008
    1145  0.21357E-008
    1146  0.21875E-008
    1147  0.22393E-008
    1148  0.22911E-008
    1149  0.23428E-008
    1150  0.23946E-008
    1151  0.24462E-008
    1152  0.24979E-008
    1153  0.25494E-008
    1154  0.26009E-008
    1155  0.26522E-008
    1156  0.27035E-008
    1157  0.27547E-008
    1158  0.28057E-008
    1159  0.28566E-008
    1160  0.29074E-008
    1161  0.29581E-008
    1162  0.30086E-008
    1163  0.30590E-008
    1164  0.31092E-008
    1165  0.31593E-008
    1166  0.32093E-008
    1167  0.32591E-008
    1168  0.33088E-008
    1169  0.33584E-008
    1170  0.34078E-008
    1171  0.34572E-008
    1172  0.35064E-008
    1173  0.35556E-008
    1174  0.36047E-008
    1175  0.36538E-008
    1176  0.37029E-008
    1177  0.37521E-008
    1178  0.38015E-008
    3602  0.38968E-009
    3603  0.37132E-009
    3604  0.35293E-009
    3605  0.33444E-009
    3606  0.31585E-009
    3607  0.29715E-009
    3608  0.27836E-009
    3609  0.25946E-009
    3610  0.24046E-009
    3611  0.22136E-009
    3612  0.20215E-009
    3613  0.18284E-009
    3614  0.16343E-009
    3615  0.14396E-009
    3616  0.12443E-009
    3617  0.10502E-009
    3618  0.85782E-010
    3619  0.67146E-010
    3620  0.49433E-010
    3621  0.33358E-010
    3622  0.19628E-010
    3623  0.90067E-011
    3624  0.23714E-011
    3625  0.38516E-008
    3626  0.38519E-008
    3627  0.38524E-008
    3628  0.38531E-008
    3629  0.38539E-008
    3630  0.38548E-008
    3631  0.38558E-008
    3632  0.38569E-008
    3633  0.38580E-008
    3634  0.38593E-008
    3635  0.38605E-008
    3636  0.38619E-008
    3637  0.38632E-008
    3638  0.38647E-008
    3639  0.38661E-008
    3640  0.38677E-008
    3641  0.38692E-008
    3642  0.38709E-008
    3643  0.38725E-008
    3644  0.38742E-008
    3645  0.38760E-008
    3646  0.38778E-008
    3647  0.38796E-008
    3648  0.38021E-008
    3649  0.38037E-008
    3650  0.38059E-008
    3651  0.38085E-008
    3652  0.38112E-008
    3653  0.38142E-008
    3654  0.38173E-008
    3655  0.38206E-008
    3656  0.38241E-008
    3657  0.38277E-008
    3658  0.38315E-008
    3659  0.37522E-008
    3660  0.37527E-008
    3661  0.37535E-008
    3662  0.37545E-008
    3663  0.37557E-008
    3664  0.37571E-008
    3665  0.37585E-008
    3666  0.37600E-008
    3667  0.37615E-008
    3668  0.37631E-008
    3669  0.37648E-008
    3670  0.37664E-008
    3671  0.37681E-008
    3672  0.37698E-008
    3673  0.37716E-008
    3674  0.37734E-008
    3675  0.37752E-008
    3676  0.37771E-008
    3677  0.37790E-008
    3678  0.37810E-008
    3679  0.37830E-008
    3680  0.37850E-008
    3681  0.37871E-008
    3682  0.37036E-008
    3683  0.37056E-008
    3684  0.37084E-008
    3685  0.37116E-008
    3686  0.37150E-008
    3687  0.37185E-008
    3688  0.37223E-008
    3689  0.37261E-008
    3690  0.37301E-008
    3691  0.37342E-008
    3692  0.37385E-008
    3693  0.36540E-008
    3694  0.36546E-008
    3695  0.36555E-008
    3696  0.36567E-008
    3697  0.36581E-008
    3698  0.36597E-008
    3699  0.36613E-008
    3700  0.36631E-008
    3701  0.36649E-008
    3702  0.36668E-008
    3703  0.36687E-008
    3704  0.36706E-008
    3705  0.36726E-008
    3706  0.36746E-008
    3707  0.36766E-008
    3708  0.36787E-008
    3709  0.36808E-008
    3710  0.36829E-008
    3711  0.36851E-008
    3712  0.36873E-008
    3713  0.36895E-008
    3714  0.36918E-008
    3715  0.36941E-008
    3716  0.36055E-008
    3717  0.36078E-008
    3718  0.36110E-008
    3719  0.36146E-008
    3720  0.36186E-008
    3721  0.36226E-008
    3722  0.36268E-008
    3723  0.36312E-008
    3724  0.36357E-008
    3725  0.36403E-008
    3726  0.36450E-008
    3727  0.35558E-008
    3728  0.35565E-008
    3729  0.35575E-008
    3730  0.35588E-008
    3731  0.35604E-008
    3732  0.35622E-008
    3733  0.35641E-008
    3734  0.35661E-008
    3735  0.35682E-008
    3736  0.35703E-008
    3737  0.35724E-008
    3738  0.35746E-008
    3739  0.35768E-008
    3740  0.35790E-008
    3741  0.35813E-008
    3742  0.35836E-008
    3743  0.35860E-008
    3744  0.35883E-008
    3745  0.35908E-008
    3746  0.35932E-008
    3747  0.35957E-008
    3748  0.35982E-008
    3749  0.36007E-008
    3750  0.35073E-008
    3751  0.35099E-008
    3752  0.35134E-008
    3753  0.35175E-008
    3754  0.35219E-008
    3755  0.35265E-008
    3756  0.35312E-008
    3757  0.35360E-008
    3758  0.35410E-008
    3759  0.35460E-008
    3760  0.35513E-008
    3761  0.34574E-008
    3762  0.34581E-008
    3763  0.34593E-008
    3764  0.34608E-008
    3765  0.34626E-008
    3766  0.34646E-008
    3767  0.34667E-008
    3768  0.34689E-008
    3769  0.34712E-008
    3770  0.34735E-008
    3771  0.34759E-008
    3772  0.34783E-008
    3773  0.34807E-008
    3774  0.34832E-008
    3775  0.34857E-008
    3776  0.34883E-008
    3777  0.34909E-008
    3778  0.34935E-008
    3779  0.34961E-008
    3780  0.34988E-008
    3781  0.35015E-008
    3782  0.35043E-008
    3783  0.35070E-008
    3784  0.34089E-008
    3785  0.34116E-008
    3786  0.34156E-008
    3787  0.34202E-008
    3788  0.34250E-008
    3789  0.34300E-008
    3790  0.34352E-008
    3791  0.34405E-008
    3792  0.34459E-008
    3793  0.34515E-008
    3794  0.34572E-008
    3795  0.33587E-008
    3796  0.33595E-008
    3797  0.33607E-008
    3798  0.33624E-008
    3799  0.33643E-008
    3800  0.33665E-008
    3801  0.33689E-008
    3802  0.33713E-008
    3803  0.33738E-008
    3804  0.33764E-008
    3805  0.33790E-008
    3806  0.33817E-008
    3807  0.33844E-008
    3808  0.33871E-008
    3809  0.33898E-008
    3810  0.33926E-008
    3811  0.33955E-008
    3812  0.33983E-008
    3813  0.34012E-008
    3814  0.34041E-008
    3815  0.34071E-008
    3816  0.34101E-008
    3817  0.34131E-008
    3818  0.33099E-008
    3819  0.33130E-008
    3820  0.33174E-008
    3821  0.33224E-008
    3822  0.33277E-008
    3823  0.33332E-008
    3824  0.33389E-008
    3825  0.33447E-008
    3826  0.33506E-008
    3827  0.33567E-008
    3828  0.33629E-008
    3829  0.32594E-008
    3830  0.32603E-008
    3831  0.32617E-008
    3832  0.32635E-008
    3833  0.32657E-008
    3834  0.32681E-008
    3835  0.32707E-008
    3836  0.32733E-008
    3837  0.32761E-008
    3838  0.32789E-008
    3839  0.32818E-008
    3840  0.32847E-008
    3841  0.32876E-008
    3842  0.32906E-008
    3843  0.32936E-008
    3844  0.32967E-008
    3845  0.32997E-008
    3846  0.33028E-008
    3847  0.33060E-008
    3848  0.33091E-008
    3849  0.33123E-008
    3850  0.33156E-008
    3851  0.33188E-008
    3852  0.32105E-008
    3853  0.32139E-008
    3854  0.32187E-008
    3855  0.32242E-008
    3856  0.32300E-008
    3857  0.32361E-008
    3858  0.32422E-008
    3859  0.32485E-008
    3860  0.32550E-008
    3861  0.32615E-008
    3862  0.32682E-008
    3863  0.31596E-008
    3864  0.31606E-008
    3865  0.31622E-008
    3866  0.31642E-008
    3867  0.31665E-008
    3868  0.31692E-008
    3869  0.31720E-008
    3870  0.31749E-008
    3871  0.31779E-008
    3872  0.31810E-008
    3873  0.31841E-008
    3874  0.31873E-008
    3875  0.31905E-008
    3876  0.31938E-008
    3877  0.31970E-008
    3878  0.32003E-008
    3879  0.32037E-008
    3880  0.32070E-008
    3881  0.32104E-008
    3882  0.32139E-008
    3883  0.32173E-008
    3884  0.32208E-008
    3885  0.32243E-008
    3886  0.31106E-008
    3887  0.31143E-008
    3888  0.31195E-008
    3889  0.31255E-008
    3890  0.31319E-008
    3891  0.31385E-008
    3892  0.31452E-008
    3893  0.31520E-008
    3894  0.31590E-008
    3895  0.31661E-008
    3896  0.31734E-008
    3897  0.30593E-008
    3898  0.30604E-008
    3899  0.30621E-008
    3900  0.30643E-008
    3901  0.30669E-008
    3902  0.30697E-008
    3903  0.30728E-008
    3904  0.30760E-008
    3905  0.30793E-008
    3906  0.30827E-008
    3907  0.30861E-008
    3908  0.30895E-008
    3909  0.30930E-008
    3910  0.30965E-008
    3911  0.31001E-008
    3912  0.31037E-008
    3913  0.31073E-008
    3914  0.31109E-008
    3915  0.31146E-008
    3916  0.31183E-008
    3917  0.31221E-008
    3918  0.31258E-008
    3919  0.31296E-008
    3920  0.30101E-008
    3921  0.30141E-008
    3922  0.30199E-008
    3923  0.30264E-008
    3924  0.30334E-008
    3925  0.30405E-008
    3926  0.30478E-008
    3927  0.30552E-008
    3928  0.30628E-008
    3929  0.30704E-008
    3930  0.30782E-008
    3931  0.29585E-008
    3932  0.29596E-008
    3933  0.29615E-008
    3934  0.29639E-008
    3935  0.29667E-008
    3936  0.29698E-008
    3937  0.29732E-008
    3938  0.29767E-008
    3939  0.29803E-008
    3940  0.29839E-008
    3941  0.29876E-008
    3942  0.29914E-008
    3943  0.29952E-008
    3944  0.29990E-008
    3945  0.30028E-008
    3946  0.30067E-008
    3947  0.30106E-008
    3948  0.30145E-008
    3949  0.30185E-008
    3950  0.30225E-008
    3951  0.30265E-008
    3952  0.30306E-008
    3953  0.30347E-008
    3954  0.29090E-008
    3955  0.29135E-008
    3956  0.29197E-008
    3957  0.29269E-008
    3958  0.29344E-008
    3959  0.29422E-008
    3960  0.29501E-008
    3961  0.29581E-008
    3962  0.29662E-008
    3963  0.29745E-008
    3964  0.29829E-008
    3965  0.28571E-008
    3966  0.28583E-008
    3967  0.28603E-008
    3968  0.28629E-008
    3969  0.28660E-008
    3970  0.28695E-008
    3971  0.28731E-008
    3972  0.28769E-008
    3973  0.28808E-008
    3974  0.28848E-008
    3975  0.28888E-008
    3976  0.28929E-008
    3977  0.28969E-008
    3978  0.29011E-008
    3979  0.29052E-008
    3980  0.29094E-008
    3981  0.29136E-008
    3982  0.29178E-008
    3983  0.29221E-008
    3984  0.29264E-008
    3985  0.29307E-008
    3986  0.29351E-008
    3987  0.29395E-008
    3988  0.28075E-008
    3989  0.28123E-008
    3990  0.28191E-008
    3991  0.28269E-008
    3992  0.28351E-008
    3993  0.28435E-008
    3994  0.28520E-008
    3995  0.28606E-008
    3996  0.28694E-008
    3997  0.28783E-008
    3998  0.28873E-008
    3999  0.27551E-008
    4000  0.27565E-008
    4001  0.27587E-008
    4002  0.27615E-008
    4003  0.27649E-008
    4004  0.27686E-008
    4005  0.27726E-008
    4006  0.27767E-008
    4007  0.27810E-008
    4008  0.27853E-008
    4009  0.27896E-008
    4010  0.27940E-008
    4011  0.27984E-008
    4012  0.28029E-008
    4013  0.28073E-008
    4014  0.28118E-008
    4015  0.28164E-008
    4016  0.28209E-008
    4017  0.28255E-008
    4018  0.28302E-008
    4019  0.28348E-008
    4020  0.28395E-008
    4021  0.28442E-008
    4022  0.27054E-008
    4023  0.27107E-008
    4024  0.27181E-008
    4025  0.27265E-008
    4026  0.27354E-008
    4027  0.27444E-008
    4028  0.27537E-008
    4029  0.27630E-008
    4030  0.27724E-008
    4031  0.27820E-008
    4032  0.27916E-008
    4033  0.26528E-008
    4034  0.26542E-008
    4035  0.26566E-008
    4036  0.26597E-008
    4037  0.26634E-008
    4038  0.26674E-008
    4039  0.26717E-008
    4040  0.26762E-008
    4041  0.26808E-008
    4042  0.26854E-008
    4043  0.26901E-008
    4044  0.26948E-008
    4045  0.26996E-008
    4046  0.27044E-008
    4047  0.27092E-008
    4048  0.27141E-008
    4049  0.27189E-008
    4050  0.27238E-008
    4051  0.27288E-008
    4052  0.27337E-008
    4053  0.27387E-008
    4054  0.27437E-008
    4055  0.27488E-008
    4056  0.26030E-008
    4057  0.26087E-008
    4058  0.26167E-008
    4059  0.26258E-008
    4060  0.26354E-008
    4061  0.26452E-008
    4062  0.26551E-008
    4063  0.26651E-008
    4064  0.26753E-008
    4065  0.26855E-008
    4066  0.26958E-008
    4067  0.25500E-008
    4068  0.25516E-008
    4069  0.25542E-008
    4070  0.25575E-008
    4071  0.25615E-008
    4072  0.25659E-008
    4073  0.25705E-008
    4074  0.25753E-008
    4075  0.25803E-008
    4076  0.25853E-008
    4077  0.25904E-008
    4078  0.25955E-008
    4079  0.26006E-008
    4080  0.26058E-008
    4081  0.26109E-008
    4082  0.26162E-008
    4083  0.26214E-008
    4084  0.26267E-008
    4085  0.26319E-008
    4086  0.26373E-008
    4087  0.26426E-008
    4088  0.26480E-008
    4089  0.26533E-008
    4090  0.25001E-008
    4091  0.25063E-008
    4092  0.25150E-008
    4093  0.25248E-008
    4094  0.25352E-008
    4095  0.25457E-008
    4096  0.25564E-008
    4097  0.25672E-008
    4098  0.25780E-008
    4099  0.25890E-008
    4100  0.26001E-008
    4101  0.24469E-008
    4102  0.24486E-008
    4103  0.24514E-008
    4104  0.24550E-008
    4105  0.24593E-008
    4106  0.24640E-008
    4107  0.24691E-008
    4108  0.24743E-008
    4109  0.24796E-008
    4110  0.24850E-008
    4111  0.24905E-008
    4112  0.24959E-008
    4113  0.25015E-008
    4114  0.25070E-008
    4115  0.25126E-008
    4116  0.25182E-008
    4117  0.25238E-008
    4118  0.25294E-008
    4119  0.25351E-008
    4120  0.25408E-008
    4121  0.25465E-008
    4122  0.25522E-008
    4123  0.25579E-008
    4124  0.23970E-008
    4125  0.24037E-008
    4126  0.24130E-008
    4127  0.24237E-008
    4128  0.24348E-008
    4129  0.24462E-008
    4130  0.24576E-008
    4131  0.24692E-008
    4132  0.24808E-008
    4133  0.24925E-008
    4134  0.25043E-008
    4135  0.23435E-008
    4136  0.23454E-008
    4137  0.23484E-008
    4138  0.23523E-008
    4139  0.23569E-008
    4140  0.23620E-008
    4141  0.23674E-008
    4142  0.23731E-008
    4143  0.23788E-008
    4144  0.23846E-008
    4145  0.23905E-008
    4146  0.23964E-008
    4147  0.24023E-008
    4148  0.24082E-008
    4149  0.24142E-008
    4150  0.24202E-008
    4151  0.24262E-008
    4152  0.24322E-008
    4153  0.24383E-008
    4154  0.24443E-008
    4155  0.24504E-008
    4156  0.24565E-008
    4157  0.24627E-008
    4158  0.22937E-008
    4159  0.23009E-008
    4160  0.23110E-008
    4161  0.23224E-008
    4162  0.23344E-008
    4163  0.23466E-008
    4164  0.23588E-008
    4165  0.23712E-008
    4166  0.23837E-008
    4167  0.23962E-008
    4168  0.24088E-008
    4169  0.22400E-008
    4170  0.22420E-008
    4171  0.22453E-008
    4172  0.22495E-008
    4173  0.22544E-008
    4174  0.22599E-008
    4175  0.22658E-008
    4176  0.22718E-008
    4177  0.22780E-008
    4178  0.22842E-008
    4179  0.22905E-008
    4180  0.22968E-008
    4181  0.23031E-008
    4182  0.23095E-008
    4183  0.23159E-008
    4184  0.23223E-008
    4185  0.23287E-008
    4186  0.23351E-008
    4187  0.23416E-008
    4188  0.23481E-008
    4189  0.23546E-008
    4190  0.23611E-008
    4191  0.23676E-008
    4192  0.21903E-008
    4193  0.21981E-008
    4194  0.22089E-008
    4195  0.22212E-008
    4196  0.22340E-008
    4197  0.22471E-008
    4198  0.22602E-008
    4199  0.22734E-008
    4200  0.22867E-008
    4201  0.23000E-008
    4202  0.23135E-008
    4203  0.21365E-008
    4204  0.21386E-008
    4205  0.21421E-008
    4206  0.21467E-008
    4207  0.21520E-008
    4208  0.21579E-008
    4209  0.21641E-008
    4210  0.21706E-008
    4211  0.21772E-008
    4212  0.21839E-008
    4213  0.21906E-008
    4214  0.21974E-008
    4215  0.22042E-008
    4216  0.22110E-008
    4217  0.22178E-008
    4218  0.22246E-008
    4219  0.22314E-008
    4220  0.22383E-008
    4221  0.22452E-008
    4222  0.22521E-008
    4223  0.22590E-008
    4224  0.22659E-008
    4225  0.22729E-008
    4226  0.20870E-008
    4227  0.20953E-008
    4228  0.21069E-008
    4229  0.21201E-008
    4230  0.21338E-008
    4231  0.21478E-008
    4232  0.21618E-008
    4233  0.21759E-008
    4234  0.21900E-008
    4235  0.22042E-008
    4236  0.22185E-008
    4237  0.20330E-008
    4238  0.20354E-008
    4239  0.20391E-008
    4240  0.20440E-008
    4241  0.20497E-008
    4242  0.20560E-008
    4243  0.20627E-008
    4244  0.20696E-008
    4245  0.20767E-008
    4246  0.20838E-008
    4247  0.20910E-008
    4248  0.20982E-008
    4249  0.21055E-008
    4250  0.21127E-008
    4251  0.21200E-008
    4252  0.21273E-008
    4253  0.21345E-008
    4254  0.21418E-008
    4255  0.21492E-008
    4256  0.21565E-008
    4257  0.21638E-008
    4258  0.21712E-008
    4259  0.21785E-008
    4260  0.19838E-008
    4261  0.19927E-008
    4262  0.20051E-008
    4263  0.20192E-008
    4264  0.20339E-008
    4265  0.20488E-008
    4266  0.20637E-008
    4267  0.20787E-008
    4268  0.20938E-008
    4269  0.21089E-008
    4270  0.21240E-008
    4271  0.19298E-008
    4272  0.19323E-008
    4273  0.19363E-008
    4274  0.19415E-008
    4275  0.19476E-008
    4276  0.19544E-008
    4277  0.19615E-008
    4278  0.19690E-008
    4279  0.19765E-008
    4280  0.19841E-008
    4281  0.19918E-008
    4282  0.19995E-008
    4283  0.20072E-008
    4284  0.20149E-008
    4285  0.20226E-008
    4286  0.20304E-008
    4287  0.20381E-008
    4288  0.20459E-008
    4289  0.20536E-008
    4290  0.20614E-008
    4291  0.20692E-008
    4292  0.20770E-008
    4293  0.20848E-008
    4294  0.18810E-008
    4295  0.18905E-008
    4296  0.19038E-008
    4297  0.19188E-008
    4298  0.19345E-008
    4299  0.19503E-008
    4300  0.19662E-008
    4301  0.19821E-008
    4302  0.19981E-008
    4303  0.20141E-008
    4304  0.20301E-008
    4305  0.18270E-008
    4306  0.18297E-008
    4307  0.18340E-008
    4308  0.18395E-008
    4309  0.18460E-008
    4310  0.18533E-008
    4311  0.18609E-008
    4312  0.18688E-008
    4313  0.18768E-008
    4314  0.18849E-008
    4315  0.18931E-008
    4316  0.19013E-008
    4317  0.19095E-008
    4318  0.19177E-008
    4319  0.19259E-008
    4320  0.19341E-008
    4321  0.19423E-008
    4322  0.19505E-008
    4323  0.19587E-008
    4324  0.19670E-008
    4325  0.19752E-008
    4326  0.19835E-008
    4327  0.19917E-008
    4328  0.17786E-008
    4329  0.17887E-008
    4330  0.18029E-008
    4331  0.18189E-008
    4332  0.18356E-008
    4333  0.18524E-008
    4334  0.18693E-008
    4335  0.18862E-008
    4336  0.19031E-008
    4337  0.19201E-008
    4338  0.19370E-008
    4339  0.17248E-008
    4340  0.17277E-008
    4341  0.17322E-008
    4342  0.17381E-008
    4343  0.17451E-008
    4344  0.17527E-008
    4345  0.17608E-008
    4346  0.17693E-008
    4347  0.17778E-008
    4348  0.17864E-008
    4349  0.17951E-008
    4350  0.18038E-008
    4351  0.18125E-008
    4352  0.18212E-008
    4353  0.18298E-008
    4354  0.18385E-008
    4355  0.18472E-008
    4356  0.18560E-008
    4357  0.18647E-008
    4358  0.18734E-008
    4359  0.18821E-008
    4360  0.18908E-008
    4361  0.18995E-008
    4362  0.16769E-008
    4363  0.16877E-008
    4364  0.17028E-008
    4365  0.17198E-008
    4366  0.17375E-008
    4367  0.17553E-008
    4368  0.17732E-008
    4369  0.17911E-008
    4370  0.18090E-008
    4371  0.18269E-008
    4372  0.18448E-008
    4373  0.16234E-008
    4374  0.16264E-008
    4375  0.16312E-008
    4376  0.16375E-008
    4377  0.16449E-008
    4378  0.16530E-008
    4379  0.16616E-008
    4380  0.16706E-008
    4381  0.16796E-008
    4382  0.16888E-008
    4383  0.16979E-008
    4384  0.17071E-008
    4385  0.17163E-008
    4386  0.17255E-008
    4387  0.17347E-008
    4388  0.17439E-008
    4389  0.17531E-008
    4390  0.17623E-008
    4391  0.17715E-008
    4392  0.17807E-008
    4393  0.17899E-008
    4394  0.17991E-008
    4395  0.18083E-008
    4396  0.15761E-008
    4397  0.15875E-008
    4398  0.16035E-008
    4399  0.16216E-008
    4400  0.16403E-008
    4401  0.16592E-008
    4402  0.16781E-008
    4403  0.16971E-008
    4404  0.17159E-008
    4405  0.17348E-008
    4406  0.17537E-008
    4407  0.15228E-008
    4408  0.15260E-008
    4409  0.15312E-008
    4410  0.15378E-008
    4411  0.15457E-008
    4412  0.15543E-008
    4413  0.15634E-008
    4414  0.15729E-008
    4415  0.15825E-008
    4416  0.15921E-008
    4417  0.16019E-008
    4418  0.16116E-008
    4419  0.16213E-008
    4420  0.16310E-008
    4421  0.16407E-008
    4422  0.16505E-008
    4423  0.16602E-008
    4424  0.16699E-008
    4425  0.16795E-008
    4426  0.16892E-008
    4427  0.16989E-008
    4428  0.17086E-008
    4429  0.17183E-008
    4430  0.14763E-008
    4431  0.14884E-008
    4432  0.15054E-008
    4433  0.15245E-008
    4434  0.15443E-008
    4435  0.15643E-008
    4436  0.15842E-008
    4437  0.16042E-008
    4438  0.16241E-008
    4439  0.16440E-008
    4440  0.16638E-008
    4441  0.14235E-008
    4442  0.14269E-008
    4443  0.14323E-008
    4444  0.14394E-008
    4445  0.14476E-008
    4446  0.14568E-008
    4447  0.14664E-008
    4448  0.14764E-008
    4449  0.14865E-008
    4450  0.14968E-008
    4451  0.15070E-008
    4452  0.15173E-008
    4453  0.15275E-008
    4454  0.15378E-008
    4455  0.15480E-008
    4456  0.15582E-008
    4457  0.15685E-008
    4458  0.15787E-008
    4459  0.15889E-008
    4460  0.15990E-008
    4461  0.16092E-008
    4462  0.16194E-008
    4463  0.16296E-008
    4464  0.13778E-008
    4465  0.13906E-008
    4466  0.14085E-008
    4467  0.14287E-008
    4468  0.14496E-008
    4469  0.14706E-008
    4470  0.14917E-008
    4471  0.15127E-008
    4472  0.15336E-008
    4473  0.15545E-008
    4474  0.15753E-008
    4475  0.13255E-008
    4476  0.13291E-008
    4477  0.13348E-008
    4478  0.13423E-008
    4479  0.13510E-008
    4480  0.13606E-008
    4481  0.13708E-008
    4482  0.13813E-008
    4483  0.13920E-008
    4484  0.14028E-008
    4485  0.14136E-008
    4486  0.14244E-008
    4487  0.14352E-008
    4488  0.14460E-008
    4489  0.14567E-008
    4490  0.14675E-008
    4491  0.14782E-008
    4492  0.14889E-008
    4493  0.14996E-008
    4494  0.15103E-008
    4495  0.15210E-008
    4496  0.15317E-008
    4497  0.15424E-008
    4498  0.12808E-008
    4499  0.12943E-008
    4500  0.13132E-008
    4501  0.13344E-008
    4502  0.13564E-008
    4503  0.13786E-008
    4504  0.14007E-008
    4505  0.14227E-008
    4506  0.14447E-008
    4507  0.14666E-008
    4508  0.14884E-008
    4509  0.12291E-008
    4510  0.12329E-008
    4511  0.12389E-008
    4512  0.12468E-008
    4513  0.12560E-008
    4514  0.12661E-008
    4515  0.12768E-008
    4516  0.12879E-008
    4517  0.12991E-008
    4518  0.13105E-008
    4519  0.13218E-008
    4520  0.13332E-008
    4521  0.13445E-008
    4522  0.13558E-008
    4523  0.13671E-008
    4524  0.13784E-008
    4525  0.13897E-008
    4526  0.14009E-008
    4527  0.14121E-008
    4528  0.14233E-008
    4529  0.14345E-008
    4530  0.14457E-008
    4531  0.14568E-008
    4532  0.11855E-008
    4533  0.11997E-008
    4534  0.12195E-008
    4535  0.12419E-008
    4536  0.12650E-008
    4537  0.12883E-008
    4538  0.13114E-008
    4539  0.13345E-008
    4540  0.13576E-008
    4541  0.13805E-008
    4542  0.14033E-008
    4543  0.11346E-008
    4544  0.11386E-008
    4545  0.11449E-008
    4546  0.11532E-008
    4547  0.11628E-008
    4548  0.11735E-008
    4549  0.11847E-008
    4550  0.11964E-008
    4551  0.12081E-008
    4552  0.12200E-008
    4553  0.12319E-008
    4554  0.12438E-008
    4555  0.12557E-008
    4556  0.12676E-008
    4557  0.12794E-008
    4558  0.12912E-008
    4559  0.13030E-008
    4560  0.13147E-008
    4561  0.13265E-008
    4562  0.13382E-008
    4563  0.13499E-008
    4564  0.13615E-008
    4565  0.13732E-008
    4566  0.10922E-008
    4567  0.11071E-008
    4568  0.11279E-008
    4569  0.11513E-008
    4570  0.11756E-008
    4571  0.11999E-008
    4572  0.12242E-008
    4573  0.12484E-008
    4574  0.12724E-008
    4575  0.12964E-008
    4576  0.13202E-008
    4577  0.10421E-008
    4578  0.10463E-008
    4579  0.10530E-008
    4580  0.10616E-008
    4581  0.10717E-008
    4582  0.10829E-008
    4583  0.10947E-008
    4584  0.11069E-008
    4585  0.11192E-008
    4586  0.11317E-008
    4587  0.11441E-008
    4588  0.11566E-008
    4589  0.11690E-008
    4590  0.11814E-008
    4591  0.11938E-008
    4592  0.12061E-008
    4593  0.12184E-008
    4594  0.12307E-008
    4595  0.12429E-008
    4596  0.12551E-008
    4597  0.12673E-008
    4598  0.12795E-008
    4599  0.12916E-008
    4600  0.10010E-008
    4601  0.10167E-008
    4602  0.10385E-008
    4603  0.10630E-008
    4604  0.10884E-008
    4605  0.11138E-008
    4606  0.11392E-008
    4607  0.11644E-008
    4608  0.11895E-008
    4609  0.12145E-008
    4610  0.12393E-008
    4611  0.95204E-009
    4612  0.95639E-009
    4613  0.96337E-009
    4614  0.97240E-009
    4615  0.98299E-009
    4616  0.99467E-009
    4617  0.10070E-008
    4618  0.10197E-008
    4619  0.10326E-008
    4620  0.10456E-008
    4621  0.10586E-008
    4622  0.10716E-008
    4623  0.10846E-008
    4624  0.10975E-008
    4625  0.11104E-008
    4626  0.11233E-008
    4627  0.11361E-008
    4628  0.11489E-008
    4629  0.11617E-008
    4630  0.11744E-008
    4631  0.11871E-008
    4632  0.11997E-008
    4633  0.12124E-008
    4634  0.91239E-009
    4635  0.92875E-009
    4636  0.95151E-009
    4637  0.97711E-009
    4638  0.10036E-008
    4639  0.10301E-008
    4640  0.10566E-008
    4641  0.10828E-008
    4642  0.11090E-008
    4643  0.11350E-008
    4644  0.11608E-008
    4645  0.86452E-009
    4646  0.86906E-009
    4647  0.87635E-009
    4648  0.88577E-009
    4649  0.89682E-009
    4650  0.90902E-009
    4651  0.92187E-009
    4652  0.93516E-009
    4653  0.94861E-009
    4654  0.96217E-009
    4655  0.97572E-009
    4656  0.98926E-009
    4657  0.10028E-008
    4658  0.10162E-008
    4659  0.10297E-008
    4660  0.10430E-008
    4661  0.10564E-008
    4662  0.10697E-008
    4663  0.10829E-008
    4664  0.10962E-008
    4665  0.11094E-008
    4666  0.11225E-008
    4667  0.11356E-008
    4668  0.82645E-009
    4669  0.84351E-009
    4670  0.86723E-009
    4671  0.89391E-009
    4672  0.92146E-009
    4673  0.94910E-009
    4674  0.97660E-009
    4675  0.10039E-008
    4676  0.10311E-008
    4677  0.10581E-008
    4678  0.10849E-008
    4679  0.77984E-009
    4680  0.78458E-009
    4681  0.79217E-009
    4682  0.80198E-009
    4683  0.81349E-009
    4684  0.82618E-009
    4685  0.83956E-009
    4686  0.85339E-009
    4687  0.86739E-009
    4688  0.88149E-009
    4689  0.89558E-009
    4690  0.90966E-009
    4691  0.92369E-009
    4692  0.93768E-009
    4693  0.95163E-009
    4694  0.96553E-009
    4695  0.97939E-009
    4696  0.99320E-009
    4697  0.10070E-008
    4698  0.10207E-008
    4699  0.10344E-008
    4700  0.10480E-008
    4701  0.10616E-008
    4702  0.74348E-009
    4703  0.76123E-009
    4704  0.78590E-009
    4705  0.81364E-009
    4706  0.84227E-009
    4707  0.87097E-009
    4708  0.89952E-009
    4709  0.92787E-009
    4710  0.95604E-009
    4711  0.98402E-009
    4712  0.10118E-008
    4713  0.69827E-009
    4714  0.70320E-009
    4715  0.71108E-009
    4716  0.72128E-009
    4717  0.73323E-009
    4718  0.74642E-009
    4719  0.76031E-009
    4720  0.77468E-009
    4721  0.78920E-009
    4722  0.80384E-009
    4723  0.81845E-009
    4724  0.83306E-009
    4725  0.84761E-009
    4726  0.86212E-009
    4727  0.87658E-009
    4728  0.89098E-009
    4729  0.90534E-009
    4730  0.91964E-009
    4731  0.93390E-009
    4732  0.94810E-009
    4733  0.96226E-009
    4734  0.97638E-009
    4735  0.99046E-009
    4736  0.66375E-009
    4737  0.68217E-009
    4738  0.70777E-009
    4739  0.73654E-009
    4740  0.76622E-009
    4741  0.79596E-009
    4742  0.82553E-009
    4743  0.85489E-009
    4744  0.88403E-009
    4745  0.91297E-009
    4746  0.94171E-009
    4747  0.62007E-009
    4748  0.62518E-009
    4749  0.63335E-009
    4750  0.64392E-009
    4751  0.65631E-009
    4752  0.66998E-009
    4753  0.68437E-009
    4754  0.69925E-009
    4755  0.71430E-009
    4756  0.72945E-009
    4757  0.74458E-009
    4758  0.75970E-009
    4759  0.77476E-009
    4760  0.78977E-009
    4761  0.80472E-009
    4762  0.81961E-009
    4763  0.83445E-009
    4764  0.84924E-009
    4765  0.86397E-009
    4766  0.87864E-009
    4767  0.89327E-009
    4768  0.90785E-009
    4769  0.92242E-009
    4770  0.58751E-009
    4771  0.60658E-009
    4772  0.63308E-009
    4773  0.66285E-009
    4774  0.69356E-009
    4775  0.72431E-009
    4776  0.75486E-009
    4777  0.78519E-009
    4778  0.81528E-009
    4779  0.84515E-009
    4780  0.87482E-009
    4781  0.54549E-009
    4782  0.55077E-009
    4783  0.55923E-009
    4784  0.57016E-009
    4785  0.58297E-009
    4786  0.59710E-009
    4787  0.61198E-009
    4788  0.62736E-009
    4789  0.64291E-009
    4790  0.65857E-009
    4791  0.67420E-009
    4792  0.68981E-009
    4793  0.70535E-009
    4794  0.72085E-009
    4795  0.73628E-009
    4796  0.75165E-009
    4797  0.76695E-009
    4798  0.78220E-009
    4799  0.79739E-009
    4800  0.81252E-009
    4801  0.82759E-009
    4802  0.84261E-009
    4803  0.85760E-009
    4804  0.51501E-009
    4805  0.53471E-009
    4806  0.56208E-009
    4807  0.59282E-009
    4808  0.62451E-009
    4809  0.65623E-009
    4810  0.68775E-009
    4811  0.71901E-009
    4812  0.75001E-009
    4813  0.78077E-009
    4814  0.81130E-009
    4815  0.47479E-009
    4816  0.48024E-009
    4817  0.48896E-009
    4818  0.50024E-009
    4819  0.51346E-009
    4820  0.52804E-009
    4821  0.54339E-009
    4822  0.55924E-009
    4823  0.57527E-009
    4824  0.59141E-009
    4825  0.60752E-009
    4826  0.62361E-009
    4827  0.63963E-009
    4828  0.65558E-009
    4829  0.67147E-009
    4830  0.68730E-009
    4831  0.70305E-009
    4832  0.71874E-009
    4833  0.73437E-009
    4834  0.74993E-009
    4835  0.76543E-009
    4836  0.78089E-009
    4837  0.79630E-009
    4838  0.44649E-009
    4839  0.46680E-009
    4840  0.49500E-009
    4841  0.52667E-009
    4842  0.55931E-009
    4843  0.59196E-009
    4844  0.62439E-009
    4845  0.65655E-009
    4846  0.68843E-009
    4847  0.72004E-009
    4848  0.75140E-009
    4849  0.40820E-009
    4850  0.41381E-009
    4851  0.42279E-009
    4852  0.43440E-009
    4853  0.44801E-009
    4854  0.46301E-009
    4855  0.47881E-009
    4856  0.49513E-009
    4857  0.51162E-009
    4858  0.52822E-009
    4859  0.54479E-009
    4860  0.56133E-009
    4861  0.57779E-009
    4862  0.59419E-009
    4863  0.61052E-009
    4864  0.62678E-009
    4865  0.64296E-009
    4866  0.65908E-009
    4867  0.67512E-009
    4868  0.69110E-009
    4869  0.70701E-009
    4870  0.72287E-009
    4871  0.73865E-009
    4872  0.38221E-009
    4873  0.40309E-009
    4874  0.43209E-009
    4875  0.46464E-009
    4876  0.49817E-009
    4877  0.53172E-009
    4878  0.56502E-009
    4879  0.59802E-009
    4880  0.63073E-009
    4881  0.66315E-009
    4882  0.69531E-009
    4883  0.34597E-009
    4884  0.35173E-009
    4885  0.36096E-009
    4886  0.37288E-009
    4887  0.38686E-009
    4888  0.40226E-009
    4889  0.41848E-009
    4890  0.43524E-009
    4891  0.45216E-009
    4892  0.46920E-009
    4893  0.48620E-009
    4894  0.50317E-009
    4895  0.52006E-009
    4896  0.53688E-009
    4897  0.55362E-009
    4898  0.57029E-009
    4899  0.58688E-009
    4900  0.60340E-009
    4901  0.61985E-009
    4902  0.63622E-009
    4903  0.65252E-009
    4904  0.66876E-009
    4905  0.68497E-009
    4906  0.32239E-009
    4907  0.34381E-009
    4908  0.37356E-009
    4909  0.40694E-009
    4910  0.44132E-009
    4911  0.47570E-009
    4912  0.50981E-009
    4913  0.54362E-009
    4914  0.57712E-009
    4915  0.61031E-009
    4916  0.64323E-009
    4917  0.28832E-009
    4918  0.29422E-009
    4919  0.30368E-009
    4920  0.31590E-009
    4921  0.33022E-009
    4922  0.34600E-009
    4923  0.36262E-009
    4924  0.37978E-009
    4925  0.39711E-009
    4926  0.41456E-009
    4927  0.43196E-009
    4928  0.44934E-009
    4929  0.46662E-009
    4930  0.48384E-009
    4931  0.50097E-009
    4932  0.51803E-009
    4933  0.53500E-009
    4934  0.55189E-009
    4935  0.56871E-009
    4936  0.58545E-009
    4937  0.60212E-009
    4938  0.61872E-009
    4939  0.63528E-009
    4940  0.26725E-009
    4941  0.28918E-009
    4942  0.31962E-009
    4943  0.35377E-009
    4944  0.38894E-009
    4945  0.42410E-009
    4946  0.45898E-009
    4947  0.49353E-009
    4948  0.52775E-009
    4949  0.56167E-009
    4950  0.59529E-009
    4951  0.23546E-009
    4952  0.24150E-009
    4953  0.25117E-009
    4954  0.26366E-009
    4955  0.27830E-009
    4956  0.29443E-009
    4957  0.31142E-009
    4958  0.32895E-009
    4959  0.34667E-009
    4960  0.36449E-009
    4961  0.38227E-009
    4962  0.40001E-009
    4963  0.41767E-009
    4964  0.43525E-009
    4965  0.45274E-009
    4966  0.47015E-009
    4967  0.48748E-009
    4968  0.50472E-009
    4969  0.52189E-009
    4970  0.53897E-009
    4971  0.55597E-009
    4972  0.57292E-009
    4973  0.58983E-009
    4974  0.21700E-009
    4975  0.23939E-009
    4976  0.27047E-009
    4977  0.30534E-009
    4978  0.34123E-009
    4979  0.37710E-009
    4980  0.41268E-009
    4981  0.44791E-009
    4982  0.48281E-009
    4983  0.51738E-009
    4984  0.55164E-009
    4985  0.18761E-009
    4986  0.19376E-009
    4987  0.20362E-009
    4988  0.21637E-009
    4989  0.23130E-009
    4990  0.24775E-009
    4991  0.26507E-009
    4992  0.28295E-009
    4993  0.30101E-009
    4994  0.31918E-009
    4995  0.33730E-009
    4996  0.35538E-009
    4997  0.37337E-009
    4998  0.39128E-009
    4999  0.40910E-009
    5000  0.42684E-009
    5001  0.44448E-009
    5002  0.46204E-009
    5003  0.47952E-009
    5004  0.49691E-009
    5005  0.51421E-009
    5006  0.53145E-009
    5007  0.54865E-009
    5008  0.17182E-009
    5009  0.19463E-009
    5010  0.22629E-009
    5011  0.26180E-009
    5012  0.29835E-009
    5013  0.33487E-009
    5014  0.37108E-009
    5015  0.40693E-009
    5016  0.44243E-009
    5017  0.47758E-009
    5018  0.51242E-009
    5019  0.14492E-009
    5020  0.15119E-009
    5021  0.16122E-009
    5022  0.17419E-009
    5023  0.18938E-009
    5024  0.20612E-009
    5025  0.22374E-009
    5026  0.24193E-009
    5027  0.26030E-009
    5028  0.27878E-009
    5029  0.29721E-009
    5030  0.31559E-009
    5031  0.33388E-009
    5032  0.35209E-009
    5033  0.37021E-009
    5034  0.38823E-009
    5035  0.40616E-009
    5036  0.42401E-009
    5037  0.44176E-009
    5038  0.45943E-009
    5039  0.47701E-009
    5040  0.49454E-009
    5041  0.51201E-009
    5042  0.13189E-009
    5043  0.15507E-009
    5044  0.18725E-009
    5045  0.22334E-009
    5046  0.26047E-009
    5047  0.29756E-009
    5048  0.33433E-009
    5049  0.37074E-009
    5050  0.40678E-009
    5051  0.44246E-009
    5052  0.47781E-009
    5053  0.10757E-009
    5054  0.11393E-009
    5055  0.12412E-009
    5056  0.13729E-009
    5057  0.15271E-009
    5058  0.16970E-009
    5059  0.18758E-009
    5060  0.20605E-009
    5061  0.22469E-009
    5062  0.24344E-009
    5063  0.26214E-009
    5064  0.28079E-009
    5065  0.29935E-009
    5066  0.31782E-009
    5067  0.33619E-009
    5068  0.35447E-009
    5069  0.37266E-009
    5070  0.39075E-009
    5071  0.40876E-009
    5072  0.42667E-009
    5073  0.44450E-009
    5074  0.46225E-009
    5075  0.47993E-009
    5076  0.97351E-010
    5077  0.12086E-009
    5078  0.15349E-009
    5079  0.19007E-009
    5080  0.22771E-009
    5081  0.26531E-009
    5082  0.30257E-009
    5083  0.33945E-009
    5084  0.37595E-009
    5085  0.41209E-009
    5086  0.44789E-009
    5087  0.75706E-010
    5088  0.82151E-010
    5089  0.92468E-010
    5090  0.10580E-009
    5091  0.12142E-009
    5092  0.13863E-009
    5093  0.15674E-009
    5094  0.17544E-009
    5095  0.19431E-009
    5096  0.21330E-009
    5097  0.23223E-009
    5098  0.25111E-009
    5099  0.26989E-009
    5100  0.28859E-009
    5101  0.30718E-009
    5102  0.32568E-009
    5103  0.34408E-009
    5104  0.36239E-009
    5105  0.38060E-009
    5106  0.39872E-009
    5107  0.41675E-009
    5108  0.43470E-009
    5109  0.45260E-009
    5110  0.68351E-010
    5111  0.92136E-010
    5112  0.12514E-009
    5113  0.16215E-009
    5114  0.20021E-009
    5115  0.23823E-009
    5116  0.27590E-009
    5117  0.31318E-009
    5118  0.35007E-009
    5119  0.38658E-009
    5120  0.42275E-009
    5121  0.49451E-010
    5122  0.55964E-010
    5123  0.66390E-010
    5124  0.79867E-010
    5125  0.95647E-010
    5126  0.11304E-009
    5127  0.13133E-009
    5128  0.15022E-009
    5129  0.16929E-009
    5130  0.18847E-009
    5131  0.20759E-009
    5132  0.22666E-009
    5133  0.24563E-009
    5134  0.26451E-009
    5135  0.28329E-009
    5136  0.30196E-009
    5137  0.32054E-009
    5138  0.33902E-009
    5139  0.35740E-009
    5140  0.37569E-009
    5141  0.39388E-009
    5142  0.41199E-009
    5143  0.43005E-009
    5144  0.45004E-010
    5145  0.69012E-010
    5146  0.10233E-009
    5147  0.13967E-009
    5148  0.17808E-009
    5149  0.21644E-009
    5150  0.25444E-009
    5151  0.29204E-009
    5152  0.32925E-009
    5153  0.36606E-009
    5154  0.40251E-009
    5155  0.28917E-010
    5156  0.35483E-010
    5157  0.45994E-010
    5158  0.59581E-010
    5159  0.75490E-010
    5160  0.93021E-010
    5161  0.11146E-009
    5162  0.13050E-009
    5163  0.14972E-009
    5164  0.16906E-009
    5165  0.18833E-009
    5166  0.20755E-009
    5167  0.22667E-009
    5168  0.24569E-009
    5169  0.26461E-009
    5170  0.28343E-009
    5171  0.30214E-009
    5172  0.32076E-009
    5173  0.33928E-009
    5174  0.35771E-009
    5175  0.37603E-009
    5176  0.39428E-009
    5177  0.41248E-009
    5178  0.27410E-010
    5179  0.51585E-010
    5180  0.85131E-010
    5181  0.12273E-009
    5182  0.16140E-009
    5183  0.20002E-009
    5184  0.23827E-009
    5185  0.27612E-009
    5186  0.31357E-009
    5187  0.35062E-009
    5188  0.38731E-009
    5189  0.14189E-010
    5190  0.20793E-010
    5191  0.31366E-010
    5192  0.45032E-010
    5193  0.61033E-010
    5194  0.78665E-010
    5195  0.97215E-010
    5196  0.11636E-009
    5197  0.13569E-009
    5198  0.15513E-009
    5199  0.17451E-009
    5200  0.19384E-009
    5201  0.21306E-009
    5202  0.23219E-009
    5203  0.25121E-009
    5204  0.27014E-009
    5205  0.28895E-009
    5206  0.30767E-009
    5207  0.32629E-009
    5208  0.34481E-009
    5209  0.36323E-009
    5210  0.38157E-009
    5211  0.39982E-009
    5212  0.15641E-010
    5213  0.39928E-010
    5214  0.73630E-010
    5215  0.11140E-009
    5216  0.15025E-009
    5217  0.18903E-009
    5218  0.22746E-009
    5219  0.26547E-009
    5220  0.30307E-009
    5221  0.34028E-009
    5222  0.37711E-009
    5223  0.53286E-011
    5224  0.11956E-010
    5225  0.22565E-010
    5226  0.36279E-010
    5227  0.52336E-010
    5228  0.70029E-010
    5229  0.88643E-010
    5230  0.10786E-009
    5231  0.12725E-009
    5232  0.14676E-009
    5233  0.16620E-009
    5234  0.18560E-009
    5235  0.20488E-009
    5236  0.22407E-009
    5237  0.24315E-009
    5238  0.26213E-009
    5239  0.28101E-009
    5240  0.29979E-009
    5241  0.31846E-009
    5242  0.33704E-009
    5243  0.35552E-009
    5244  0.37391E-009
    5245  0.39224E-009
    5246  0.97445E-011
    5247  0.34089E-010
    5248  0.67867E-010
    5249  0.10573E-009
    5250  0.14466E-009
    5251  0.18353E-009
    5252  0.22204E-009
    5253  0.26013E-009
    5254  0.29781E-009
    5255  0.33509E-009
    5256  0.37199E-009
