       1  0.20915E-005
      14  0.38679E-006
      15  0.38728E-006
      16  0.38903E-006
      17  0.39184E-006
      18  0.39568E-006
      19  0.40069E-006
      20  0.40666E-006
      21  0.41378E-006
      22  0.42191E-006
      23  0.43117E-006
      24  0.44148E-006
      25  0.45271E-006
      26  0.46498E-006
      27  0.47827E-006
      28  0.49256E-006
      29  0.50770E-006
      30  0.52374E-006
      31  0.54078E-006
      32  0.55867E-006
      33  0.57739E-006
      34  0.59691E-006
      35  0.61723E-006
      36  0.63836E-006
      37  0.66024E-006
      38  0.68284E-006
      39  0.70601E-006
      40  0.72984E-006
      41  0.75436E-006
      42  0.77952E-006
      43  0.80515E-006
      44  0.83133E-006
      45  0.85802E-006
      46  0.88521E-006
      47  0.91278E-006
      48  0.94081E-006
      49  0.96925E-006
      50  0.99806E-006
      51  0.10272E-005
      52  0.10566E-005
      53  0.10862E-005
      54  0.11162E-005
      55  0.11463E-005
      56  0.11767E-005
      57  0.12072E-005
      58  0.12378E-005
      59  0.12686E-005
      60  0.12995E-005
      61  0.13305E-005
      62  0.13616E-005
      63  0.13926E-005
      64  0.14238E-005
      65  0.14549E-005
      66  0.14861E-005
      67  0.15172E-005
      68  0.15483E-005
      69  0.15793E-005
      70  0.16104E-005
      71  0.16413E-005
      72  0.16722E-005
      73  0.17029E-005
      74  0.17336E-005
      75  0.17642E-005
      76  0.17947E-005
      77  0.18250E-005
      78  0.18553E-005
      79  0.18854E-005
      80  0.19153E-005
      81  0.19451E-005
      82  0.19747E-005
      83  0.20042E-005
      84  0.20335E-005
      85  0.20626E-005
     807   0.0000     
     819  0.20574E-005
     820  0.73453E-009
     821  0.29341E-008
     822  0.65972E-008
     823  0.11714E-007
     824  0.18278E-007
     825  0.26273E-007
     826  0.35687E-007
     827  0.46500E-007
     828  0.58695E-007
     829  0.72246E-007
     830  0.87130E-007
     831  0.10332E-006
     832  0.12078E-006
     833  0.13949E-006
     834  0.15941E-006
     835  0.18051E-006
     836  0.20274E-006
     837  0.22608E-006
     838  0.25047E-006
     839  0.27589E-006
     840  0.30228E-006
     841  0.32961E-006
     842  0.35782E-006
     843  0.38689E-006
     844  0.41675E-006
     845  0.44737E-006
     846  0.47871E-006
     847  0.51070E-006
     848  0.54332E-006
     849  0.57652E-006
     850  0.61025E-006
     851  0.64446E-006
     852  0.67912E-006
     853  0.71418E-006
     854  0.74961E-006
     855  0.78535E-006
     856  0.82137E-006
     857  0.85764E-006
     858  0.89411E-006
     859  0.93075E-006
     860  0.96752E-006
     861  0.10044E-005
     862  0.10413E-005
     863  0.10783E-005
     864  0.11153E-005
     865  0.11523E-005
     866  0.11892E-005
     867  0.12261E-005
     868  0.12628E-005
     869  0.12995E-005
     870  0.13360E-005
     871  0.13724E-005
     872  0.14086E-005
     873  0.14447E-005
     874  0.14805E-005
     875  0.15161E-005
     876  0.15516E-005
     877  0.15868E-005
     878  0.16218E-005
     879  0.16565E-005
     880  0.16910E-005
     881  0.17253E-005
     882  0.17593E-005
     883  0.17931E-005
     884  0.18267E-005
     885  0.18601E-005
     886  0.18932E-005
     887  0.19262E-005
     888  0.19590E-005
     889  0.19917E-005
     890  0.20245E-005
    2714  0.37006E-006
    2715  0.35319E-006
    2716  0.33622E-006
    2717  0.31912E-006
    2718  0.30186E-006
    2719  0.28444E-006
    2720  0.26688E-006
    2721  0.24916E-006
    2722  0.23129E-006
    2723  0.21326E-006
    2724  0.19506E-006
    2725  0.17671E-006
    2726  0.15819E-006
    2727  0.13956E-006
    2728  0.12081E-006
    2729  0.10210E-006
    2730  0.83506E-007
    2731  0.65444E-007
    2732  0.48230E-007
    2733  0.32575E-007
    2734  0.19182E-007
    2735  0.88061E-008
    2736  0.23202E-008
    2737  0.20575E-005
    2738  0.20579E-005
    2739  0.20584E-005
    2740  0.20592E-005
    2741  0.20601E-005
    2742  0.20611E-005
    2743  0.20622E-005
    2744  0.20634E-005
    2745  0.20647E-005
    2746  0.20661E-005
    2747  0.20676E-005
    2748  0.20691E-005
    2749  0.20706E-005
    2750  0.20723E-005
    2751  0.20739E-005
    2752  0.20757E-005
    2753  0.20775E-005
    2754  0.20793E-005
    2755  0.20812E-005
    2756  0.20832E-005
    2757  0.20852E-005
    2758  0.20872E-005
    2759  0.20893E-005
    2760  0.20251E-005
    2761  0.20268E-005
    2762  0.20292E-005
    2763  0.20320E-005
    2764  0.20351E-005
    2765  0.20384E-005
    2766  0.20419E-005
    2767  0.20457E-005
    2768  0.20496E-005
    2769  0.20537E-005
    2770  0.20581E-005
    2771  0.19919E-005
    2772  0.19925E-005
    2773  0.19933E-005
    2774  0.19944E-005
    2775  0.19957E-005
    2776  0.19971E-005
    2777  0.19987E-005
    2778  0.20003E-005
    2779  0.20020E-005
    2780  0.20038E-005
    2781  0.20056E-005
    2782  0.20075E-005
    2783  0.20094E-005
    2784  0.20114E-005
    2785  0.20134E-005
    2786  0.20154E-005
    2787  0.20175E-005
    2788  0.20197E-005
    2789  0.20218E-005
    2790  0.20241E-005
    2791  0.20264E-005
    2792  0.20287E-005
    2793  0.20311E-005
    2794  0.19598E-005
    2795  0.19619E-005
    2796  0.19650E-005
    2797  0.19685E-005
    2798  0.19723E-005
    2799  0.19764E-005
    2800  0.19806E-005
    2801  0.19849E-005
    2802  0.19895E-005
    2803  0.19942E-005
    2804  0.19991E-005
    2805  0.19264E-005
    2806  0.19270E-005
    2807  0.19281E-005
    2808  0.19294E-005
    2809  0.19309E-005
    2810  0.19327E-005
    2811  0.19346E-005
    2812  0.19365E-005
    2813  0.19386E-005
    2814  0.19407E-005
    2815  0.19428E-005
    2816  0.19450E-005
    2817  0.19473E-005
    2818  0.19496E-005
    2819  0.19519E-005
    2820  0.19543E-005
    2821  0.19567E-005
    2822  0.19591E-005
    2823  0.19616E-005
    2824  0.19642E-005
    2825  0.19667E-005
    2826  0.19694E-005
    2827  0.19720E-005
    2828  0.18941E-005
    2829  0.18967E-005
    2830  0.19002E-005
    2831  0.19044E-005
    2832  0.19089E-005
    2833  0.19135E-005
    2834  0.19184E-005
    2835  0.19234E-005
    2836  0.19286E-005
    2837  0.19339E-005
    2838  0.19394E-005
    2839  0.18603E-005
    2840  0.18610E-005
    2841  0.18622E-005
    2842  0.18638E-005
    2843  0.18656E-005
    2844  0.18676E-005
    2845  0.18698E-005
    2846  0.18721E-005
    2847  0.18744E-005
    2848  0.18768E-005
    2849  0.18793E-005
    2850  0.18818E-005
    2851  0.18844E-005
    2852  0.18870E-005
    2853  0.18896E-005
    2854  0.18923E-005
    2855  0.18951E-005
    2856  0.18978E-005
    2857  0.19006E-005
    2858  0.19035E-005
    2859  0.19064E-005
    2860  0.19093E-005
    2861  0.19123E-005
    2862  0.18278E-005
    2863  0.18307E-005
    2864  0.18348E-005
    2865  0.18395E-005
    2866  0.18446E-005
    2867  0.18499E-005
    2868  0.18554E-005
    2869  0.18611E-005
    2870  0.18669E-005
    2871  0.18729E-005
    2872  0.18790E-005
    2873  0.17934E-005
    2874  0.17943E-005
    2875  0.17956E-005
    2876  0.17973E-005
    2877  0.17994E-005
    2878  0.18017E-005
    2879  0.18042E-005
    2880  0.18068E-005
    2881  0.18095E-005
    2882  0.18122E-005
    2883  0.18150E-005
    2884  0.18179E-005
    2885  0.18208E-005
    2886  0.18237E-005
    2887  0.18267E-005
    2888  0.18297E-005
    2889  0.18328E-005
    2890  0.18359E-005
    2891  0.18390E-005
    2892  0.18422E-005
    2893  0.18454E-005
    2894  0.18486E-005
    2895  0.18519E-005
    2896  0.17605E-005
    2897  0.17638E-005
    2898  0.17685E-005
    2899  0.17739E-005
    2900  0.17797E-005
    2901  0.17856E-005
    2902  0.17918E-005
    2903  0.17981E-005
    2904  0.18046E-005
    2905  0.18113E-005
    2906  0.18181E-005
    2907  0.17256E-005
    2908  0.17266E-005
    2909  0.17281E-005
    2910  0.17301E-005
    2911  0.17324E-005
    2912  0.17350E-005
    2913  0.17378E-005
    2914  0.17408E-005
    2915  0.17438E-005
    2916  0.17469E-005
    2917  0.17500E-005
    2918  0.17532E-005
    2919  0.17565E-005
    2920  0.17597E-005
    2921  0.17631E-005
    2922  0.17664E-005
    2923  0.17698E-005
    2924  0.17733E-005
    2925  0.17767E-005
    2926  0.17803E-005
    2927  0.17838E-005
    2928  0.17874E-005
    2929  0.17910E-005
    2930  0.16924E-005
    2931  0.16961E-005
    2932  0.17014E-005
    2933  0.17074E-005
    2934  0.17139E-005
    2935  0.17206E-005
    2936  0.17275E-005
    2937  0.17345E-005
    2938  0.17417E-005
    2939  0.17491E-005
    2940  0.17566E-005
    2941  0.16569E-005
    2942  0.16579E-005
    2943  0.16597E-005
    2944  0.16619E-005
    2945  0.16645E-005
    2946  0.16675E-005
    2947  0.16706E-005
    2948  0.16739E-005
    2949  0.16773E-005
    2950  0.16808E-005
    2951  0.16843E-005
    2952  0.16878E-005
    2953  0.16914E-005
    2954  0.16951E-005
    2955  0.16988E-005
    2956  0.17025E-005
    2957  0.17063E-005
    2958  0.17101E-005
    2959  0.17139E-005
    2960  0.17178E-005
    2961  0.17217E-005
    2962  0.17256E-005
    2963  0.17296E-005
    2964  0.16233E-005
    2965  0.16275E-005
    2966  0.16334E-005
    2967  0.16402E-005
    2968  0.16474E-005
    2969  0.16549E-005
    2970  0.16625E-005
    2971  0.16703E-005
    2972  0.16783E-005
    2973  0.16864E-005
    2974  0.16946E-005
    2975  0.15872E-005
    2976  0.15884E-005
    2977  0.15903E-005
    2978  0.15928E-005
    2979  0.15958E-005
    2980  0.15991E-005
    2981  0.16026E-005
    2982  0.16063E-005
    2983  0.16101E-005
    2984  0.16139E-005
    2985  0.16178E-005
    2986  0.16218E-005
    2987  0.16258E-005
    2988  0.16298E-005
    2989  0.16339E-005
    2990  0.16380E-005
    2991  0.16422E-005
    2992  0.16463E-005
    2993  0.16506E-005
    2994  0.16548E-005
    2995  0.16591E-005
    2996  0.16634E-005
    2997  0.16678E-005
    2998  0.15533E-005
    2999  0.15580E-005
    3000  0.15646E-005
    3001  0.15722E-005
    3002  0.15802E-005
    3003  0.15885E-005
    3004  0.15970E-005
    3005  0.16056E-005
    3006  0.16143E-005
    3007  0.16232E-005
    3008  0.16322E-005
    3009  0.15166E-005
    3010  0.15180E-005
    3011  0.15201E-005
    3012  0.15229E-005
    3013  0.15262E-005
    3014  0.15299E-005
    3015  0.15338E-005
    3016  0.15379E-005
    3017  0.15421E-005
    3018  0.15464E-005
    3019  0.15507E-005
    3020  0.15551E-005
    3021  0.15595E-005
    3022  0.15640E-005
    3023  0.15685E-005
    3024  0.15730E-005
    3025  0.15775E-005
    3026  0.15821E-005
    3027  0.15868E-005
    3028  0.15914E-005
    3029  0.15961E-005
    3030  0.16008E-005
    3031  0.16056E-005
    3032  0.14824E-005
    3033  0.14877E-005
    3034  0.14950E-005
    3035  0.15035E-005
    3036  0.15124E-005
    3037  0.15215E-005
    3038  0.15309E-005
    3039  0.15403E-005
    3040  0.15499E-005
    3041  0.15596E-005
    3042  0.15694E-005
    3043  0.14452E-005
    3044  0.14467E-005
    3045  0.14491E-005
    3046  0.14522E-005
    3047  0.14559E-005
    3048  0.14600E-005
    3049  0.14643E-005
    3050  0.14689E-005
    3051  0.14735E-005
    3052  0.14783E-005
    3053  0.14830E-005
    3054  0.14879E-005
    3055  0.14927E-005
    3056  0.14976E-005
    3057  0.15026E-005
    3058  0.15075E-005
    3059  0.15125E-005
    3060  0.15175E-005
    3061  0.15226E-005
    3062  0.15277E-005
    3063  0.15328E-005
    3064  0.15379E-005
    3065  0.15431E-005
    3066  0.14108E-005
    3067  0.14166E-005
    3068  0.14248E-005
    3069  0.14341E-005
    3070  0.14440E-005
    3071  0.14541E-005
    3072  0.14643E-005
    3073  0.14746E-005
    3074  0.14851E-005
    3075  0.14957E-005
    3076  0.15064E-005
    3077  0.13730E-005
    3078  0.13747E-005
    3079  0.13773E-005
    3080  0.13808E-005
    3081  0.13849E-005
    3082  0.13894E-005
    3083  0.13942E-005
    3084  0.13992E-005
    3085  0.14044E-005
    3086  0.14096E-005
    3087  0.14148E-005
    3088  0.14202E-005
    3089  0.14255E-005
    3090  0.14309E-005
    3091  0.14363E-005
    3092  0.14417E-005
    3093  0.14471E-005
    3094  0.14526E-005
    3095  0.14581E-005
    3096  0.14637E-005
    3097  0.14692E-005
    3098  0.14748E-005
    3099  0.14804E-005
    3100  0.13384E-005
    3101  0.13448E-005
    3102  0.13539E-005
    3103  0.13642E-005
    3104  0.13751E-005
    3105  0.13862E-005
    3106  0.13974E-005
    3107  0.14087E-005
    3108  0.14201E-005
    3109  0.14316E-005
    3110  0.14432E-005
    3111  0.13001E-005
    3112  0.13020E-005
    3113  0.13049E-005
    3114  0.13088E-005
    3115  0.13133E-005
    3116  0.13183E-005
    3117  0.13236E-005
    3118  0.13291E-005
    3119  0.13348E-005
    3120  0.13405E-005
    3121  0.13463E-005
    3122  0.13521E-005
    3123  0.13579E-005
    3124  0.13638E-005
    3125  0.13697E-005
    3126  0.13756E-005
    3127  0.13815E-005
    3128  0.13875E-005
    3129  0.13935E-005
    3130  0.13995E-005
    3131  0.14055E-005
    3132  0.14116E-005
    3133  0.14177E-005
    3134  0.12655E-005
    3135  0.12726E-005
    3136  0.12826E-005
    3137  0.12939E-005
    3138  0.13058E-005
    3139  0.13180E-005
    3140  0.13302E-005
    3141  0.13425E-005
    3142  0.13549E-005
    3143  0.13674E-005
    3144  0.13800E-005
    3145  0.12268E-005
    3146  0.12288E-005
    3147  0.12321E-005
    3148  0.12363E-005
    3149  0.12413E-005
    3150  0.12468E-005
    3151  0.12526E-005
    3152  0.12587E-005
    3153  0.12648E-005
    3154  0.12711E-005
    3155  0.12774E-005
    3156  0.12838E-005
    3157  0.12902E-005
    3158  0.12966E-005
    3159  0.13030E-005
    3160  0.13094E-005
    3161  0.13159E-005
    3162  0.13223E-005
    3163  0.13288E-005
    3164  0.13353E-005
    3165  0.13419E-005
    3166  0.13484E-005
    3167  0.13550E-005
    3168  0.11921E-005
    3169  0.11999E-005
    3170  0.12109E-005
    3171  0.12234E-005
    3172  0.12364E-005
    3173  0.12496E-005
    3174  0.12629E-005
    3175  0.12763E-005
    3176  0.12898E-005
    3177  0.13033E-005
    3178  0.13169E-005
    3179  0.11531E-005
    3180  0.11553E-005
    3181  0.11589E-005
    3182  0.11635E-005
    3183  0.11689E-005
    3184  0.11750E-005
    3185  0.11814E-005
    3186  0.11880E-005
    3187  0.11948E-005
    3188  0.12016E-005
    3189  0.12085E-005
    3190  0.12154E-005
    3191  0.12223E-005
    3192  0.12293E-005
    3193  0.12363E-005
    3194  0.12432E-005
    3195  0.12502E-005
    3196  0.12572E-005
    3197  0.12642E-005
    3198  0.12713E-005
    3199  0.12783E-005
    3200  0.12854E-005
    3201  0.12924E-005
    3202  0.11185E-005
    3203  0.11271E-005
    3204  0.11391E-005
    3205  0.11527E-005
    3206  0.11669E-005
    3207  0.11812E-005
    3208  0.11957E-005
    3209  0.12102E-005
    3210  0.12248E-005
    3211  0.12393E-005
    3212  0.12539E-005
    3213  0.10792E-005
    3214  0.10816E-005
    3215  0.10855E-005
    3216  0.10906E-005
    3217  0.10965E-005
    3218  0.11031E-005
    3219  0.11101E-005
    3220  0.11173E-005
    3221  0.11247E-005
    3222  0.11321E-005
    3223  0.11396E-005
    3224  0.11471E-005
    3225  0.11546E-005
    3226  0.11622E-005
    3227  0.11697E-005
    3228  0.11772E-005
    3229  0.11848E-005
    3230  0.11924E-005
    3231  0.11999E-005
    3232  0.12075E-005
    3233  0.12150E-005
    3234  0.12226E-005
    3235  0.12302E-005
    3236  0.10448E-005
    3237  0.10542E-005
    3238  0.10672E-005
    3239  0.10821E-005
    3240  0.10975E-005
    3241  0.11131E-005
    3242  0.11287E-005
    3243  0.11444E-005
    3244  0.11601E-005
    3245  0.11757E-005
    3246  0.11914E-005
    3247  0.10053E-005
    3248  0.10080E-005
    3249  0.10123E-005
    3250  0.10178E-005
    3251  0.10243E-005
    3252  0.10314E-005
    3253  0.10390E-005
    3254  0.10469E-005
    3255  0.10548E-005
    3256  0.10629E-005
    3257  0.10710E-005
    3258  0.10791E-005
    3259  0.10872E-005
    3260  0.10954E-005
    3261  0.11035E-005
    3262  0.11116E-005
    3263  0.11198E-005
    3264  0.11279E-005
    3265  0.11360E-005
    3266  0.11441E-005
    3267  0.11523E-005
    3268  0.11604E-005
    3269  0.11685E-005
    3270  0.97128E-006
    3271  0.98147E-006
    3272  0.99568E-006
    3273  0.10118E-005
    3274  0.10284E-005
    3275  0.10453E-005
    3276  0.10622E-005
    3277  0.10790E-005
    3278  0.10959E-005
    3279  0.11127E-005
    3280  0.11295E-005
    3281  0.93178E-006
    3282  0.93466E-006
    3283  0.93928E-006
    3284  0.94527E-006
    3285  0.95230E-006
    3286  0.96007E-006
    3287  0.96827E-006
    3288  0.97678E-006
    3289  0.98541E-006
    3290  0.99413E-006
    3291  0.10029E-005
    3292  0.10116E-005
    3293  0.10204E-005
    3294  0.10291E-005
    3295  0.10378E-005
    3296  0.10466E-005
    3297  0.10553E-005
    3298  0.10640E-005
    3299  0.10727E-005
    3300  0.10814E-005
    3301  0.10901E-005
    3302  0.10988E-005
    3303  0.11075E-005
    3304  0.89818E-006
    3305  0.90922E-006
    3306  0.92460E-006
    3307  0.94197E-006
    3308  0.95998E-006
    3309  0.97811E-006
    3310  0.99624E-006
    3311  0.10143E-005
    3312  0.10324E-005
    3313  0.10504E-005
    3314  0.10683E-005
    3315  0.85875E-006
    3316  0.86187E-006
    3317  0.86687E-006
    3318  0.87334E-006
    3319  0.88094E-006
    3320  0.88932E-006
    3321  0.89818E-006
    3322  0.90735E-006
    3323  0.91665E-006
    3324  0.92603E-006
    3325  0.93542E-006
    3326  0.94483E-006
    3327  0.95422E-006
    3328  0.96360E-006
    3329  0.97296E-006
    3330  0.98231E-006
    3331  0.99164E-006
    3332  0.10010E-005
    3333  0.10103E-005
    3334  0.10195E-005
    3335  0.10288E-005
    3336  0.10381E-005
    3337  0.10473E-005
    3338  0.82577E-006
    3339  0.83768E-006
    3340  0.85427E-006
    3341  0.87296E-006
    3342  0.89232E-006
    3343  0.91178E-006
    3344  0.93121E-006
    3345  0.95055E-006
    3346  0.96981E-006
    3347  0.98899E-006
    3348  0.10081E-005
    3349  0.78655E-006
    3350  0.78991E-006
    3351  0.79529E-006
    3352  0.80226E-006
    3353  0.81044E-006
    3354  0.81946E-006
    3355  0.82898E-006
    3356  0.83883E-006
    3357  0.84881E-006
    3358  0.85888E-006
    3359  0.86894E-006
    3360  0.87901E-006
    3361  0.88906E-006
    3362  0.89909E-006
    3363  0.90909E-006
    3364  0.91907E-006
    3365  0.92903E-006
    3366  0.93895E-006
    3367  0.94886E-006
    3368  0.95874E-006
    3369  0.96859E-006
    3370  0.97842E-006
    3371  0.98824E-006
    3372  0.75433E-006
    3373  0.76713E-006
    3374  0.78495E-006
    3375  0.80500E-006
    3376  0.82574E-006
    3377  0.84655E-006
    3378  0.86729E-006
    3379  0.88791E-006
    3380  0.90841E-006
    3381  0.92880E-006
    3382  0.94907E-006
    3383  0.71547E-006
    3384  0.71908E-006
    3385  0.72486E-006
    3386  0.73233E-006
    3387  0.74109E-006
    3388  0.75077E-006
    3389  0.76096E-006
    3390  0.77151E-006
    3391  0.78218E-006
    3392  0.79294E-006
    3393  0.80369E-006
    3394  0.81443E-006
    3395  0.82515E-006
    3396  0.83583E-006
    3397  0.84648E-006
    3398  0.85710E-006
    3399  0.86768E-006
    3400  0.87822E-006
    3401  0.88874E-006
    3402  0.89922E-006
    3403  0.90966E-006
    3404  0.92007E-006
    3405  0.93045E-006
    3406  0.68418E-006
    3407  0.69789E-006
    3408  0.71695E-006
    3409  0.73838E-006
    3410  0.76051E-006
    3411  0.78269E-006
    3412  0.80475E-006
    3413  0.82666E-006
    3414  0.84842E-006
    3415  0.87002E-006
    3416  0.89147E-006
    3417  0.64584E-006
    3418  0.64969E-006
    3419  0.65587E-006
    3420  0.66385E-006
    3421  0.67322E-006
    3422  0.68354E-006
    3423  0.69442E-006
    3424  0.70567E-006
    3425  0.71704E-006
    3426  0.72849E-006
    3427  0.73993E-006
    3428  0.75136E-006
    3429  0.76274E-006
    3430  0.77409E-006
    3431  0.78539E-006
    3432  0.79665E-006
    3433  0.80786E-006
    3434  0.81903E-006
    3435  0.83015E-006
    3436  0.84123E-006
    3437  0.85227E-006
    3438  0.86328E-006
    3439  0.87425E-006
    3440  0.61565E-006
    3441  0.63027E-006
    3442  0.65058E-006
    3443  0.67340E-006
    3444  0.69692E-006
    3445  0.72048E-006
    3446  0.74387E-006
    3447  0.76708E-006
    3448  0.79008E-006
    3449  0.81290E-006
    3450  0.83553E-006
    3451  0.57799E-006
    3452  0.58209E-006
    3453  0.58866E-006
    3454  0.59716E-006
    3455  0.60712E-006
    3456  0.61810E-006
    3457  0.62967E-006
    3458  0.64161E-006
    3459  0.65369E-006
    3460  0.66584E-006
    3461  0.67797E-006
    3462  0.69008E-006
    3463  0.70213E-006
    3464  0.71414E-006
    3465  0.72609E-006
    3466  0.73799E-006
    3467  0.74983E-006
    3468  0.76162E-006
    3469  0.77336E-006
    3470  0.78504E-006
    3471  0.79667E-006
    3472  0.80825E-006
    3473  0.81980E-006
    3474  0.54906E-006
    3475  0.56459E-006
    3476  0.58616E-006
    3477  0.61036E-006
    3478  0.63528E-006
    3479  0.66020E-006
    3480  0.68493E-006
    3481  0.70942E-006
    3482  0.73367E-006
    3483  0.75770E-006
    3484  0.78150E-006
    3485  0.51226E-006
    3486  0.51661E-006
    3487  0.52358E-006
    3488  0.53259E-006
    3489  0.54315E-006
    3490  0.55478E-006
    3491  0.56703E-006
    3492  0.57967E-006
    3493  0.59244E-006
    3494  0.60529E-006
    3495  0.61810E-006
    3496  0.63089E-006
    3497  0.64361E-006
    3498  0.65627E-006
    3499  0.66887E-006
    3500  0.68140E-006
    3501  0.69387E-006
    3502  0.70627E-006
    3503  0.71862E-006
    3504  0.73090E-006
    3505  0.74312E-006
    3506  0.75529E-006
    3507  0.76742E-006
    3508  0.48478E-006
    3509  0.50121E-006
    3510  0.52402E-006
    3511  0.54959E-006
    3512  0.57589E-006
    3513  0.60217E-006
    3514  0.62820E-006
    3515  0.65396E-006
    3516  0.67945E-006
    3517  0.70467E-006
    3518  0.72963E-006
    3519  0.44902E-006
    3520  0.45361E-006
    3521  0.46098E-006
    3522  0.47049E-006
    3523  0.48163E-006
    3524  0.49391E-006
    3525  0.50682E-006
    3526  0.52016E-006
    3527  0.53361E-006
    3528  0.54714E-006
    3529  0.56063E-006
    3530  0.57408E-006
    3531  0.58746E-006
    3532  0.60076E-006
    3533  0.61399E-006
    3534  0.62715E-006
    3535  0.64023E-006
    3536  0.65324E-006
    3537  0.66618E-006
    3538  0.67905E-006
    3539  0.69184E-006
    3540  0.70457E-006
    3541  0.71723E-006
    3542  0.42316E-006
    3543  0.44047E-006
    3544  0.46450E-006
    3545  0.49141E-006
    3546  0.51907E-006
    3547  0.54667E-006
    3548  0.57399E-006
    3549  0.60099E-006
    3550  0.62768E-006
    3551  0.65407E-006
    3552  0.68017E-006
    3553  0.38862E-006
    3554  0.39345E-006
    3555  0.40120E-006
    3556  0.41121E-006
    3557  0.42292E-006
    3558  0.43582E-006
    3559  0.44939E-006
    3560  0.46340E-006
    3561  0.47752E-006
    3562  0.49172E-006
    3563  0.50586E-006
    3564  0.51996E-006
    3565  0.53398E-006
    3566  0.54791E-006
    3567  0.56176E-006
    3568  0.57552E-006
    3569  0.58920E-006
    3570  0.60280E-006
    3571  0.61632E-006
    3572  0.62976E-006
    3573  0.64312E-006
    3574  0.65642E-006
    3575  0.66966E-006
    3576  0.36455E-006
    3577  0.38273E-006
    3578  0.40793E-006
    3579  0.43615E-006
    3580  0.46513E-006
    3581  0.49401E-006
    3582  0.52257E-006
    3583  0.55078E-006
    3584  0.57863E-006
    3585  0.60615E-006
    3586  0.63333E-006
    3587  0.33142E-006
    3588  0.33649E-006
    3589  0.34460E-006
    3590  0.35509E-006
    3591  0.36735E-006
    3592  0.38087E-006
    3593  0.39507E-006
    3594  0.40972E-006
    3595  0.42449E-006
    3596  0.43933E-006
    3597  0.45411E-006
    3598  0.46883E-006
    3599  0.48346E-006
    3600  0.49800E-006
    3601  0.51244E-006
    3602  0.52679E-006
    3603  0.54104E-006
    3604  0.55521E-006
    3605  0.56928E-006
    3606  0.58326E-006
    3607  0.59715E-006
    3608  0.61096E-006
    3609  0.62470E-006
    3610  0.30931E-006
    3611  0.32832E-006
    3612  0.35466E-006
    3613  0.38413E-006
    3614  0.41437E-006
    3615  0.44448E-006
    3616  0.47423E-006
    3617  0.50359E-006
    3618  0.53256E-006
    3619  0.56115E-006
    3620  0.58937E-006
    3621  0.27778E-006
    3622  0.28307E-006
    3623  0.29154E-006
    3624  0.30248E-006
    3625  0.31527E-006
    3626  0.32936E-006
    3627  0.34417E-006
    3628  0.35943E-006
    3629  0.37482E-006
    3630  0.39028E-006
    3631  0.40566E-006
    3632  0.42098E-006
    3633  0.43619E-006
    3634  0.45131E-006
    3635  0.46632E-006
    3636  0.48122E-006
    3637  0.49602E-006
    3638  0.51073E-006
    3639  0.52533E-006
    3640  0.53983E-006
    3641  0.55424E-006
    3642  0.56855E-006
    3643  0.58279E-006
    3644  0.25780E-006
    3645  0.27759E-006
    3646  0.30501E-006
    3647  0.33567E-006
    3648  0.36710E-006
    3649  0.39838E-006
    3650  0.42926E-006
    3651  0.45971E-006
    3652  0.48973E-006
    3653  0.51934E-006
    3654  0.54854E-006
    3655  0.22804E-006
    3656  0.23354E-006
    3657  0.24234E-006
    3658  0.25371E-006
    3659  0.26701E-006
    3660  0.28164E-006
    3661  0.29702E-006
    3662  0.31286E-006
    3663  0.32883E-006
    3664  0.34487E-006
    3665  0.36082E-006
    3666  0.37670E-006
    3667  0.39246E-006
    3668  0.40812E-006
    3669  0.42366E-006
    3670  0.43909E-006
    3671  0.45440E-006
    3672  0.46961E-006
    3673  0.48470E-006
    3674  0.49969E-006
    3675  0.51458E-006
    3676  0.52936E-006
    3677  0.54405E-006
    3678  0.21034E-006
    3679  0.23087E-006
    3680  0.25930E-006
    3681  0.29106E-006
    3682  0.32361E-006
    3683  0.35598E-006
    3684  0.38792E-006
    3685  0.41938E-006
    3686  0.45038E-006
    3687  0.48093E-006
    3688  0.51105E-006
    3689  0.18254E-006
    3690  0.18824E-006
    3691  0.19735E-006
    3692  0.20911E-006
    3693  0.22287E-006
    3694  0.23801E-006
    3695  0.25391E-006
    3696  0.27030E-006
    3697  0.28681E-006
    3698  0.30338E-006
    3699  0.31986E-006
    3700  0.33625E-006
    3701  0.35253E-006
    3702  0.36868E-006
    3703  0.38472E-006
    3704  0.40063E-006
    3705  0.41642E-006
    3706  0.43209E-006
    3707  0.44764E-006
    3708  0.46308E-006
    3709  0.47841E-006
    3710  0.49362E-006
    3711  0.50873E-006
    3712  0.16726E-006
    3713  0.18847E-006
    3714  0.21782E-006
    3715  0.25061E-006
    3716  0.28419E-006
    3717  0.31755E-006
    3718  0.35046E-006
    3719  0.38285E-006
    3720  0.41475E-006
    3721  0.44617E-006
    3722  0.47713E-006
    3723  0.14159E-006
    3724  0.14746E-006
    3725  0.15685E-006
    3726  0.16898E-006
    3727  0.18316E-006
    3728  0.19876E-006
    3729  0.21515E-006
    3730  0.23202E-006
    3731  0.24902E-006
    3732  0.26608E-006
    3733  0.28304E-006
    3734  0.29991E-006
    3735  0.31664E-006
    3736  0.33326E-006
    3737  0.34973E-006
    3738  0.36608E-006
    3739  0.38230E-006
    3740  0.39840E-006
    3741  0.41437E-006
    3742  0.43022E-006
    3743  0.44595E-006
    3744  0.46158E-006
    3745  0.47710E-006
    3746  0.12886E-006
    3747  0.15068E-006
    3748  0.18087E-006
    3749  0.21458E-006
    3750  0.24908E-006
    3751  0.28335E-006
    3752  0.31712E-006
    3753  0.35035E-006
    3754  0.38306E-006
    3755  0.41525E-006
    3756  0.44696E-006
    3757  0.10547E-006
    3758  0.11150E-006
    3759  0.12114E-006
    3760  0.13359E-006
    3761  0.14815E-006
    3762  0.16417E-006
    3763  0.18098E-006
    3764  0.19829E-006
    3765  0.21573E-006
    3766  0.23322E-006
    3767  0.25060E-006
    3768  0.26790E-006
    3769  0.28505E-006
    3770  0.30206E-006
    3771  0.31894E-006
    3772  0.33568E-006
    3773  0.35228E-006
    3774  0.36875E-006
    3775  0.38509E-006
    3776  0.40130E-006
    3777  0.41737E-006
    3778  0.43334E-006
    3779  0.44919E-006
    3780  0.95409E-007
    3781  0.11776E-006
    3782  0.14869E-006
    3783  0.18321E-006
    3784  0.21852E-006
    3785  0.25359E-006
    3786  0.28812E-006
    3787  0.32209E-006
    3788  0.35551E-006
    3789  0.38838E-006
    3790  0.42075E-006
    3791  0.74450E-007
    3792  0.80614E-007
    3793  0.90475E-007
    3794  0.10321E-006
    3795  0.11809E-006
    3796  0.13446E-006
    3797  0.15165E-006
    3798  0.16934E-006
    3799  0.18716E-006
    3800  0.20502E-006
    3801  0.22278E-006
    3802  0.24044E-006
    3803  0.25794E-006
    3804  0.27531E-006
    3805  0.29253E-006
    3806  0.30961E-006
    3807  0.32655E-006
    3808  0.34335E-006
    3809  0.36000E-006
    3810  0.37653E-006
    3811  0.39292E-006
    3812  0.40920E-006
    3813  0.42536E-006
    3814  0.67145E-007
    3815  0.89955E-007
    3816  0.12151E-006
    3817  0.15672E-006
    3818  0.19273E-006
    3819  0.22847E-006
    3820  0.26366E-006
    3821  0.29826E-006
    3822  0.33228E-006
    3823  0.36575E-006
    3824  0.39868E-006
    3825  0.48746E-007
    3826  0.55024E-007
    3827  0.65067E-007
    3828  0.78032E-007
    3829  0.93190E-007
    3830  0.10986E-006
    3831  0.12736E-006
    3832  0.14537E-006
    3833  0.16350E-006
    3834  0.18168E-006
    3835  0.19975E-006
    3836  0.21771E-006
    3837  0.23552E-006
    3838  0.25318E-006
    3839  0.27069E-006
    3840  0.28805E-006
    3841  0.30527E-006
    3842  0.32234E-006
    3843  0.33927E-006
    3844  0.35605E-006
    3845  0.37271E-006
    3846  0.38923E-006
    3847  0.40563E-006
    3848  0.44276E-007
    3849  0.67461E-007
    3850  0.99529E-007
    3851  0.13530E-006
    3852  0.17188E-006
    3853  0.20817E-006
    3854  0.24389E-006
    3855  0.27901E-006
    3856  0.31352E-006
    3857  0.34747E-006
    3858  0.38086E-006
    3859  0.28551E-007
    3860  0.34919E-007
    3861  0.45106E-007
    3862  0.58257E-007
    3863  0.73630E-007
    3864  0.90536E-007
    3865  0.10828E-006
    3866  0.12654E-006
    3867  0.14492E-006
    3868  0.16335E-006
    3869  0.18166E-006
    3870  0.19987E-006
    3871  0.21791E-006
    3872  0.23581E-006
    3873  0.25355E-006
    3874  0.27113E-006
    3875  0.28857E-006
    3876  0.30586E-006
    3877  0.32300E-006
    3878  0.33999E-006
    3879  0.35685E-006
    3880  0.37358E-006
    3881  0.39017E-006
    3882  0.26972E-007
    3883  0.50441E-007
    3884  0.82899E-007
    3885  0.11910E-006
    3886  0.15611E-006
    3887  0.19282E-006
    3888  0.22894E-006
    3889  0.26445E-006
    3890  0.29934E-006
    3891  0.33365E-006
    3892  0.36740E-006
    3893  0.14015E-007
    3894  0.20449E-007
    3895  0.30740E-007
    3896  0.44025E-007
    3897  0.59554E-007
    3898  0.76631E-007
    3899  0.94550E-007
    3900  0.11300E-006
    3901  0.13156E-006
    3902  0.15017E-006
    3903  0.16866E-006
    3904  0.18703E-006
    3905  0.20525E-006
    3906  0.22331E-006
    3907  0.24121E-006
    3908  0.25896E-006
    3909  0.27656E-006
    3910  0.29400E-006
    3911  0.31129E-006
    3912  0.32844E-006
    3913  0.34545E-006
    3914  0.36233E-006
    3915  0.37907E-006
    3916  0.15363E-007
    3917  0.39024E-007
    3918  0.71744E-007
    3919  0.10823E-006
    3920  0.14553E-006
    3921  0.18252E-006
    3922  0.21892E-006
    3923  0.25468E-006
    3924  0.28983E-006
    3925  0.32437E-006
    3926  0.35834E-006
    3927  0.52496E-008
    3928  0.11722E-007
    3929  0.22077E-007
    3930  0.35443E-007
    3931  0.51066E-007
    3932  0.68246E-007
    3933  0.86272E-007
    3934  0.10483E-006
    3935  0.12350E-006
    3936  0.14222E-006
    3937  0.16081E-006
    3938  0.17929E-006
    3939  0.19761E-006
    3940  0.21577E-006
    3941  0.23378E-006
    3942  0.25162E-006
    3943  0.26931E-006
    3944  0.28684E-006
    3945  0.30422E-006
    3946  0.32145E-006
    3947  0.33853E-006
    3948  0.35548E-006
    3949  0.37230E-006
    3950  0.95361E-008
    3951  0.33293E-007
    3952  0.66145E-007
    3953  0.10278E-006
    3954  0.14022E-006
    3955  0.17735E-006
    3956  0.21389E-006
    3957  0.24978E-006
    3958  0.28504E-006
    3959  0.31970E-006
    3960  0.35378E-006
