       1  0.11154E-004
      14  0.11973E-005
      15  0.11988E-005
      16  0.12047E-005
      17  0.12137E-005
      18  0.12264E-005
      19  0.12429E-005
      20  0.12629E-005
      21  0.12860E-005
      22  0.13130E-005
      23  0.13435E-005
      24  0.13779E-005
      25  0.14152E-005
      26  0.14561E-005
      27  0.15004E-005
      28  0.15481E-005
      29  0.15988E-005
      30  0.16529E-005
      31  0.17103E-005
      32  0.17709E-005
      33  0.18344E-005
      34  0.19010E-005
      35  0.19706E-005
      36  0.20433E-005
      37  0.21186E-005
      38  0.21969E-005
      39  0.22781E-005
      40  0.23620E-005
      41  0.24484E-005
      42  0.25373E-005
      43  0.26288E-005
      44  0.27228E-005
      45  0.28189E-005
      46  0.29173E-005
      47  0.30180E-005
      48  0.31209E-005
      49  0.32257E-005
      50  0.33324E-005
      51  0.34412E-005
      52  0.35520E-005
      53  0.36643E-005
      54  0.37784E-005
      55  0.38941E-005
      56  0.40115E-005
      57  0.41302E-005
      58  0.42503E-005
      59  0.43718E-005
      60  0.44947E-005
      61  0.46186E-005
      62  0.47436E-005
      63  0.48697E-005
      64  0.49969E-005
      65  0.51249E-005
      66  0.52537E-005
      67  0.53834E-005
      68  0.55140E-005
      69  0.56452E-005
      70  0.57770E-005
      71  0.59095E-005
      72  0.60425E-005
      73  0.61759E-005
      74  0.63097E-005
      75  0.64440E-005
      76  0.65787E-005
      77  0.67136E-005
      78  0.68487E-005
      79  0.69840E-005
      80  0.71196E-005
      81  0.72553E-005
      82  0.73910E-005
      83  0.75269E-005
      84  0.76628E-005
      85  0.77987E-005
      86  0.79346E-005
      87  0.80705E-005
      88  0.82064E-005
      89  0.83422E-005
      90  0.84778E-005
      91  0.86134E-005
      92  0.87488E-005
      93  0.88841E-005
      94  0.90192E-005
      95  0.91542E-005
      96  0.92889E-005
      97  0.94235E-005
      98  0.95579E-005
      99  0.96922E-005
     100  0.98262E-005
     101  0.99601E-005
     102  0.10094E-004
     103  0.10227E-004
     104  0.10360E-004
     105  0.10493E-004
     106  0.10626E-004
     107  0.10759E-004
     108  0.10891E-004
     109  0.11023E-004
    1071   0.0000     
    1083  0.11068E-004
    1084  0.21517E-008
    1085  0.85999E-008
    1086  0.19343E-007
    1087  0.34365E-007
    1088  0.53655E-007
    1089  0.77188E-007
    1090  0.10494E-006
    1091  0.13689E-006
    1092  0.17299E-006
    1093  0.21320E-006
    1094  0.25749E-006
    1095  0.30580E-006
    1096  0.35809E-006
    1097  0.41431E-006
    1098  0.47439E-006
    1099  0.53828E-006
    1100  0.60592E-006
    1101  0.67724E-006
    1102  0.75217E-006
    1103  0.83064E-006
    1104  0.91257E-006
    1105  0.99790E-006
    1106  0.10865E-005
    1107  0.11784E-005
    1108  0.12734E-005
    1109  0.13714E-005
    1110  0.14724E-005
    1111  0.15763E-005
    1112  0.16829E-005
    1113  0.17923E-005
    1114  0.19042E-005
    1115  0.20186E-005
    1116  0.21355E-005
    1117  0.22546E-005
    1118  0.23760E-005
    1119  0.24995E-005
    1120  0.26250E-005
    1121  0.27524E-005
    1122  0.28816E-005
    1123  0.30126E-005
    1124  0.31453E-005
    1125  0.32795E-005
    1126  0.34152E-005
    1127  0.35522E-005
    1128  0.36905E-005
    1129  0.38301E-005
    1130  0.39707E-005
    1131  0.41124E-005
    1132  0.42550E-005
    1133  0.43985E-005
    1134  0.45428E-005
    1135  0.46878E-005
    1136  0.48335E-005
    1137  0.49797E-005
    1138  0.51264E-005
    1139  0.52736E-005
    1140  0.54211E-005
    1141  0.55689E-005
    1142  0.57170E-005
    1143  0.58653E-005
    1144  0.60137E-005
    1145  0.61622E-005
    1146  0.63107E-005
    1147  0.64592E-005
    1148  0.66077E-005
    1149  0.67561E-005
    1150  0.69043E-005
    1151  0.70523E-005
    1152  0.72001E-005
    1153  0.73477E-005
    1154  0.74950E-005
    1155  0.76420E-005
    1156  0.77887E-005
    1157  0.79351E-005
    1158  0.80811E-005
    1159  0.82267E-005
    1160  0.83719E-005
    1161  0.85167E-005
    1162  0.86612E-005
    1163  0.88052E-005
    1164  0.89487E-005
    1165  0.90919E-005
    1166  0.92347E-005
    1167  0.93770E-005
    1168  0.95190E-005
    1169  0.96605E-005
    1170  0.98017E-005
    1171  0.99426E-005
    1172  0.10083E-004
    1173  0.10224E-004
    1174  0.10364E-004
    1175  0.10504E-004
    1176  0.10644E-004
    1177  0.10784E-004
    1178  0.10926E-004
    3602  0.11440E-005
    3603  0.10905E-005
    3604  0.10368E-005
    3605  0.98286E-006
    3606  0.92856E-006
    3607  0.87394E-006
    3608  0.81900E-006
    3609  0.76374E-006
    3610  0.70812E-006
    3611  0.65217E-006
    3612  0.59586E-006
    3613  0.53923E-006
    3614  0.48223E-006
    3615  0.42502E-006
    3616  0.36758E-006
    3617  0.31040E-006
    3618  0.25370E-006
    3619  0.19872E-006
    3620  0.14639E-006
    3621  0.98850E-007
    3622  0.58198E-007
    3623  0.26717E-007
    3624  0.70398E-008
    3625  0.11068E-004
    3626  0.11069E-004
    3627  0.11071E-004
    3628  0.11073E-004
    3629  0.11075E-004
    3630  0.11078E-004
    3631  0.11080E-004
    3632  0.11084E-004
    3633  0.11087E-004
    3634  0.11090E-004
    3635  0.11094E-004
    3636  0.11098E-004
    3637  0.11102E-004
    3638  0.11106E-004
    3639  0.11110E-004
    3640  0.11114E-004
    3641  0.11119E-004
    3642  0.11124E-004
    3643  0.11128E-004
    3644  0.11133E-004
    3645  0.11138E-004
    3646  0.11143E-004
    3647  0.11149E-004
    3648  0.10927E-004
    3649  0.10932E-004
    3650  0.10938E-004
    3651  0.10945E-004
    3652  0.10953E-004
    3653  0.10962E-004
    3654  0.10971E-004
    3655  0.10980E-004
    3656  0.10990E-004
    3657  0.11000E-004
    3658  0.11011E-004
    3659  0.10785E-004
    3660  0.10786E-004
    3661  0.10789E-004
    3662  0.10791E-004
    3663  0.10795E-004
    3664  0.10799E-004
    3665  0.10803E-004
    3666  0.10807E-004
    3667  0.10812E-004
    3668  0.10816E-004
    3669  0.10821E-004
    3670  0.10826E-004
    3671  0.10830E-004
    3672  0.10835E-004
    3673  0.10840E-004
    3674  0.10846E-004
    3675  0.10851E-004
    3676  0.10856E-004
    3677  0.10862E-004
    3678  0.10867E-004
    3679  0.10873E-004
    3680  0.10879E-004
    3681  0.10885E-004
    3682  0.10646E-004
    3683  0.10652E-004
    3684  0.10660E-004
    3685  0.10669E-004
    3686  0.10679E-004
    3687  0.10689E-004
    3688  0.10700E-004
    3689  0.10711E-004
    3690  0.10722E-004
    3691  0.10734E-004
    3692  0.10746E-004
    3693  0.10504E-004
    3694  0.10506E-004
    3695  0.10509E-004
    3696  0.10512E-004
    3697  0.10516E-004
    3698  0.10521E-004
    3699  0.10526E-004
    3700  0.10531E-004
    3701  0.10536E-004
    3702  0.10541E-004
    3703  0.10547E-004
    3704  0.10552E-004
    3705  0.10558E-004
    3706  0.10564E-004
    3707  0.10569E-004
    3708  0.10575E-004
    3709  0.10581E-004
    3710  0.10587E-004
    3711  0.10594E-004
    3712  0.10600E-004
    3713  0.10606E-004
    3714  0.10613E-004
    3715  0.10619E-004
    3716  0.10366E-004
    3717  0.10373E-004
    3718  0.10382E-004
    3719  0.10392E-004
    3720  0.10404E-004
    3721  0.10415E-004
    3722  0.10427E-004
    3723  0.10440E-004
    3724  0.10453E-004
    3725  0.10466E-004
    3726  0.10479E-004
    3727  0.10224E-004
    3728  0.10226E-004
    3729  0.10229E-004
    3730  0.10233E-004
    3731  0.10238E-004
    3732  0.10243E-004
    3733  0.10248E-004
    3734  0.10254E-004
    3735  0.10260E-004
    3736  0.10266E-004
    3737  0.10272E-004
    3738  0.10278E-004
    3739  0.10284E-004
    3740  0.10291E-004
    3741  0.10297E-004
    3742  0.10304E-004
    3743  0.10311E-004
    3744  0.10318E-004
    3745  0.10324E-004
    3746  0.10331E-004
    3747  0.10338E-004
    3748  0.10346E-004
    3749  0.10353E-004
    3750  0.10086E-004
    3751  0.10093E-004
    3752  0.10103E-004
    3753  0.10115E-004
    3754  0.10128E-004
    3755  0.10141E-004
    3756  0.10154E-004
    3757  0.10168E-004
    3758  0.10182E-004
    3759  0.10197E-004
    3760  0.10212E-004
    3761  0.99434E-005
    3762  0.99454E-005
    3763  0.99487E-005
    3764  0.99530E-005
    3765  0.99581E-005
    3766  0.99638E-005
    3767  0.99699E-005
    3768  0.99763E-005
    3769  0.99828E-005
    3770  0.99895E-005
    3771  0.99963E-005
    3772  0.10003E-004
    3773  0.10010E-004
    3774  0.10017E-004
    3775  0.10025E-004
    3776  0.10032E-004
    3777  0.10039E-004
    3778  0.10047E-004
    3779  0.10054E-004
    3780  0.10062E-004
    3781  0.10070E-004
    3782  0.10078E-004
    3783  0.10086E-004
    3784  0.98047E-005
    3785  0.98127E-005
    3786  0.98240E-005
    3787  0.98371E-005
    3788  0.98510E-005
    3789  0.98655E-005
    3790  0.98803E-005
    3791  0.98955E-005
    3792  0.99111E-005
    3793  0.99270E-005
    3794  0.99434E-005
    3795  0.96613E-005
    3796  0.96636E-005
    3797  0.96673E-005
    3798  0.96720E-005
    3799  0.96777E-005
    3800  0.96840E-005
    3801  0.96907E-005
    3802  0.96977E-005
    3803  0.97049E-005
    3804  0.97123E-005
    3805  0.97198E-005
    3806  0.97274E-005
    3807  0.97351E-005
    3808  0.97429E-005
    3809  0.97509E-005
    3810  0.97589E-005
    3811  0.97670E-005
    3812  0.97751E-005
    3813  0.97834E-005
    3814  0.97918E-005
    3815  0.98003E-005
    3816  0.98088E-005
    3817  0.98175E-005
    3818  0.95222E-005
    3819  0.95311E-005
    3820  0.95436E-005
    3821  0.95580E-005
    3822  0.95733E-005
    3823  0.95891E-005
    3824  0.96053E-005
    3825  0.96220E-005
    3826  0.96390E-005
    3827  0.96563E-005
    3828  0.96741E-005
    3829  0.93779E-005
    3830  0.93804E-005
    3831  0.93844E-005
    3832  0.93897E-005
    3833  0.93959E-005
    3834  0.94028E-005
    3835  0.94102E-005
    3836  0.94179E-005
    3837  0.94258E-005
    3838  0.94339E-005
    3839  0.94422E-005
    3840  0.94505E-005
    3841  0.94589E-005
    3842  0.94675E-005
    3843  0.94761E-005
    3844  0.94848E-005
    3845  0.94936E-005
    3846  0.95026E-005
    3847  0.95116E-005
    3848  0.95206E-005
    3849  0.95298E-005
    3850  0.95391E-005
    3851  0.95485E-005
    3852  0.92382E-005
    3853  0.92480E-005
    3854  0.92617E-005
    3855  0.92775E-005
    3856  0.92943E-005
    3857  0.93116E-005
    3858  0.93293E-005
    3859  0.93474E-005
    3860  0.93659E-005
    3861  0.93847E-005
    3862  0.94039E-005
    3863  0.90929E-005
    3864  0.90957E-005
    3865  0.91001E-005
    3866  0.91059E-005
    3867  0.91127E-005
    3868  0.91203E-005
    3869  0.91283E-005
    3870  0.91368E-005
    3871  0.91455E-005
    3872  0.91543E-005
    3873  0.91633E-005
    3874  0.91724E-005
    3875  0.91816E-005
    3876  0.91909E-005
    3877  0.92003E-005
    3878  0.92098E-005
    3879  0.92194E-005
    3880  0.92290E-005
    3881  0.92388E-005
    3882  0.92486E-005
    3883  0.92586E-005
    3884  0.92686E-005
    3885  0.92787E-005
    3886  0.89527E-005
    3887  0.89634E-005
    3888  0.89784E-005
    3889  0.89957E-005
    3890  0.90141E-005
    3891  0.90329E-005
    3892  0.90522E-005
    3893  0.90719E-005
    3894  0.90919E-005
    3895  0.91123E-005
    3896  0.91331E-005
    3897  0.88062E-005
    3898  0.88093E-005
    3899  0.88141E-005
    3900  0.88205E-005
    3901  0.88279E-005
    3902  0.88362E-005
    3903  0.88451E-005
    3904  0.88543E-005
    3905  0.88638E-005
    3906  0.88734E-005
    3907  0.88832E-005
    3908  0.88931E-005
    3909  0.89031E-005
    3910  0.89132E-005
    3911  0.89234E-005
    3912  0.89337E-005
    3913  0.89441E-005
    3914  0.89545E-005
    3915  0.89651E-005
    3916  0.89758E-005
    3917  0.89865E-005
    3918  0.89973E-005
    3919  0.90082E-005
    3920  0.86655E-005
    3921  0.86772E-005
    3922  0.86936E-005
    3923  0.87125E-005
    3924  0.87325E-005
    3925  0.87530E-005
    3926  0.87740E-005
    3927  0.87953E-005
    3928  0.88170E-005
    3929  0.88390E-005
    3930  0.88614E-005
    3931  0.85179E-005
    3932  0.85212E-005
    3933  0.85266E-005
    3934  0.85335E-005
    3935  0.85416E-005
    3936  0.85507E-005
    3937  0.85604E-005
    3938  0.85704E-005
    3939  0.85808E-005
    3940  0.85913E-005
    3941  0.86019E-005
    3942  0.86127E-005
    3943  0.86235E-005
    3944  0.86345E-005
    3945  0.86455E-005
    3946  0.86566E-005
    3947  0.86678E-005
    3948  0.86791E-005
    3949  0.86905E-005
    3950  0.87020E-005
    3951  0.87136E-005
    3952  0.87252E-005
    3953  0.87370E-005
    3954  0.83766E-005
    3955  0.83894E-005
    3956  0.84074E-005
    3957  0.84280E-005
    3958  0.84497E-005
    3959  0.84720E-005
    3960  0.84947E-005
    3961  0.85177E-005
    3962  0.85411E-005
    3963  0.85649E-005
    3964  0.85890E-005
    3965  0.82280E-005
    3966  0.82316E-005
    3967  0.82374E-005
    3968  0.82450E-005
    3969  0.82539E-005
    3970  0.82637E-005
    3971  0.82743E-005
    3972  0.82852E-005
    3973  0.82964E-005
    3974  0.83079E-005
    3975  0.83194E-005
    3976  0.83311E-005
    3977  0.83428E-005
    3978  0.83547E-005
    3979  0.83666E-005
    3980  0.83786E-005
    3981  0.83907E-005
    3982  0.84029E-005
    3983  0.84152E-005
    3984  0.84275E-005
    3985  0.84400E-005
    3986  0.84525E-005
    3987  0.84651E-005
    3988  0.80862E-005
    3989  0.81001E-005
    3990  0.81197E-005
    3991  0.81421E-005
    3992  0.81657E-005
    3993  0.81899E-005
    3994  0.82144E-005
    3995  0.82393E-005
    3996  0.82645E-005
    3997  0.82901E-005
    3998  0.83159E-005
    3999  0.79365E-005
    4000  0.79404E-005
    4001  0.79468E-005
    4002  0.79550E-005
    4003  0.79647E-005
    4004  0.79754E-005
    4005  0.79868E-005
    4006  0.79988E-005
    4007  0.80109E-005
    4008  0.80233E-005
    4009  0.80358E-005
    4010  0.80484E-005
    4011  0.80611E-005
    4012  0.80739E-005
    4013  0.80868E-005
    4014  0.80998E-005
    4015  0.81128E-005
    4016  0.81259E-005
    4017  0.81391E-005
    4018  0.81524E-005
    4019  0.81658E-005
    4020  0.81792E-005
    4021  0.81928E-005
    4022  0.77943E-005
    4023  0.78095E-005
    4024  0.78308E-005
    4025  0.78551E-005
    4026  0.78806E-005
    4027  0.79068E-005
    4028  0.79333E-005
    4029  0.79601E-005
    4030  0.79872E-005
    4031  0.80147E-005
    4032  0.80424E-005
    4033  0.76436E-005
    4034  0.76479E-005
    4035  0.76547E-005
    4036  0.76637E-005
    4037  0.76742E-005
    4038  0.76859E-005
    4039  0.76983E-005
    4040  0.77112E-005
    4041  0.77243E-005
    4042  0.77377E-005
    4043  0.77513E-005
    4044  0.77649E-005
    4045  0.77786E-005
    4046  0.77924E-005
    4047  0.78063E-005
    4048  0.78202E-005
    4049  0.78343E-005
    4050  0.78484E-005
    4051  0.78626E-005
    4052  0.78768E-005
    4053  0.78911E-005
    4054  0.79056E-005
    4055  0.79200E-005
    4056  0.75011E-005
    4057  0.75176E-005
    4058  0.75407E-005
    4059  0.75670E-005
    4060  0.75946E-005
    4061  0.76228E-005
    4062  0.76514E-005
    4063  0.76803E-005
    4064  0.77094E-005
    4065  0.77389E-005
    4066  0.77686E-005
    4067  0.73494E-005
    4068  0.73540E-005
    4069  0.73615E-005
    4070  0.73712E-005
    4071  0.73826E-005
    4072  0.73952E-005
    4073  0.74086E-005
    4074  0.74226E-005
    4075  0.74369E-005
    4076  0.74513E-005
    4077  0.74659E-005
    4078  0.74806E-005
    4079  0.74954E-005
    4080  0.75103E-005
    4081  0.75252E-005
    4082  0.75402E-005
    4083  0.75553E-005
    4084  0.75704E-005
    4085  0.75856E-005
    4086  0.76009E-005
    4087  0.76163E-005
    4088  0.76317E-005
    4089  0.76472E-005
    4090  0.72067E-005
    4091  0.72245E-005
    4092  0.72496E-005
    4093  0.72780E-005
    4094  0.73079E-005
    4095  0.73383E-005
    4096  0.73690E-005
    4097  0.74000E-005
    4098  0.74313E-005
    4099  0.74629E-005
    4100  0.74947E-005
    4101  0.70541E-005
    4102  0.70591E-005
    4103  0.70672E-005
    4104  0.70777E-005
    4105  0.70900E-005
    4106  0.71037E-005
    4107  0.71182E-005
    4108  0.71333E-005
    4109  0.71487E-005
    4110  0.71643E-005
    4111  0.71800E-005
    4112  0.71958E-005
    4113  0.72117E-005
    4114  0.72277E-005
    4115  0.72437E-005
    4116  0.72598E-005
    4117  0.72760E-005
    4118  0.72922E-005
    4119  0.73085E-005
    4120  0.73249E-005
    4121  0.73413E-005
    4122  0.73578E-005
    4123  0.73744E-005
    4124  0.69114E-005
    4125  0.69307E-005
    4126  0.69577E-005
    4127  0.69884E-005
    4128  0.70206E-005
    4129  0.70533E-005
    4130  0.70863E-005
    4131  0.71196E-005
    4132  0.71531E-005
    4133  0.71869E-005
    4134  0.72209E-005
    4135  0.67580E-005
    4136  0.67634E-005
    4137  0.67722E-005
    4138  0.67835E-005
    4139  0.67968E-005
    4140  0.68116E-005
    4141  0.68272E-005
    4142  0.68435E-005
    4143  0.68600E-005
    4144  0.68768E-005
    4145  0.68937E-005
    4146  0.69107E-005
    4147  0.69278E-005
    4148  0.69449E-005
    4149  0.69621E-005
    4150  0.69794E-005
    4151  0.69967E-005
    4152  0.70141E-005
    4153  0.70315E-005
    4154  0.70490E-005
    4155  0.70665E-005
    4156  0.70842E-005
    4157  0.71019E-005
    4158  0.66154E-005
    4159  0.66362E-005
    4160  0.66653E-005
    4161  0.66984E-005
    4162  0.67330E-005
    4163  0.67681E-005
    4164  0.68036E-005
    4165  0.68392E-005
    4166  0.68751E-005
    4167  0.69112E-005
    4168  0.69475E-005
    4169  0.64613E-005
    4170  0.64672E-005
    4171  0.64766E-005
    4172  0.64888E-005
    4173  0.65032E-005
    4174  0.65191E-005
    4175  0.65359E-005
    4176  0.65534E-005
    4177  0.65712E-005
    4178  0.65892E-005
    4179  0.66074E-005
    4180  0.66256E-005
    4181  0.66439E-005
    4182  0.66623E-005
    4183  0.66807E-005
    4184  0.66991E-005
    4185  0.67176E-005
    4186  0.67362E-005
    4187  0.67548E-005
    4188  0.67735E-005
    4189  0.67922E-005
    4190  0.68109E-005
    4191  0.68298E-005
    4192  0.63190E-005
    4193  0.63414E-005
    4194  0.63728E-005
    4195  0.64083E-005
    4196  0.64455E-005
    4197  0.64831E-005
    4198  0.65210E-005
    4199  0.65592E-005
    4200  0.65974E-005
    4201  0.66359E-005
    4202  0.66746E-005
    4203  0.61644E-005
    4204  0.61708E-005
    4205  0.61809E-005
    4206  0.61940E-005
    4207  0.62094E-005
    4208  0.62265E-005
    4209  0.62446E-005
    4210  0.62634E-005
    4211  0.62825E-005
    4212  0.63018E-005
    4213  0.63212E-005
    4214  0.63408E-005
    4215  0.63603E-005
    4216  0.63800E-005
    4217  0.63996E-005
    4218  0.64193E-005
    4219  0.64391E-005
    4220  0.64589E-005
    4221  0.64787E-005
    4222  0.64986E-005
    4223  0.65185E-005
    4224  0.65385E-005
    4225  0.65586E-005
    4226  0.60226E-005
    4227  0.60467E-005
    4228  0.60803E-005
    4229  0.61185E-005
    4230  0.61583E-005
    4231  0.61986E-005
    4232  0.62391E-005
    4233  0.62797E-005
    4234  0.63206E-005
    4235  0.63616E-005
    4236  0.64027E-005
    4237  0.58677E-005
    4238  0.58745E-005
    4239  0.58853E-005
    4240  0.58994E-005
    4241  0.59160E-005
    4242  0.59343E-005
    4243  0.59537E-005
    4244  0.59738E-005
    4245  0.59942E-005
    4246  0.60149E-005
    4247  0.60357E-005
    4248  0.60566E-005
    4249  0.60775E-005
    4250  0.60984E-005
    4251  0.61194E-005
    4252  0.61404E-005
    4253  0.61614E-005
    4254  0.61825E-005
    4255  0.62036E-005
    4256  0.62248E-005
    4257  0.62459E-005
    4258  0.62671E-005
    4259  0.62884E-005
    4260  0.57265E-005
    4261  0.57524E-005
    4262  0.57884E-005
    4263  0.58293E-005
    4264  0.58718E-005
    4265  0.59148E-005
    4266  0.59580E-005
    4267  0.60014E-005
    4268  0.60448E-005
    4269  0.60884E-005
    4270  0.61320E-005
    4271  0.55715E-005
    4272  0.55788E-005
    4273  0.55904E-005
    4274  0.56055E-005
    4275  0.56232E-005
    4276  0.56428E-005
    4277  0.56635E-005
    4278  0.56850E-005
    4279  0.57069E-005
    4280  0.57290E-005
    4281  0.57511E-005
    4282  0.57734E-005
    4283  0.57957E-005
    4284  0.58180E-005
    4285  0.58403E-005
    4286  0.58627E-005
    4287  0.58851E-005
    4288  0.59075E-005
    4289  0.59299E-005
    4290  0.59523E-005
    4291  0.59748E-005
    4292  0.59973E-005
    4293  0.60199E-005
    4294  0.54313E-005
    4295  0.54589E-005
    4296  0.54975E-005
    4297  0.55411E-005
    4298  0.55864E-005
    4299  0.56323E-005
    4300  0.56783E-005
    4301  0.57244E-005
    4302  0.57705E-005
    4303  0.58167E-005
    4304  0.58630E-005
    4305  0.52763E-005
    4306  0.52841E-005
    4307  0.52965E-005
    4308  0.53126E-005
    4309  0.53315E-005
    4310  0.53525E-005
    4311  0.53746E-005
    4312  0.53975E-005
    4313  0.54208E-005
    4314  0.54443E-005
    4315  0.54679E-005
    4316  0.54916E-005
    4317  0.55153E-005
    4318  0.55391E-005
    4319  0.55628E-005
    4320  0.55865E-005
    4321  0.56103E-005
    4322  0.56341E-005
    4323  0.56578E-005
    4324  0.56816E-005
    4325  0.57054E-005
    4326  0.57292E-005
    4327  0.57531E-005
    4328  0.51373E-005
    4329  0.51668E-005
    4330  0.52079E-005
    4331  0.52544E-005
    4332  0.53027E-005
    4333  0.53514E-005
    4334  0.54003E-005
    4335  0.54492E-005
    4336  0.54981E-005
    4337  0.55471E-005
    4338  0.55961E-005
    4339  0.49826E-005
    4340  0.49909E-005
    4341  0.50042E-005
    4342  0.50213E-005
    4343  0.50415E-005
    4344  0.50638E-005
    4345  0.50873E-005
    4346  0.51117E-005
    4347  0.51365E-005
    4348  0.51615E-005
    4349  0.51866E-005
    4350  0.52118E-005
    4351  0.52370E-005
    4352  0.52621E-005
    4353  0.52873E-005
    4354  0.53125E-005
    4355  0.53377E-005
    4356  0.53628E-005
    4357  0.53880E-005
    4358  0.54132E-005
    4359  0.54383E-005
    4360  0.54635E-005
    4361  0.54888E-005
    4362  0.48450E-005
    4363  0.48764E-005
    4364  0.49202E-005
    4365  0.49696E-005
    4366  0.50210E-005
    4367  0.50727E-005
    4368  0.51246E-005
    4369  0.51764E-005
    4370  0.52282E-005
    4371  0.52799E-005
    4372  0.53317E-005
    4373  0.46910E-005
    4374  0.46998E-005
    4375  0.47139E-005
    4376  0.47321E-005
    4377  0.47536E-005
    4378  0.47773E-005
    4379  0.48023E-005
    4380  0.48282E-005
    4381  0.48545E-005
    4382  0.48811E-005
    4383  0.49077E-005
    4384  0.49344E-005
    4385  0.49610E-005
    4386  0.49877E-005
    4387  0.50143E-005
    4388  0.50410E-005
    4389  0.50676E-005
    4390  0.50942E-005
    4391  0.51208E-005
    4392  0.51474E-005
    4393  0.51739E-005
    4394  0.52005E-005
    4395  0.52271E-005
    4396  0.45551E-005
    4397  0.45885E-005
    4398  0.46350E-005
    4399  0.46874E-005
    4400  0.47418E-005
    4401  0.47967E-005
    4402  0.48515E-005
    4403  0.49063E-005
    4404  0.49610E-005
    4405  0.50157E-005
    4406  0.50702E-005
    4407  0.44019E-005
    4408  0.44112E-005
    4409  0.44262E-005
    4410  0.44456E-005
    4411  0.44683E-005
    4412  0.44935E-005
    4413  0.45200E-005
    4414  0.45474E-005
    4415  0.45753E-005
    4416  0.46034E-005
    4417  0.46316E-005
    4418  0.46598E-005
    4419  0.46880E-005
    4420  0.47162E-005
    4421  0.47444E-005
    4422  0.47725E-005
    4423  0.48006E-005
    4424  0.48287E-005
    4425  0.48567E-005
    4426  0.48848E-005
    4427  0.49128E-005
    4428  0.49408E-005
    4429  0.49688E-005
    4430  0.42681E-005
    4431  0.43035E-005
    4432  0.43527E-005
    4433  0.44083E-005
    4434  0.44659E-005
    4435  0.45238E-005
    4436  0.45818E-005
    4437  0.46396E-005
    4438  0.46972E-005
    4439  0.47548E-005
    4440  0.48123E-005
    4441  0.41159E-005
    4442  0.41258E-005
    4443  0.41417E-005
    4444  0.41622E-005
    4445  0.41863E-005
    4446  0.42129E-005
    4447  0.42410E-005
    4448  0.42700E-005
    4449  0.42995E-005
    4450  0.43292E-005
    4451  0.43590E-005
    4452  0.43887E-005
    4453  0.44185E-005
    4454  0.44482E-005
    4455  0.44779E-005
    4456  0.45076E-005
    4457  0.45372E-005
    4458  0.45668E-005
    4459  0.45963E-005
    4460  0.46258E-005
    4461  0.46553E-005
    4462  0.46847E-005
    4463  0.47141E-005
    4464  0.39845E-005
    4465  0.40220E-005
    4466  0.40741E-005
    4467  0.41328E-005
    4468  0.41936E-005
    4469  0.42547E-005
    4470  0.43157E-005
    4471  0.43766E-005
    4472  0.44373E-005
    4473  0.44978E-005
    4474  0.45582E-005
    4475  0.38338E-005
    4476  0.38443E-005
    4477  0.38610E-005
    4478  0.38828E-005
    4479  0.39082E-005
    4480  0.39363E-005
    4481  0.39659E-005
    4482  0.39966E-005
    4483  0.40276E-005
    4484  0.40590E-005
    4485  0.40903E-005
    4486  0.41217E-005
    4487  0.41530E-005
    4488  0.41843E-005
    4489  0.42156E-005
    4490  0.42468E-005
    4491  0.42779E-005
    4492  0.43090E-005
    4493  0.43400E-005
    4494  0.43710E-005
    4495  0.44019E-005
    4496  0.44328E-005
    4497  0.44637E-005
    4498  0.37051E-005
    4499  0.37447E-005
    4500  0.37996E-005
    4501  0.38615E-005
    4502  0.39256E-005
    4503  0.39899E-005
    4504  0.40541E-005
    4505  0.41181E-005
    4506  0.41818E-005
    4507  0.42453E-005
    4508  0.43086E-005
    4509  0.35561E-005
    4510  0.35672E-005
    4511  0.35849E-005
    4512  0.36078E-005
    4513  0.36346E-005
    4514  0.36642E-005
    4515  0.36954E-005
    4516  0.37277E-005
    4517  0.37604E-005
    4518  0.37934E-005
    4519  0.38263E-005
    4520  0.38593E-005
    4521  0.38922E-005
    4522  0.39251E-005
    4523  0.39579E-005
    4524  0.39906E-005
    4525  0.40233E-005
    4526  0.40559E-005
    4527  0.40884E-005
    4528  0.41209E-005
    4529  0.41533E-005
    4530  0.41856E-005
    4531  0.42179E-005
    4532  0.34305E-005
    4533  0.34722E-005
    4534  0.35301E-005
    4535  0.35952E-005
    4536  0.36625E-005
    4537  0.37301E-005
    4538  0.37974E-005
    4539  0.38645E-005
    4540  0.39313E-005
    4541  0.39978E-005
    4542  0.40640E-005
    4543  0.32836E-005
    4544  0.32953E-005
    4545  0.33139E-005
    4546  0.33380E-005
    4547  0.33662E-005
    4548  0.33973E-005
    4549  0.34301E-005
    4550  0.34640E-005
    4551  0.34984E-005
    4552  0.35330E-005
    4553  0.35676E-005
    4554  0.36022E-005
    4555  0.36367E-005
    4556  0.36712E-005
    4557  0.37055E-005
    4558  0.37398E-005
    4559  0.37740E-005
    4560  0.38081E-005
    4561  0.38422E-005
    4562  0.38761E-005
    4563  0.39100E-005
    4564  0.39438E-005
    4565  0.39777E-005
    4566  0.31615E-005
    4567  0.32052E-005
    4568  0.32660E-005
    4569  0.33344E-005
    4570  0.34050E-005
    4571  0.34758E-005
    4572  0.35464E-005
    4573  0.36166E-005
    4574  0.36864E-005
    4575  0.37559E-005
    4576  0.38251E-005
    4577  0.30170E-005
    4578  0.30292E-005
    4579  0.30487E-005
    4580  0.30740E-005
    4581  0.31036E-005
    4582  0.31363E-005
    4583  0.31707E-005
    4584  0.32063E-005
    4585  0.32423E-005
    4586  0.32785E-005
    4587  0.33148E-005
    4588  0.33510E-005
    4589  0.33871E-005
    4590  0.34232E-005
    4591  0.34591E-005
    4592  0.34949E-005
    4593  0.35307E-005
    4594  0.35663E-005
    4595  0.36018E-005
    4596  0.36373E-005
    4597  0.36726E-005
    4598  0.37079E-005
    4599  0.37431E-005
    4600  0.28986E-005
    4601  0.29445E-005
    4602  0.30082E-005
    4603  0.30798E-005
    4604  0.31537E-005
    4605  0.32278E-005
    4606  0.33016E-005
    4607  0.33749E-005
    4608  0.34478E-005
    4609  0.35203E-005
    4610  0.35924E-005
    4611  0.27570E-005
    4612  0.27697E-005
    4613  0.27902E-005
    4614  0.28167E-005
    4615  0.28477E-005
    4616  0.28819E-005
    4617  0.29179E-005
    4618  0.29551E-005
    4619  0.29927E-005
    4620  0.30306E-005
    4621  0.30685E-005
    4622  0.31064E-005
    4623  0.31441E-005
    4624  0.31817E-005
    4625  0.32192E-005
    4626  0.32566E-005
    4627  0.32939E-005
    4628  0.33310E-005
    4629  0.33680E-005
    4630  0.34050E-005
    4631  0.34418E-005
    4632  0.34785E-005
    4633  0.35152E-005
    4634  0.26427E-005
    4635  0.26907E-005
    4636  0.27573E-005
    4637  0.28322E-005
    4638  0.29094E-005
    4639  0.29867E-005
    4640  0.30637E-005
    4641  0.31401E-005
    4642  0.32160E-005
    4643  0.32915E-005
    4644  0.33665E-005
    4645  0.25042E-005
    4646  0.25176E-005
    4647  0.25390E-005
    4648  0.25666E-005
    4649  0.25990E-005
    4650  0.26347E-005
    4651  0.26723E-005
    4652  0.27112E-005
    4653  0.27505E-005
    4654  0.27900E-005
    4655  0.28295E-005
    4656  0.28690E-005
    4657  0.29083E-005
    4658  0.29475E-005
    4659  0.29866E-005
    4660  0.30255E-005
    4661  0.30643E-005
    4662  0.31029E-005
    4663  0.31415E-005
    4664  0.31798E-005
    4665  0.32181E-005
    4666  0.32563E-005
    4667  0.32944E-005
    4668  0.23945E-005
    4669  0.24446E-005
    4670  0.25141E-005
    4671  0.25922E-005
    4672  0.26726E-005
    4673  0.27532E-005
    4674  0.28333E-005
    4675  0.29128E-005
    4676  0.29918E-005
    4677  0.30702E-005
    4678  0.31481E-005
    4679  0.22596E-005
    4680  0.22735E-005
    4681  0.22958E-005
    4682  0.23246E-005
    4683  0.23584E-005
    4684  0.23956E-005
    4685  0.24348E-005
    4686  0.24753E-005
    4687  0.25161E-005
    4688  0.25573E-005
    4689  0.25984E-005
    4690  0.26395E-005
    4691  0.26804E-005
    4692  0.27211E-005
    4693  0.27617E-005
    4694  0.28022E-005
    4695  0.28425E-005
    4696  0.28826E-005
    4697  0.29226E-005
    4698  0.29625E-005
    4699  0.30022E-005
    4700  0.30418E-005
    4701  0.30814E-005
    4702  0.21548E-005
    4703  0.22069E-005
    4704  0.22793E-005
    4705  0.23605E-005
    4706  0.24442E-005
    4707  0.25279E-005
    4708  0.26111E-005
    4709  0.26937E-005
    4710  0.27756E-005
    4711  0.28569E-005
    4712  0.29377E-005
    4713  0.20238E-005
    4714  0.20383E-005
    4715  0.20615E-005
    4716  0.20915E-005
    4717  0.21266E-005
    4718  0.21653E-005
    4719  0.22060E-005
    4720  0.22480E-005
    4721  0.22905E-005
    4722  0.23333E-005
    4723  0.23760E-005
    4724  0.24186E-005
    4725  0.24610E-005
    4726  0.25033E-005
    4727  0.25454E-005
    4728  0.25873E-005
    4729  0.26291E-005
    4730  0.26707E-005
    4731  0.27122E-005
    4732  0.27535E-005
    4733  0.27946E-005
    4734  0.28356E-005
    4735  0.28765E-005
    4736  0.19242E-005
    4737  0.19784E-005
    4738  0.20536E-005
    4739  0.21379E-005
    4740  0.22247E-005
    4741  0.23115E-005
    4742  0.23978E-005
    4743  0.24833E-005
    4744  0.25681E-005
    4745  0.26522E-005
    4746  0.27358E-005
    4747  0.17976E-005
    4748  0.18127E-005
    4749  0.18367E-005
    4750  0.18678E-005
    4751  0.19043E-005
    4752  0.19444E-005
    4753  0.19866E-005
    4754  0.20302E-005
    4755  0.20742E-005
    4756  0.21185E-005
    4757  0.21628E-005
    4758  0.22069E-005
    4759  0.22508E-005
    4760  0.22946E-005
    4761  0.23382E-005
    4762  0.23816E-005
    4763  0.24248E-005
    4764  0.24678E-005
    4765  0.25107E-005
    4766  0.25533E-005
    4767  0.25959E-005
    4768  0.26382E-005
    4769  0.26806E-005
    4770  0.17037E-005
    4771  0.17598E-005
    4772  0.18377E-005
    4773  0.19250E-005
    4774  0.20149E-005
    4775  0.21047E-005
    4776  0.21939E-005
    4777  0.22823E-005
    4778  0.23699E-005
    4779  0.24568E-005
    4780  0.25431E-005
    4781  0.15818E-005
    4782  0.15974E-005
    4783  0.16223E-005
    4784  0.16545E-005
    4785  0.16922E-005
    4786  0.17337E-005
    4787  0.17774E-005
    4788  0.18225E-005
    4789  0.18680E-005
    4790  0.19138E-005
    4791  0.19595E-005
    4792  0.20052E-005
    4793  0.20505E-005
    4794  0.20958E-005
    4795  0.21408E-005
    4796  0.21855E-005
    4797  0.22301E-005
    4798  0.22745E-005
    4799  0.23187E-005
    4800  0.23628E-005
    4801  0.24066E-005
    4802  0.24503E-005
    4803  0.24938E-005
    4804  0.14939E-005
    4805  0.15519E-005
    4806  0.16324E-005
    4807  0.17226E-005
    4808  0.18155E-005
    4809  0.19082E-005
    4810  0.20002E-005
    4811  0.20914E-005
    4812  0.21817E-005
    4813  0.22712E-005
    4814  0.23600E-005
    4815  0.13772E-005
    4816  0.13932E-005
    4817  0.14189E-005
    4818  0.14522E-005
    4819  0.14911E-005
    4820  0.15340E-005
    4821  0.15790E-005
    4822  0.16256E-005
    4823  0.16726E-005
    4824  0.17198E-005
    4825  0.17670E-005
    4826  0.18140E-005
    4827  0.18608E-005
    4828  0.19074E-005
    4829  0.19537E-005
    4830  0.19999E-005
    4831  0.20458E-005
    4832  0.20915E-005
    4833  0.21370E-005
    4834  0.21823E-005
    4835  0.22274E-005
    4836  0.22724E-005
    4837  0.23172E-005
    4838  0.12955E-005
    4839  0.13554E-005
    4840  0.14384E-005
    4841  0.15314E-005
    4842  0.16271E-005
    4843  0.17226E-005
    4844  0.18173E-005
    4845  0.19111E-005
    4846  0.20041E-005
    4847  0.20961E-005
    4848  0.21874E-005
    4849  0.11843E-005
    4850  0.12009E-005
    4851  0.12274E-005
    4852  0.12616E-005
    4853  0.13017E-005
    4854  0.13458E-005
    4855  0.13923E-005
    4856  0.14402E-005
    4857  0.14885E-005
    4858  0.15372E-005
    4859  0.15857E-005
    4860  0.16341E-005
    4861  0.16822E-005
    4862  0.17301E-005
    4863  0.17778E-005
    4864  0.18252E-005
    4865  0.18724E-005
    4866  0.19194E-005
    4867  0.19661E-005
    4868  0.20127E-005
    4869  0.20590E-005
    4870  0.21051E-005
    4871  0.21510E-005
    4872  0.11093E-005
    4873  0.11709E-005
    4874  0.12563E-005
    4875  0.13520E-005
    4876  0.14503E-005
    4877  0.15485E-005
    4878  0.16458E-005
    4879  0.17422E-005
    4880  0.18376E-005
    4881  0.19320E-005
    4882  0.20256E-005
    4883  0.10040E-005
    4884  0.10210E-005
    4885  0.10482E-005
    4886  0.10834E-005
    4887  0.11246E-005
    4888  0.11700E-005
    4889  0.12177E-005
    4890  0.12669E-005
    4891  0.13166E-005
    4892  0.13665E-005
    4893  0.14163E-005
    4894  0.14660E-005
    4895  0.15154E-005
    4896  0.15646E-005
    4897  0.16135E-005
    4898  0.16621E-005
    4899  0.17105E-005
    4900  0.17587E-005
    4901  0.18066E-005
    4902  0.18543E-005
    4903  0.19018E-005
    4904  0.19491E-005
    4905  0.19962E-005
    4906  0.93598E-006
    4907  0.99921E-006
    4908  0.10869E-005
    4909  0.11850E-005
    4910  0.12859E-005
    4911  0.13866E-005
    4912  0.14864E-005
    4913  0.15851E-005
    4914  0.16828E-005
    4915  0.17796E-005
    4916  0.18754E-005
    4917  0.83688E-006
    4918  0.85433E-006
    4919  0.88226E-006
    4920  0.91834E-006
    4921  0.96055E-006
    4922  0.10071E-005
    4923  0.10560E-005
    4924  0.11064E-005
    4925  0.11573E-005
    4926  0.12085E-005
    4927  0.12595E-005
    4928  0.13104E-005
    4929  0.13610E-005
    4930  0.14113E-005
    4931  0.14614E-005
    4932  0.15112E-005
    4933  0.15607E-005
    4934  0.16100E-005
    4935  0.16590E-005
    4936  0.17078E-005
    4937  0.17564E-005
    4938  0.18047E-005
    4939  0.18529E-005
    4940  0.77614E-006
    4941  0.84089E-006
    4942  0.93064E-006
    4943  0.10311E-005
    4944  0.11344E-005
    4945  0.12374E-005
    4946  0.13395E-005
    4947  0.14404E-005
    4948  0.15403E-005
    4949  0.16392E-005
    4950  0.17371E-005
    4951  0.68362E-006
    4952  0.70147E-006
    4953  0.73004E-006
    4954  0.76695E-006
    4955  0.81013E-006
    4956  0.85768E-006
    4957  0.90769E-006
    4958  0.95928E-006
    4959  0.10113E-005
    4960  0.10636E-005
    4961  0.11158E-005
    4962  0.11678E-005
    4963  0.12195E-005
    4964  0.12709E-005
    4965  0.13220E-005
    4966  0.13729E-005
    4967  0.14235E-005
    4968  0.14738E-005
    4969  0.15238E-005
    4970  0.15737E-005
    4971  0.16232E-005
    4972  0.16726E-005
    4973  0.17218E-005
    4974  0.63041E-006
    4975  0.69658E-006
    4976  0.78825E-006
    4977  0.89089E-006
    4978  0.99633E-006
    4979  0.11015E-005
    4980  0.12056E-005
    4981  0.13086E-005
    4982  0.14105E-005
    4983  0.15113E-005
    4984  0.16112E-005
    4985  0.54480E-006
    4986  0.56302E-006
    4987  0.59218E-006
    4988  0.62984E-006
    4989  0.67390E-006
    4990  0.72241E-006
    4991  0.77342E-006
    4992  0.82605E-006
    4993  0.87914E-006
    4994  0.93250E-006
    4995  0.98566E-006
    4996  0.10387E-005
    4997  0.10913E-005
    4998  0.11438E-005
    4999  0.11959E-005
    5000  0.12477E-005
    5001  0.12992E-005
    5002  0.13505E-005
    5003  0.14015E-005
    5004  0.14522E-005
    5005  0.15027E-005
    5006  0.15529E-005
    5007  0.16030E-005
    5008  0.49936E-006
    5009  0.56680E-006
    5010  0.66023E-006
    5011  0.76481E-006
    5012  0.87222E-006
    5013  0.97933E-006
    5014  0.10854E-005
    5015  0.11902E-005
    5016  0.12939E-005
    5017  0.13964E-005
    5018  0.14980E-005
    5019  0.42094E-006
    5020  0.43950E-006
    5021  0.46918E-006
    5022  0.50752E-006
    5023  0.55237E-006
    5024  0.60176E-006
    5025  0.65368E-006
    5026  0.70723E-006
    5027  0.76125E-006
    5028  0.81554E-006
    5029  0.86963E-006
    5030  0.92354E-006
    5031  0.97713E-006
    5032  0.10304E-005
    5033  0.10834E-005
    5034  0.11361E-005
    5035  0.11885E-005
    5036  0.12406E-005
    5037  0.12924E-005
    5038  0.13440E-005
    5039  0.13953E-005
    5040  0.14463E-005
    5041  0.14972E-005
    5042  0.38349E-006
    5043  0.45207E-006
    5044  0.54706E-006
    5045  0.65336E-006
    5046  0.76253E-006
    5047  0.87136E-006
    5048  0.97908E-006
    5049  0.10856E-005
    5050  0.11908E-005
    5051  0.12950E-005
    5052  0.13981E-005
    5053  0.31254E-006
    5054  0.33139E-006
    5055  0.36154E-006
    5056  0.40048E-006
    5057  0.44603E-006
    5058  0.49618E-006
    5059  0.54889E-006
    5060  0.60326E-006
    5061  0.65811E-006
    5062  0.71322E-006
    5063  0.76812E-006
    5064  0.82284E-006
    5065  0.87722E-006
    5066  0.93131E-006
    5067  0.98508E-006
    5068  0.10385E-005
    5069  0.10917E-005
    5070  0.11445E-005
    5071  0.11971E-005
    5072  0.12494E-005
    5073  0.13014E-005
    5074  0.13531E-005
    5075  0.14046E-005
    5076  0.28325E-006
    5077  0.35282E-006
    5078  0.44917E-006
    5079  0.55698E-006
    5080  0.66767E-006
    5081  0.77801E-006
    5082  0.88719E-006
    5083  0.99509E-006
    5084  0.11018E-005
    5085  0.12072E-005
    5086  0.13116E-005
    5087  0.22003E-006
    5088  0.23913E-006
    5089  0.26968E-006
    5090  0.30913E-006
    5091  0.35528E-006
    5092  0.40609E-006
    5093  0.45948E-006
    5094  0.51456E-006
    5095  0.57010E-006
    5096  0.62592E-006
    5097  0.68152E-006
    5098  0.73692E-006
    5099  0.79198E-006
    5100  0.84674E-006
    5101  0.90117E-006
    5102  0.95528E-006
    5103  0.10091E-005
    5104  0.10625E-005
    5105  0.11157E-005
    5106  0.11686E-005
    5107  0.12212E-005
    5108  0.12736E-005
    5109  0.13257E-005
    5110  0.19906E-006
    5111  0.26947E-006
    5112  0.36697E-006
    5113  0.47604E-006
    5114  0.58802E-006
    5115  0.69962E-006
    5116  0.81003E-006
    5117  0.91913E-006
    5118  0.10269E-005
    5119  0.11336E-005
    5120  0.12390E-005
    5121  0.14379E-006
    5122  0.16309E-006
    5123  0.19398E-006
    5124  0.23386E-006
    5125  0.28051E-006
    5126  0.33185E-006
    5127  0.38581E-006
    5128  0.44147E-006
    5129  0.49760E-006
    5130  0.55399E-006
    5131  0.61017E-006
    5132  0.66614E-006
    5133  0.72176E-006
    5134  0.77707E-006
    5135  0.83204E-006
    5136  0.88668E-006
    5137  0.94100E-006
    5138  0.99500E-006
    5139  0.10487E-005
    5140  0.11021E-005
    5141  0.11552E-005
    5142  0.12080E-005
    5143  0.12606E-005
    5144  0.13127E-006
    5145  0.20235E-006
    5146  0.30078E-006
    5147  0.41088E-006
    5148  0.52390E-006
    5149  0.63652E-006
    5150  0.74792E-006
    5151  0.85799E-006
    5152  0.96674E-006
    5153  0.10742E-005
    5154  0.11806E-005
    5155  0.84152E-007
    5156  0.10362E-006
    5157  0.13476E-006
    5158  0.17498E-006
    5159  0.22201E-006
    5160  0.27379E-006
    5161  0.32819E-006
    5162  0.38430E-006
    5163  0.44089E-006
    5164  0.49775E-006
    5165  0.55437E-006
    5166  0.61079E-006
    5167  0.66685E-006
    5168  0.72260E-006
    5169  0.77800E-006
    5170  0.83307E-006
    5171  0.88780E-006
    5172  0.94221E-006
    5173  0.99631E-006
    5174  0.10501E-005
    5175  0.11036E-005
    5176  0.11568E-005
    5177  0.12099E-005
    5178  0.80172E-007
    5179  0.15177E-006
    5180  0.25090E-006
    5181  0.36177E-006
    5182  0.47558E-006
    5183  0.58898E-006
    5184  0.70114E-006
    5185  0.81194E-006
    5186  0.92142E-006
    5187  0.10296E-005
    5188  0.11367E-005
    5189  0.41371E-007
    5190  0.60954E-007
    5191  0.92285E-007
    5192  0.13274E-006
    5193  0.18006E-006
    5194  0.23214E-006
    5195  0.28687E-006
    5196  0.34330E-006
    5197  0.40022E-006
    5198  0.45740E-006
    5199  0.51435E-006
    5200  0.57110E-006
    5201  0.62747E-006
    5202  0.68354E-006
    5203  0.73924E-006
    5204  0.79462E-006
    5205  0.84965E-006
    5206  0.90436E-006
    5207  0.95875E-006
    5208  0.10128E-005
    5209  0.10666E-005
    5210  0.11201E-005
    5211  0.11733E-005
    5212  0.45987E-007
    5213  0.11793E-006
    5214  0.21753E-006
    5215  0.32892E-006
    5216  0.44325E-006
    5217  0.55717E-006
    5218  0.66983E-006
    5219  0.78112E-006
    5220  0.89107E-006
    5221  0.99973E-006
    5222  0.11072E-005
    5223  0.15631E-007
    5224  0.35285E-007
    5225  0.66728E-007
    5226  0.10733E-006
    5227  0.15482E-006
    5228  0.20708E-006
    5229  0.26200E-006
    5230  0.31863E-006
    5231  0.37574E-006
    5232  0.43313E-006
    5233  0.49027E-006
    5234  0.54721E-006
    5235  0.60378E-006
    5236  0.66002E-006
    5237  0.71591E-006
    5238  0.77147E-006
    5239  0.82668E-006
    5240  0.88156E-006
    5241  0.93613E-006
    5242  0.99038E-006
    5243  0.10443E-005
    5244  0.10979E-005
    5245  0.11514E-005
    5246  0.28860E-007
    5247  0.10097E-006
    5248  0.20081E-006
    5249  0.31246E-006
    5250  0.42705E-006
    5251  0.54123E-006
    5252  0.65414E-006
    5253  0.76567E-006
    5254  0.87585E-006
    5255  0.98473E-006
    5256  0.10924E-005
