       1  0.64817E-006
      14  0.68117E-007
      15  0.68205E-007
      16  0.68543E-007
      17  0.69068E-007
      18  0.69801E-007
      19  0.70752E-007
      20  0.71908E-007
      21  0.73247E-007
      22  0.74806E-007
      23  0.76572E-007
      24  0.78559E-007
      25  0.80721E-007
      26  0.83084E-007
      27  0.85649E-007
      28  0.88410E-007
      29  0.91340E-007
      30  0.94471E-007
      31  0.97792E-007
      32  0.10130E-006
      33  0.10498E-006
      34  0.10883E-006
      35  0.11286E-006
      36  0.11708E-006
      37  0.12144E-006
      38  0.12597E-006
      39  0.13068E-006
      40  0.13554E-006
      41  0.14054E-006
      42  0.14570E-006
      43  0.15100E-006
      44  0.15645E-006
      45  0.16203E-006
      46  0.16773E-006
      47  0.17357E-006
      48  0.17954E-006
      49  0.18562E-006
      50  0.19182E-006
      51  0.19813E-006
      52  0.20456E-006
      53  0.21108E-006
      54  0.21770E-006
      55  0.22443E-006
      56  0.23125E-006
      57  0.23815E-006
      58  0.24512E-006
      59  0.25219E-006
      60  0.25933E-006
      61  0.26654E-006
      62  0.27381E-006
      63  0.28115E-006
      64  0.28854E-006
      65  0.29599E-006
      66  0.30349E-006
      67  0.31104E-006
      68  0.31865E-006
      69  0.32629E-006
      70  0.33397E-006
      71  0.34169E-006
      72  0.34944E-006
      73  0.35721E-006
      74  0.36502E-006
      75  0.37284E-006
      76  0.38070E-006
      77  0.38857E-006
      78  0.39645E-006
      79  0.40435E-006
      80  0.41226E-006
      81  0.42018E-006
      82  0.42810E-006
      83  0.43603E-006
      84  0.44397E-006
      85  0.45191E-006
      86  0.45985E-006
      87  0.46779E-006
      88  0.47573E-006
      89  0.48366E-006
      90  0.49159E-006
      91  0.49952E-006
      92  0.50743E-006
      93  0.51534E-006
      94  0.52324E-006
      95  0.53114E-006
      96  0.53902E-006
      97  0.54689E-006
      98  0.55475E-006
      99  0.56261E-006
     100  0.57045E-006
     101  0.57828E-006
     102  0.58610E-006
     103  0.59391E-006
     104  0.60170E-006
     105  0.60948E-006
     106  0.61726E-006
     107  0.62501E-006
     108  0.63275E-006
     109  0.64047E-006
    1071   0.0000     
    1083  0.64315E-006
    1084  0.12365E-009
    1085  0.49424E-009
    1086  0.11117E-008
    1087  0.19750E-008
    1088  0.30838E-008
    1089  0.44366E-008
    1090  0.60321E-008
    1091  0.78686E-008
    1092  0.99442E-008
    1093  0.12257E-007
    1094  0.14804E-007
    1095  0.17582E-007
    1096  0.20591E-007
    1097  0.23825E-007
    1098  0.27282E-007
    1099  0.30958E-007
    1100  0.34852E-007
    1101  0.38957E-007
    1102  0.43272E-007
    1103  0.47791E-007
    1104  0.52510E-007
    1105  0.57425E-007
    1106  0.62532E-007
    1107  0.67826E-007
    1108  0.73302E-007
    1109  0.78954E-007
    1110  0.84779E-007
    1111  0.90771E-007
    1112  0.96925E-007
    1113  0.10323E-006
    1114  0.10970E-006
    1115  0.11630E-006
    1116  0.12305E-006
    1117  0.12994E-006
    1118  0.13695E-006
    1119  0.14409E-006
    1120  0.15134E-006
    1121  0.15871E-006
    1122  0.16619E-006
    1123  0.17377E-006
    1124  0.18145E-006
    1125  0.18922E-006
    1126  0.19708E-006
    1127  0.20502E-006
    1128  0.21303E-006
    1129  0.22112E-006
    1130  0.22928E-006
    1131  0.23749E-006
    1132  0.24577E-006
    1133  0.25410E-006
    1134  0.26247E-006
    1135  0.27089E-006
    1136  0.27935E-006
    1137  0.28785E-006
    1138  0.29637E-006
    1139  0.30493E-006
    1140  0.31350E-006
    1141  0.32210E-006
    1142  0.33072E-006
    1143  0.33934E-006
    1144  0.34798E-006
    1145  0.35663E-006
    1146  0.36527E-006
    1147  0.37392E-006
    1148  0.38257E-006
    1149  0.39122E-006
    1150  0.39985E-006
    1151  0.40849E-006
    1152  0.41710E-006
    1153  0.42571E-006
    1154  0.43431E-006
    1155  0.44288E-006
    1156  0.45144E-006
    1157  0.45999E-006
    1158  0.46851E-006
    1159  0.47701E-006
    1160  0.48549E-006
    1161  0.49395E-006
    1162  0.50239E-006
    1163  0.51080E-006
    1164  0.51919E-006
    1165  0.52756E-006
    1166  0.53590E-006
    1167  0.54423E-006
    1168  0.55253E-006
    1169  0.56080E-006
    1170  0.56906E-006
    1171  0.57730E-006
    1172  0.58553E-006
    1173  0.59374E-006
    1174  0.60194E-006
    1175  0.61013E-006
    1176  0.61834E-006
    1177  0.62655E-006
    1178  0.63481E-006
    3602  0.65065E-007
    3603  0.61999E-007
    3604  0.58928E-007
    3605  0.55841E-007
    3606  0.52736E-007
    3607  0.49614E-007
    3608  0.46476E-007
    3609  0.43321E-007
    3610  0.40149E-007
    3611  0.36959E-007
    3612  0.33751E-007
    3613  0.30528E-007
    3614  0.27286E-007
    3615  0.24036E-007
    3616  0.20776E-007
    3617  0.17534E-007
    3618  0.14322E-007
    3619  0.11211E-007
    3620  0.82533E-008
    3621  0.55694E-008
    3622  0.32771E-008
    3623  0.15037E-008
    3624  0.39593E-009
    3625  0.64317E-006
    3626  0.64322E-006
    3627  0.64330E-006
    3628  0.64341E-006
    3629  0.64355E-006
    3630  0.64370E-006
    3631  0.64387E-006
    3632  0.64405E-006
    3633  0.64424E-006
    3634  0.64445E-006
    3635  0.64466E-006
    3636  0.64488E-006
    3637  0.64511E-006
    3638  0.64535E-006
    3639  0.64560E-006
    3640  0.64585E-006
    3641  0.64611E-006
    3642  0.64639E-006
    3643  0.64666E-006
    3644  0.64695E-006
    3645  0.64724E-006
    3646  0.64754E-006
    3647  0.64785E-006
    3648  0.63490E-006
    3649  0.63516E-006
    3650  0.63553E-006
    3651  0.63596E-006
    3652  0.63643E-006
    3653  0.63692E-006
    3654  0.63744E-006
    3655  0.63799E-006
    3656  0.63857E-006
    3657  0.63918E-006
    3658  0.63981E-006
    3659  0.62658E-006
    3660  0.62666E-006
    3661  0.62679E-006
    3662  0.62696E-006
    3663  0.62716E-006
    3664  0.62738E-006
    3665  0.62762E-006
    3666  0.62787E-006
    3667  0.62813E-006
    3668  0.62839E-006
    3669  0.62867E-006
    3670  0.62894E-006
    3671  0.62923E-006
    3672  0.62951E-006
    3673  0.62981E-006
    3674  0.63011E-006
    3675  0.63042E-006
    3676  0.63073E-006
    3677  0.63105E-006
    3678  0.63138E-006
    3679  0.63171E-006
    3680  0.63205E-006
    3681  0.63240E-006
    3682  0.61846E-006
    3683  0.61878E-006
    3684  0.61925E-006
    3685  0.61978E-006
    3686  0.62035E-006
    3687  0.62095E-006
    3688  0.62157E-006
    3689  0.62221E-006
    3690  0.62287E-006
    3691  0.62356E-006
    3692  0.62427E-006
    3693  0.61017E-006
    3694  0.61026E-006
    3695  0.61042E-006
    3696  0.61062E-006
    3697  0.61085E-006
    3698  0.61111E-006
    3699  0.61140E-006
    3700  0.61169E-006
    3701  0.61199E-006
    3702  0.61231E-006
    3703  0.61262E-006
    3704  0.61295E-006
    3705  0.61327E-006
    3706  0.61361E-006
    3707  0.61395E-006
    3708  0.61429E-006
    3709  0.61464E-006
    3710  0.61500E-006
    3711  0.61536E-006
    3712  0.61573E-006
    3713  0.61610E-006
    3714  0.61648E-006
    3715  0.61686E-006
    3716  0.60207E-006
    3717  0.60245E-006
    3718  0.60298E-006
    3719  0.60360E-006
    3720  0.60425E-006
    3721  0.60493E-006
    3722  0.60564E-006
    3723  0.60636E-006
    3724  0.60711E-006
    3725  0.60788E-006
    3726  0.60867E-006
    3727  0.59377E-006
    3728  0.59388E-006
    3729  0.59405E-006
    3730  0.59428E-006
    3731  0.59455E-006
    3732  0.59484E-006
    3733  0.59516E-006
    3734  0.59549E-006
    3735  0.59584E-006
    3736  0.59619E-006
    3737  0.59655E-006
    3738  0.59691E-006
    3739  0.59728E-006
    3740  0.59765E-006
    3741  0.59803E-006
    3742  0.59842E-006
    3743  0.59881E-006
    3744  0.59921E-006
    3745  0.59961E-006
    3746  0.60002E-006
    3747  0.60043E-006
    3748  0.60085E-006
    3749  0.60127E-006
    3750  0.58568E-006
    3751  0.58610E-006
    3752  0.58670E-006
    3753  0.58738E-006
    3754  0.58812E-006
    3755  0.58888E-006
    3756  0.58966E-006
    3757  0.59046E-006
    3758  0.59129E-006
    3759  0.59214E-006
    3760  0.59301E-006
    3761  0.57734E-006
    3762  0.57746E-006
    3763  0.57766E-006
    3764  0.57791E-006
    3765  0.57820E-006
    3766  0.57853E-006
    3767  0.57889E-006
    3768  0.57926E-006
    3769  0.57964E-006
    3770  0.58003E-006
    3771  0.58043E-006
    3772  0.58083E-006
    3773  0.58124E-006
    3774  0.58165E-006
    3775  0.58207E-006
    3776  0.58250E-006
    3777  0.58293E-006
    3778  0.58336E-006
    3779  0.58381E-006
    3780  0.58425E-006
    3781  0.58471E-006
    3782  0.58516E-006
    3783  0.58563E-006
    3784  0.56923E-006
    3785  0.56970E-006
    3786  0.57036E-006
    3787  0.57112E-006
    3788  0.57193E-006
    3789  0.57277E-006
    3790  0.57363E-006
    3791  0.57452E-006
    3792  0.57543E-006
    3793  0.57635E-006
    3794  0.57731E-006
    3795  0.56085E-006
    3796  0.56098E-006
    3797  0.56120E-006
    3798  0.56147E-006
    3799  0.56180E-006
    3800  0.56217E-006
    3801  0.56256E-006
    3802  0.56296E-006
    3803  0.56338E-006
    3804  0.56381E-006
    3805  0.56425E-006
    3806  0.56469E-006
    3807  0.56514E-006
    3808  0.56560E-006
    3809  0.56606E-006
    3810  0.56652E-006
    3811  0.56700E-006
    3812  0.56747E-006
    3813  0.56795E-006
    3814  0.56844E-006
    3815  0.56894E-006
    3816  0.56943E-006
    3817  0.56994E-006
    3818  0.55271E-006
    3819  0.55323E-006
    3820  0.55396E-006
    3821  0.55479E-006
    3822  0.55568E-006
    3823  0.55660E-006
    3824  0.55755E-006
    3825  0.55852E-006
    3826  0.55951E-006
    3827  0.56052E-006
    3828  0.56155E-006
    3829  0.54428E-006
    3830  0.54442E-006
    3831  0.54466E-006
    3832  0.54496E-006
    3833  0.54532E-006
    3834  0.54573E-006
    3835  0.54615E-006
    3836  0.54660E-006
    3837  0.54706E-006
    3838  0.54754E-006
    3839  0.54801E-006
    3840  0.54850E-006
    3841  0.54899E-006
    3842  0.54949E-006
    3843  0.54999E-006
    3844  0.55050E-006
    3845  0.55101E-006
    3846  0.55153E-006
    3847  0.55205E-006
    3848  0.55258E-006
    3849  0.55311E-006
    3850  0.55365E-006
    3851  0.55420E-006
    3852  0.53611E-006
    3853  0.53668E-006
    3854  0.53748E-006
    3855  0.53839E-006
    3856  0.53937E-006
    3857  0.54038E-006
    3858  0.54141E-006
    3859  0.54246E-006
    3860  0.54353E-006
    3861  0.54463E-006
    3862  0.54575E-006
    3863  0.52762E-006
    3864  0.52778E-006
    3865  0.52803E-006
    3866  0.52837E-006
    3867  0.52877E-006
    3868  0.52921E-006
    3869  0.52968E-006
    3870  0.53017E-006
    3871  0.53067E-006
    3872  0.53119E-006
    3873  0.53171E-006
    3874  0.53224E-006
    3875  0.53277E-006
    3876  0.53331E-006
    3877  0.53386E-006
    3878  0.53441E-006
    3879  0.53497E-006
    3880  0.53553E-006
    3881  0.53610E-006
    3882  0.53667E-006
    3883  0.53725E-006
    3884  0.53783E-006
    3885  0.53842E-006
    3886  0.51942E-006
    3887  0.52004E-006
    3888  0.52092E-006
    3889  0.52192E-006
    3890  0.52299E-006
    3891  0.52408E-006
    3892  0.52520E-006
    3893  0.52635E-006
    3894  0.52751E-006
    3895  0.52870E-006
    3896  0.52991E-006
    3897  0.51086E-006
    3898  0.51104E-006
    3899  0.51132E-006
    3900  0.51169E-006
    3901  0.51212E-006
    3902  0.51260E-006
    3903  0.51312E-006
    3904  0.51365E-006
    3905  0.51421E-006
    3906  0.51477E-006
    3907  0.51533E-006
    3908  0.51591E-006
    3909  0.51649E-006
    3910  0.51708E-006
    3911  0.51767E-006
    3912  0.51827E-006
    3913  0.51887E-006
    3914  0.51948E-006
    3915  0.52009E-006
    3916  0.52071E-006
    3917  0.52134E-006
    3918  0.52197E-006
    3919  0.52260E-006
    3920  0.50264E-006
    3921  0.50332E-006
    3922  0.50427E-006
    3923  0.50537E-006
    3924  0.50653E-006
    3925  0.50772E-006
    3926  0.50894E-006
    3927  0.51018E-006
    3928  0.51144E-006
    3929  0.51272E-006
    3930  0.51402E-006
    3931  0.49402E-006
    3932  0.49421E-006
    3933  0.49452E-006
    3934  0.49492E-006
    3935  0.49539E-006
    3936  0.49592E-006
    3937  0.49648E-006
    3938  0.49707E-006
    3939  0.49766E-006
    3940  0.49828E-006
    3941  0.49889E-006
    3942  0.49952E-006
    3943  0.50015E-006
    3944  0.50078E-006
    3945  0.50143E-006
    3946  0.50207E-006
    3947  0.50272E-006
    3948  0.50338E-006
    3949  0.50404E-006
    3950  0.50471E-006
    3951  0.50538E-006
    3952  0.50606E-006
    3953  0.50674E-006
    3954  0.48576E-006
    3955  0.48651E-006
    3956  0.48755E-006
    3957  0.48874E-006
    3958  0.49000E-006
    3959  0.49130E-006
    3960  0.49262E-006
    3961  0.49395E-006
    3962  0.49531E-006
    3963  0.49669E-006
    3964  0.49810E-006
    3965  0.47709E-006
    3966  0.47730E-006
    3967  0.47763E-006
    3968  0.47807E-006
    3969  0.47858E-006
    3970  0.47916E-006
    3971  0.47977E-006
    3972  0.48040E-006
    3973  0.48105E-006
    3974  0.48172E-006
    3975  0.48239E-006
    3976  0.48306E-006
    3977  0.48375E-006
    3978  0.48443E-006
    3979  0.48513E-006
    3980  0.48583E-006
    3981  0.48653E-006
    3982  0.48724E-006
    3983  0.48795E-006
    3984  0.48867E-006
    3985  0.48939E-006
    3986  0.49012E-006
    3987  0.49085E-006
    3988  0.46881E-006
    3989  0.46961E-006
    3990  0.47075E-006
    3991  0.47205E-006
    3992  0.47341E-006
    3993  0.47482E-006
    3994  0.47624E-006
    3995  0.47769E-006
    3996  0.47915E-006
    3997  0.48063E-006
    3998  0.48214E-006
    3999  0.46007E-006
    4000  0.46030E-006
    4001  0.46066E-006
    4002  0.46114E-006
    4003  0.46170E-006
    4004  0.46232E-006
    4005  0.46298E-006
    4006  0.46367E-006
    4007  0.46438E-006
    4008  0.46510E-006
    4009  0.46582E-006
    4010  0.46655E-006
    4011  0.46729E-006
    4012  0.46803E-006
    4013  0.46878E-006
    4014  0.46953E-006
    4015  0.47029E-006
    4016  0.47105E-006
    4017  0.47182E-006
    4018  0.47259E-006
    4019  0.47337E-006
    4020  0.47415E-006
    4021  0.47494E-006
    4022  0.45177E-006
    4023  0.45264E-006
    4024  0.45388E-006
    4025  0.45529E-006
    4026  0.45677E-006
    4027  0.45828E-006
    4028  0.45982E-006
    4029  0.46138E-006
    4030  0.46295E-006
    4031  0.46455E-006
    4032  0.46616E-006
    4033  0.44297E-006
    4034  0.44322E-006
    4035  0.44362E-006
    4036  0.44413E-006
    4037  0.44474E-006
    4038  0.44542E-006
    4039  0.44614E-006
    4040  0.44688E-006
    4041  0.44765E-006
    4042  0.44842E-006
    4043  0.44921E-006
    4044  0.45000E-006
    4045  0.45079E-006
    4046  0.45159E-006
    4047  0.45240E-006
    4048  0.45321E-006
    4049  0.45402E-006
    4050  0.45484E-006
    4051  0.45567E-006
    4052  0.45649E-006
    4053  0.45733E-006
    4054  0.45816E-006
    4055  0.45900E-006
    4056  0.43466E-006
    4057  0.43561E-006
    4058  0.43694E-006
    4059  0.43847E-006
    4060  0.44007E-006
    4061  0.44170E-006
    4062  0.44336E-006
    4063  0.44504E-006
    4064  0.44673E-006
    4065  0.44844E-006
    4066  0.45016E-006
    4067  0.42581E-006
    4068  0.42608E-006
    4069  0.42651E-006
    4070  0.42707E-006
    4071  0.42773E-006
    4072  0.42846E-006
    4073  0.42924E-006
    4074  0.43004E-006
    4075  0.43087E-006
    4076  0.43171E-006
    4077  0.43255E-006
    4078  0.43340E-006
    4079  0.43426E-006
    4080  0.43512E-006
    4081  0.43599E-006
    4082  0.43686E-006
    4083  0.43773E-006
    4084  0.43861E-006
    4085  0.43949E-006
    4086  0.44038E-006
    4087  0.44127E-006
    4088  0.44217E-006
    4089  0.44307E-006
    4090  0.41748E-006
    4091  0.41851E-006
    4092  0.41996E-006
    4093  0.42161E-006
    4094  0.42334E-006
    4095  0.42510E-006
    4096  0.42688E-006
    4097  0.42868E-006
    4098  0.43049E-006
    4099  0.43232E-006
    4100  0.43417E-006
    4101  0.40859E-006
    4102  0.40888E-006
    4103  0.40935E-006
    4104  0.40995E-006
    4105  0.41066E-006
    4106  0.41145E-006
    4107  0.41229E-006
    4108  0.41317E-006
    4109  0.41406E-006
    4110  0.41496E-006
    4111  0.41587E-006
    4112  0.41678E-006
    4113  0.41771E-006
    4114  0.41863E-006
    4115  0.41956E-006
    4116  0.42049E-006
    4117  0.42143E-006
    4118  0.42237E-006
    4119  0.42332E-006
    4120  0.42427E-006
    4121  0.42522E-006
    4122  0.42618E-006
    4123  0.42714E-006
    4124  0.40026E-006
    4125  0.40138E-006
    4126  0.40294E-006
    4127  0.40472E-006
    4128  0.40658E-006
    4129  0.40847E-006
    4130  0.41038E-006
    4131  0.41231E-006
    4132  0.41425E-006
    4133  0.41621E-006
    4134  0.41819E-006
    4135  0.39133E-006
    4136  0.39164E-006
    4137  0.39215E-006
    4138  0.39280E-006
    4139  0.39357E-006
    4140  0.39442E-006
    4141  0.39532E-006
    4142  0.39626E-006
    4143  0.39722E-006
    4144  0.39819E-006
    4145  0.39917E-006
    4146  0.40015E-006
    4147  0.40114E-006
    4148  0.40213E-006
    4149  0.40313E-006
    4150  0.40413E-006
    4151  0.40513E-006
    4152  0.40614E-006
    4153  0.40715E-006
    4154  0.40817E-006
    4155  0.40918E-006
    4156  0.41020E-006
    4157  0.41123E-006
    4158  0.38301E-006
    4159  0.38422E-006
    4160  0.38590E-006
    4161  0.38781E-006
    4162  0.38981E-006
    4163  0.39184E-006
    4164  0.39389E-006
    4165  0.39595E-006
    4166  0.39803E-006
    4167  0.40012E-006
    4168  0.40223E-006
    4169  0.37404E-006
    4170  0.37438E-006
    4171  0.37492E-006
    4172  0.37563E-006
    4173  0.37646E-006
    4174  0.37737E-006
    4175  0.37834E-006
    4176  0.37935E-006
    4177  0.38038E-006
    4178  0.38143E-006
    4179  0.38247E-006
    4180  0.38353E-006
    4181  0.38459E-006
    4182  0.38565E-006
    4183  0.38672E-006
    4184  0.38778E-006
    4185  0.38886E-006
    4186  0.38993E-006
    4187  0.39101E-006
    4188  0.39209E-006
    4189  0.39317E-006
    4190  0.39426E-006
    4191  0.39535E-006
    4192  0.36575E-006
    4193  0.36704E-006
    4194  0.36885E-006
    4195  0.37090E-006
    4196  0.37305E-006
    4197  0.37522E-006
    4198  0.37742E-006
    4199  0.37962E-006
    4200  0.38184E-006
    4201  0.38407E-006
    4202  0.38631E-006
    4203  0.35675E-006
    4204  0.35712E-006
    4205  0.35770E-006
    4206  0.35846E-006
    4207  0.35935E-006
    4208  0.36033E-006
    4209  0.36137E-006
    4210  0.36246E-006
    4211  0.36356E-006
    4212  0.36468E-006
    4213  0.36580E-006
    4214  0.36693E-006
    4215  0.36806E-006
    4216  0.36919E-006
    4217  0.37033E-006
    4218  0.37147E-006
    4219  0.37262E-006
    4220  0.37376E-006
    4221  0.37491E-006
    4222  0.37606E-006
    4223  0.37722E-006
    4224  0.37837E-006
    4225  0.37953E-006
    4226  0.34849E-006
    4227  0.34988E-006
    4228  0.35182E-006
    4229  0.35402E-006
    4230  0.35631E-006
    4231  0.35864E-006
    4232  0.36098E-006
    4233  0.36334E-006
    4234  0.36570E-006
    4235  0.36807E-006
    4236  0.37045E-006
    4237  0.33948E-006
    4238  0.33987E-006
    4239  0.34050E-006
    4240  0.34131E-006
    4241  0.34226E-006
    4242  0.34332E-006
    4243  0.34443E-006
    4244  0.34559E-006
    4245  0.34677E-006
    4246  0.34797E-006
    4247  0.34916E-006
    4248  0.35037E-006
    4249  0.35158E-006
    4250  0.35279E-006
    4251  0.35400E-006
    4252  0.35522E-006
    4253  0.35643E-006
    4254  0.35765E-006
    4255  0.35887E-006
    4256  0.36010E-006
    4257  0.36132E-006
    4258  0.36255E-006
    4259  0.36378E-006
    4260  0.33126E-006
    4261  0.33275E-006
    4262  0.33483E-006
    4263  0.33718E-006
    4264  0.33963E-006
    4265  0.34211E-006
    4266  0.34461E-006
    4267  0.34711E-006
    4268  0.34963E-006
    4269  0.35215E-006
    4270  0.35467E-006
    4271  0.32225E-006
    4272  0.32267E-006
    4273  0.32334E-006
    4274  0.32420E-006
    4275  0.32522E-006
    4276  0.32635E-006
    4277  0.32754E-006
    4278  0.32878E-006
    4279  0.33004E-006
    4280  0.33132E-006
    4281  0.33259E-006
    4282  0.33388E-006
    4283  0.33517E-006
    4284  0.33645E-006
    4285  0.33774E-006
    4286  0.33904E-006
    4287  0.34033E-006
    4288  0.34163E-006
    4289  0.34292E-006
    4290  0.34422E-006
    4291  0.34552E-006
    4292  0.34682E-006
    4293  0.34813E-006
    4294  0.31409E-006
    4295  0.31568E-006
    4296  0.31789E-006
    4297  0.32041E-006
    4298  0.32302E-006
    4299  0.32567E-006
    4300  0.32832E-006
    4301  0.33098E-006
    4302  0.33365E-006
    4303  0.33632E-006
    4304  0.33900E-006
    4305  0.30508E-006
    4306  0.30553E-006
    4307  0.30624E-006
    4308  0.30717E-006
    4309  0.30826E-006
    4310  0.30946E-006
    4311  0.31073E-006
    4312  0.31205E-006
    4313  0.31340E-006
    4314  0.31475E-006
    4315  0.31611E-006
    4316  0.31748E-006
    4317  0.31885E-006
    4318  0.32022E-006
    4319  0.32159E-006
    4320  0.32296E-006
    4321  0.32433E-006
    4322  0.32570E-006
    4323  0.32708E-006
    4324  0.32845E-006
    4325  0.32983E-006
    4326  0.33120E-006
    4327  0.33258E-006
    4328  0.29700E-006
    4329  0.29869E-006
    4330  0.30105E-006
    4331  0.30373E-006
    4332  0.30651E-006
    4333  0.30932E-006
    4334  0.31214E-006
    4335  0.31496E-006
    4336  0.31779E-006
    4337  0.32062E-006
    4338  0.32345E-006
    4339  0.28801E-006
    4340  0.28849E-006
    4341  0.28925E-006
    4342  0.29024E-006
    4343  0.29140E-006
    4344  0.29268E-006
    4345  0.29403E-006
    4346  0.29543E-006
    4347  0.29686E-006
    4348  0.29830E-006
    4349  0.29975E-006
    4350  0.30120E-006
    4351  0.30265E-006
    4352  0.30410E-006
    4353  0.30555E-006
    4354  0.30701E-006
    4355  0.30846E-006
    4356  0.30991E-006
    4357  0.31137E-006
    4358  0.31282E-006
    4359  0.31427E-006
    4360  0.31573E-006
    4361  0.31719E-006
    4362  0.28001E-006
    4363  0.28182E-006
    4364  0.28433E-006
    4365  0.28717E-006
    4366  0.29013E-006
    4367  0.29311E-006
    4368  0.29610E-006
    4369  0.29909E-006
    4370  0.30207E-006
    4371  0.30506E-006
    4372  0.30805E-006
    4373  0.27107E-006
    4374  0.27158E-006
    4375  0.27238E-006
    4376  0.27343E-006
    4377  0.27466E-006
    4378  0.27602E-006
    4379  0.27746E-006
    4380  0.27895E-006
    4381  0.28047E-006
    4382  0.28199E-006
    4383  0.28353E-006
    4384  0.28506E-006
    4385  0.28660E-006
    4386  0.28814E-006
    4387  0.28967E-006
    4388  0.29121E-006
    4389  0.29274E-006
    4390  0.29428E-006
    4391  0.29581E-006
    4392  0.29735E-006
    4393  0.29888E-006
    4394  0.30042E-006
    4395  0.30195E-006
    4396  0.26318E-006
    4397  0.26509E-006
    4398  0.26776E-006
    4399  0.27077E-006
    4400  0.27390E-006
    4401  0.27706E-006
    4402  0.28022E-006
    4403  0.28338E-006
    4404  0.28653E-006
    4405  0.28968E-006
    4406  0.29284E-006
    4407  0.25429E-006
    4408  0.25482E-006
    4409  0.25568E-006
    4410  0.25679E-006
    4411  0.25810E-006
    4412  0.25954E-006
    4413  0.26106E-006
    4414  0.26264E-006
    4415  0.26424E-006
    4416  0.26586E-006
    4417  0.26748E-006
    4418  0.26910E-006
    4419  0.27073E-006
    4420  0.27235E-006
    4421  0.27397E-006
    4422  0.27560E-006
    4423  0.27722E-006
    4424  0.27884E-006
    4425  0.28045E-006
    4426  0.28207E-006
    4427  0.28369E-006
    4428  0.28531E-006
    4429  0.28692E-006
    4430  0.24652E-006
    4431  0.24854E-006
    4432  0.25137E-006
    4433  0.25456E-006
    4434  0.25787E-006
    4435  0.26120E-006
    4436  0.26454E-006
    4437  0.26787E-006
    4438  0.27119E-006
    4439  0.27451E-006
    4440  0.27783E-006
    4441  0.23769E-006
    4442  0.23826E-006
    4443  0.23917E-006
    4444  0.24035E-006
    4445  0.24173E-006
    4446  0.24325E-006
    4447  0.24486E-006
    4448  0.24653E-006
    4449  0.24822E-006
    4450  0.24993E-006
    4451  0.25164E-006
    4452  0.25336E-006
    4453  0.25507E-006
    4454  0.25678E-006
    4455  0.25849E-006
    4456  0.26020E-006
    4457  0.26190E-006
    4458  0.26361E-006
    4459  0.26531E-006
    4460  0.26701E-006
    4461  0.26871E-006
    4462  0.27041E-006
    4463  0.27211E-006
    4464  0.23007E-006
    4465  0.23221E-006
    4466  0.23519E-006
    4467  0.23856E-006
    4468  0.24205E-006
    4469  0.24557E-006
    4470  0.24908E-006
    4471  0.25259E-006
    4472  0.25608E-006
    4473  0.25957E-006
    4474  0.26305E-006
    4475  0.22133E-006
    4476  0.22193E-006
    4477  0.22289E-006
    4478  0.22413E-006
    4479  0.22559E-006
    4480  0.22720E-006
    4481  0.22890E-006
    4482  0.23066E-006
    4483  0.23244E-006
    4484  0.23424E-006
    4485  0.23604E-006
    4486  0.23785E-006
    4487  0.23965E-006
    4488  0.24145E-006
    4489  0.24325E-006
    4490  0.24504E-006
    4491  0.24683E-006
    4492  0.24862E-006
    4493  0.25041E-006
    4494  0.25220E-006
    4495  0.25398E-006
    4496  0.25576E-006
    4497  0.25755E-006
    4498  0.21387E-006
    4499  0.21612E-006
    4500  0.21927E-006
    4501  0.22282E-006
    4502  0.22650E-006
    4503  0.23019E-006
    4504  0.23389E-006
    4505  0.23757E-006
    4506  0.24124E-006
    4507  0.24489E-006
    4508  0.24854E-006
    4509  0.20524E-006
    4510  0.20587E-006
    4511  0.20688E-006
    4512  0.20819E-006
    4513  0.20972E-006
    4514  0.21142E-006
    4515  0.21321E-006
    4516  0.21506E-006
    4517  0.21693E-006
    4518  0.21882E-006
    4519  0.22072E-006
    4520  0.22261E-006
    4521  0.22451E-006
    4522  0.22640E-006
    4523  0.22828E-006
    4524  0.23017E-006
    4525  0.23205E-006
    4526  0.23392E-006
    4527  0.23579E-006
    4528  0.23766E-006
    4529  0.23953E-006
    4530  0.24140E-006
    4531  0.24326E-006
    4532  0.19795E-006
    4533  0.20033E-006
    4534  0.20364E-006
    4535  0.20737E-006
    4536  0.21123E-006
    4537  0.21511E-006
    4538  0.21899E-006
    4539  0.22284E-006
    4540  0.22669E-006
    4541  0.23052E-006
    4542  0.23433E-006
    4543  0.18945E-006
    4544  0.19012E-006
    4545  0.19118E-006
    4546  0.19255E-006
    4547  0.19417E-006
    4548  0.19595E-006
    4549  0.19782E-006
    4550  0.19977E-006
    4551  0.20174E-006
    4552  0.20372E-006
    4553  0.20571E-006
    4554  0.20769E-006
    4555  0.20968E-006
    4556  0.21166E-006
    4557  0.21363E-006
    4558  0.21560E-006
    4559  0.21757E-006
    4560  0.21953E-006
    4561  0.22149E-006
    4562  0.22345E-006
    4563  0.22540E-006
    4564  0.22735E-006
    4565  0.22930E-006
    4566  0.18237E-006
    4567  0.18486E-006
    4568  0.18834E-006
    4569  0.19225E-006
    4570  0.19630E-006
    4571  0.20036E-006
    4572  0.20442E-006
    4573  0.20845E-006
    4574  0.21247E-006
    4575  0.21647E-006
    4576  0.22045E-006
    4577  0.17402E-006
    4578  0.17471E-006
    4579  0.17583E-006
    4580  0.17727E-006
    4581  0.17896E-006
    4582  0.18082E-006
    4583  0.18279E-006
    4584  0.18483E-006
    4585  0.18689E-006
    4586  0.18897E-006
    4587  0.19105E-006
    4588  0.19312E-006
    4589  0.19520E-006
    4590  0.19727E-006
    4591  0.19933E-006
    4592  0.20139E-006
    4593  0.20345E-006
    4594  0.20550E-006
    4595  0.20754E-006
    4596  0.20958E-006
    4597  0.21162E-006
    4598  0.21365E-006
    4599  0.21568E-006
    4600  0.16715E-006
    4601  0.16977E-006
    4602  0.17341E-006
    4603  0.17750E-006
    4604  0.18173E-006
    4605  0.18598E-006
    4606  0.19022E-006
    4607  0.19443E-006
    4608  0.19862E-006
    4609  0.20279E-006
    4610  0.20694E-006
    4611  0.15897E-006
    4612  0.15970E-006
    4613  0.16086E-006
    4614  0.16237E-006
    4615  0.16414E-006
    4616  0.16609E-006
    4617  0.16815E-006
    4618  0.17028E-006
    4619  0.17243E-006
    4620  0.17460E-006
    4621  0.17677E-006
    4622  0.17894E-006
    4623  0.18111E-006
    4624  0.18327E-006
    4625  0.18542E-006
    4626  0.18757E-006
    4627  0.18971E-006
    4628  0.19184E-006
    4629  0.19397E-006
    4630  0.19610E-006
    4631  0.19822E-006
    4632  0.20033E-006
    4633  0.20244E-006
    4634  0.15235E-006
    4635  0.15508E-006
    4636  0.15888E-006
    4637  0.16316E-006
    4638  0.16758E-006
    4639  0.17201E-006
    4640  0.17642E-006
    4641  0.18081E-006
    4642  0.18517E-006
    4643  0.18951E-006
    4644  0.19383E-006
    4645  0.14436E-006
    4646  0.14512E-006
    4647  0.14633E-006
    4648  0.14791E-006
    4649  0.14975E-006
    4650  0.15179E-006
    4651  0.15393E-006
    4652  0.15615E-006
    4653  0.15840E-006
    4654  0.16066E-006
    4655  0.16292E-006
    4656  0.16519E-006
    4657  0.16744E-006
    4658  0.16969E-006
    4659  0.17193E-006
    4660  0.17417E-006
    4661  0.17639E-006
    4662  0.17861E-006
    4663  0.18083E-006
    4664  0.18304E-006
    4665  0.18524E-006
    4666  0.18743E-006
    4667  0.18963E-006
    4668  0.13800E-006
    4669  0.14085E-006
    4670  0.14481E-006
    4671  0.14926E-006
    4672  0.15387E-006
    4673  0.15848E-006
    4674  0.16307E-006
    4675  0.16763E-006
    4676  0.17217E-006
    4677  0.17668E-006
    4678  0.18116E-006
    4679  0.13022E-006
    4680  0.13101E-006
    4681  0.13228E-006
    4682  0.13391E-006
    4683  0.13584E-006
    4684  0.13796E-006
    4685  0.14019E-006
    4686  0.14250E-006
    4687  0.14484E-006
    4688  0.14719E-006
    4689  0.14954E-006
    4690  0.15189E-006
    4691  0.15424E-006
    4692  0.15657E-006
    4693  0.15890E-006
    4694  0.16122E-006
    4695  0.16354E-006
    4696  0.16584E-006
    4697  0.16814E-006
    4698  0.17043E-006
    4699  0.17272E-006
    4700  0.17499E-006
    4701  0.17727E-006
    4702  0.12415E-006
    4703  0.12711E-006
    4704  0.13123E-006
    4705  0.13586E-006
    4706  0.14064E-006
    4707  0.14543E-006
    4708  0.15020E-006
    4709  0.15493E-006
    4710  0.15964E-006
    4711  0.16431E-006
    4712  0.16895E-006
    4713  0.11660E-006
    4714  0.11742E-006
    4715  0.11874E-006
    4716  0.12044E-006
    4717  0.12243E-006
    4718  0.12464E-006
    4719  0.12696E-006
    4720  0.12935E-006
    4721  0.13178E-006
    4722  0.13422E-006
    4723  0.13666E-006
    4724  0.13910E-006
    4725  0.14153E-006
    4726  0.14396E-006
    4727  0.14637E-006
    4728  0.14877E-006
    4729  0.15117E-006
    4730  0.15356E-006
    4731  0.15594E-006
    4732  0.15831E-006
    4733  0.16068E-006
    4734  0.16303E-006
    4735  0.16539E-006
    4736  0.11083E-006
    4737  0.11391E-006
    4738  0.11818E-006
    4739  0.12299E-006
    4740  0.12794E-006
    4741  0.13291E-006
    4742  0.13785E-006
    4743  0.14275E-006
    4744  0.14761E-006
    4745  0.15245E-006
    4746  0.15725E-006
    4747  0.10354E-006
    4748  0.10439E-006
    4749  0.10576E-006
    4750  0.10752E-006
    4751  0.10959E-006
    4752  0.11187E-006
    4753  0.11428E-006
    4754  0.11676E-006
    4755  0.11927E-006
    4756  0.12180E-006
    4757  0.12433E-006
    4758  0.12685E-006
    4759  0.12937E-006
    4760  0.13187E-006
    4761  0.13437E-006
    4762  0.13686E-006
    4763  0.13933E-006
    4764  0.14180E-006
    4765  0.14426E-006
    4766  0.14671E-006
    4767  0.14916E-006
    4768  0.15159E-006
    4769  0.15402E-006
    4770  0.98101E-007
    4771  0.10129E-006
    4772  0.10571E-006
    4773  0.11068E-006
    4774  0.11581E-006
    4775  0.12094E-006
    4776  0.12605E-006
    4777  0.13111E-006
    4778  0.13613E-006
    4779  0.14112E-006
    4780  0.14607E-006
    4781  0.91086E-007
    4782  0.91968E-007
    4783  0.93379E-007
    4784  0.95205E-007
    4785  0.97344E-007
    4786  0.99703E-007
    4787  0.10219E-006
    4788  0.10476E-006
    4789  0.10735E-006
    4790  0.10997E-006
    4791  0.11258E-006
    4792  0.11518E-006
    4793  0.11778E-006
    4794  0.12036E-006
    4795  0.12294E-006
    4796  0.12551E-006
    4797  0.12806E-006
    4798  0.13061E-006
    4799  0.13315E-006
    4800  0.13567E-006
    4801  0.13819E-006
    4802  0.14070E-006
    4803  0.14320E-006
    4804  0.85995E-007
    4805  0.89284E-007
    4806  0.93854E-007
    4807  0.98987E-007
    4808  0.10428E-006
    4809  0.10958E-006
    4810  0.11484E-006
    4811  0.12006E-006
    4812  0.12523E-006
    4813  0.13037E-006
    4814  0.13547E-006
    4815  0.79279E-007
    4816  0.80189E-007
    4817  0.81646E-007
    4818  0.83529E-007
    4819  0.85736E-007
    4820  0.88170E-007
    4821  0.90733E-007
    4822  0.93381E-007
    4823  0.96057E-007
    4824  0.98752E-007
    4825  0.10144E-006
    4826  0.10413E-006
    4827  0.10680E-006
    4828  0.10947E-006
    4829  0.11212E-006
    4830  0.11476E-006
    4831  0.11739E-006
    4832  0.12001E-006
    4833  0.12262E-006
    4834  0.12522E-006
    4835  0.12781E-006
    4836  0.13039E-006
    4837  0.13296E-006
    4838  0.74555E-007
    4839  0.77945E-007
    4840  0.82654E-007
    4841  0.87942E-007
    4842  0.93391E-007
    4843  0.98844E-007
    4844  0.10426E-006
    4845  0.10963E-006
    4846  0.11495E-006
    4847  0.12023E-006
    4848  0.12547E-006
    4849  0.68161E-007
    4850  0.69097E-007
    4851  0.70597E-007
    4852  0.72536E-007
    4853  0.74808E-007
    4854  0.77313E-007
    4855  0.79950E-007
    4856  0.82675E-007
    4857  0.85428E-007
    4858  0.88200E-007
    4859  0.90966E-007
    4860  0.93728E-007
    4861  0.96477E-007
    4862  0.99216E-007
    4863  0.10194E-006
    4864  0.10466E-006
    4865  0.10736E-006
    4866  0.11005E-006
    4867  0.11273E-006
    4868  0.11540E-006
    4869  0.11805E-006
    4870  0.12070E-006
    4871  0.12334E-006
    4872  0.63821E-007
    4873  0.67307E-007
    4874  0.72149E-007
    4875  0.77584E-007
    4876  0.83183E-007
    4877  0.88784E-007
    4878  0.94344E-007
    4879  0.99854E-007
    4880  0.10532E-006
    4881  0.11073E-006
    4882  0.11610E-006
    4883  0.57769E-007
    4884  0.58731E-007
    4885  0.60271E-007
    4886  0.62263E-007
    4887  0.64596E-007
    4888  0.67168E-007
    4889  0.69877E-007
    4890  0.72674E-007
    4891  0.75500E-007
    4892  0.78345E-007
    4893  0.81183E-007
    4894  0.84016E-007
    4895  0.86837E-007
    4896  0.89646E-007
    4897  0.92441E-007
    4898  0.95224E-007
    4899  0.97995E-007
    4900  0.10075E-006
    4901  0.10350E-006
    4902  0.10623E-006
    4903  0.10895E-006
    4904  0.11167E-006
    4905  0.11437E-006
    4906  0.53832E-007
    4907  0.57409E-007
    4908  0.62375E-007
    4909  0.67949E-007
    4910  0.73689E-007
    4911  0.79430E-007
    4912  0.85126E-007
    4913  0.90771E-007
    4914  0.96364E-007
    4915  0.10191E-006
    4916  0.10740E-006
    4917  0.48143E-007
    4918  0.49129E-007
    4919  0.50707E-007
    4920  0.52748E-007
    4921  0.55139E-007
    4922  0.57774E-007
    4923  0.60548E-007
    4924  0.63413E-007
    4925  0.66308E-007
    4926  0.69221E-007
    4927  0.72127E-007
    4928  0.75027E-007
    4929  0.77914E-007
    4930  0.80789E-007
    4931  0.83649E-007
    4932  0.86497E-007
    4933  0.89331E-007
    4934  0.92152E-007
    4935  0.94960E-007
    4936  0.97756E-007
    4937  0.10054E-006
    4938  0.10331E-006
    4939  0.10608E-006
    4940  0.44625E-007
    4941  0.48286E-007
    4942  0.53369E-007
    4943  0.59071E-007
    4944  0.64943E-007
    4945  0.70813E-007
    4946  0.76637E-007
    4947  0.82406E-007
    4948  0.88121E-007
    4949  0.93783E-007
    4950  0.99398E-007
    4951  0.39317E-007
    4952  0.40325E-007
    4953  0.41939E-007
    4954  0.44026E-007
    4955  0.46469E-007
    4956  0.49163E-007
    4957  0.51999E-007
    4958  0.54927E-007
    4959  0.57884E-007
    4960  0.60860E-007
    4961  0.63829E-007
    4962  0.66792E-007
    4963  0.69740E-007
    4964  0.72675E-007
    4965  0.75596E-007
    4966  0.78503E-007
    4967  0.81395E-007
    4968  0.84275E-007
    4969  0.87141E-007
    4970  0.89994E-007
    4971  0.92833E-007
    4972  0.95662E-007
    4973  0.98486E-007
    4974  0.36234E-007
    4975  0.39972E-007
    4976  0.45162E-007
    4977  0.50983E-007
    4978  0.56976E-007
    4979  0.62966E-007
    4980  0.68906E-007
    4981  0.74789E-007
    4982  0.80616E-007
    4983  0.86388E-007
    4984  0.92109E-007
    4985  0.31326E-007
    4986  0.32354E-007
    4987  0.34000E-007
    4988  0.36128E-007
    4989  0.38621E-007
    4990  0.41368E-007
    4991  0.44259E-007
    4992  0.47244E-007
    4993  0.50260E-007
    4994  0.53293E-007
    4995  0.56319E-007
    4996  0.59339E-007
    4997  0.62342E-007
    4998  0.65333E-007
    4999  0.68309E-007
    5000  0.71270E-007
    5001  0.74216E-007
    5002  0.77148E-007
    5003  0.80066E-007
    5004  0.82970E-007
    5005  0.85860E-007
    5006  0.88738E-007
    5007  0.91609E-007
    5008  0.28690E-007
    5009  0.32498E-007
    5010  0.37785E-007
    5011  0.43714E-007
    5012  0.49816E-007
    5013  0.55914E-007
    5014  0.61960E-007
    5015  0.67946E-007
    5016  0.73874E-007
    5017  0.79743E-007
    5018  0.85560E-007
    5019  0.24198E-007
    5020  0.25245E-007
    5021  0.26920E-007
    5022  0.29085E-007
    5023  0.31621E-007
    5024  0.34416E-007
    5025  0.37358E-007
    5026  0.40395E-007
    5027  0.43462E-007
    5028  0.46548E-007
    5029  0.49625E-007
    5030  0.52695E-007
    5031  0.55749E-007
    5032  0.58789E-007
    5033  0.61814E-007
    5034  0.64823E-007
    5035  0.67817E-007
    5036  0.70797E-007
    5037  0.73762E-007
    5038  0.76712E-007
    5039  0.79648E-007
    5040  0.82574E-007
    5041  0.85491E-007
    5042  0.22022E-007
    5043  0.25893E-007
    5044  0.31266E-007
    5045  0.37290E-007
    5046  0.43490E-007
    5047  0.49684E-007
    5048  0.55824E-007
    5049  0.61902E-007
    5050  0.67920E-007
    5051  0.73878E-007
    5052  0.79781E-007
    5053  0.17962E-007
    5054  0.19024E-007
    5055  0.20725E-007
    5056  0.22923E-007
    5057  0.25498E-007
    5058  0.28335E-007
    5059  0.31321E-007
    5060  0.34403E-007
    5061  0.37516E-007
    5062  0.40647E-007
    5063  0.43769E-007
    5064  0.46884E-007
    5065  0.49982E-007
    5066  0.53067E-007
    5067  0.56134E-007
    5068  0.59187E-007
    5069  0.62223E-007
    5070  0.65244E-007
    5071  0.68250E-007
    5072  0.71242E-007
    5073  0.74218E-007
    5074  0.77183E-007
    5075  0.80135E-007
    5076  0.16255E-007
    5077  0.20180E-007
    5078  0.25628E-007
    5079  0.31736E-007
    5080  0.38021E-007
    5081  0.44298E-007
    5082  0.50520E-007
    5083  0.56678E-007
    5084  0.62773E-007
    5085  0.68806E-007
    5086  0.74784E-007
    5087  0.12641E-007
    5088  0.13717E-007
    5089  0.15440E-007
    5090  0.17666E-007
    5091  0.20274E-007
    5092  0.23147E-007
    5093  0.26171E-007
    5094  0.29292E-007
    5095  0.32444E-007
    5096  0.35614E-007
    5097  0.38775E-007
    5098  0.41928E-007
    5099  0.45064E-007
    5100  0.48185E-007
    5101  0.51290E-007
    5102  0.54379E-007
    5103  0.57451E-007
    5104  0.60507E-007
    5105  0.63549E-007
    5106  0.66574E-007
    5107  0.69584E-007
    5108  0.72582E-007
    5109  0.75571E-007
    5110  0.11413E-007
    5111  0.15384E-007
    5112  0.20895E-007
    5113  0.27073E-007
    5114  0.33429E-007
    5115  0.39776E-007
    5116  0.46066E-007
    5117  0.52291E-007
    5118  0.58451E-007
    5119  0.64548E-007
    5120  0.70586E-007
    5121  0.82572E-008
    5122  0.93445E-008
    5123  0.11085E-007
    5124  0.13335E-007
    5125  0.15970E-007
    5126  0.18874E-007
    5127  0.21928E-007
    5128  0.25082E-007
    5129  0.28266E-007
    5130  0.31468E-007
    5131  0.34661E-007
    5132  0.37845E-007
    5133  0.41013E-007
    5134  0.44165E-007
    5135  0.47300E-007
    5136  0.50418E-007
    5137  0.53520E-007
    5138  0.56605E-007
    5139  0.59675E-007
    5140  0.62729E-007
    5141  0.65767E-007
    5142  0.68790E-007
    5143  0.71805E-007
    5144  0.75145E-008
    5145  0.11523E-007
    5146  0.17085E-007
    5147  0.23320E-007
    5148  0.29733E-007
    5149  0.36137E-007
    5150  0.42483E-007
    5151  0.48762E-007
    5152  0.54973E-007
    5153  0.61120E-007
    5154  0.67207E-007
    5155  0.48284E-008
    5156  0.59246E-008
    5157  0.76795E-008
    5158  0.99480E-008
    5159  0.12604E-007
    5160  0.15531E-007
    5161  0.18611E-007
    5162  0.21789E-007
    5163  0.24999E-007
    5164  0.28226E-007
    5165  0.31444E-007
    5166  0.34654E-007
    5167  0.37845E-007
    5168  0.41022E-007
    5169  0.44181E-007
    5170  0.47323E-007
    5171  0.50448E-007
    5172  0.53557E-007
    5173  0.56649E-007
    5174  0.59725E-007
    5175  0.62785E-007
    5176  0.65833E-007
    5177  0.68872E-007
    5178  0.45766E-008
    5179  0.86129E-008
    5180  0.14214E-007
    5181  0.20492E-007
    5182  0.26949E-007
    5183  0.33396E-007
    5184  0.39784E-007
    5185  0.46103E-007
    5186  0.52356E-007
    5187  0.58543E-007
    5188  0.64669E-007
    5189  0.23691E-008
    5190  0.34718E-008
    5191  0.52369E-008
    5192  0.75186E-008
    5193  0.10190E-007
    5194  0.13134E-007
    5195  0.16231E-007
    5196  0.19428E-007
    5197  0.22656E-007
    5198  0.25902E-007
    5199  0.29138E-007
    5200  0.32365E-007
    5201  0.35574E-007
    5202  0.38768E-007
    5203  0.41944E-007
    5204  0.45104E-007
    5205  0.48246E-007
    5206  0.51371E-007
    5207  0.54480E-007
    5208  0.57572E-007
    5209  0.60648E-007
    5210  0.63711E-007
    5211  0.66758E-007
    5212  0.26114E-008
    5213  0.66665E-008
    5214  0.12293E-007
    5215  0.18600E-007
    5216  0.25086E-007
    5217  0.31562E-007
    5218  0.37978E-007
    5219  0.44325E-007
    5220  0.50603E-007
    5221  0.56816E-007
    5222  0.62965E-007
    5223  0.88971E-009
    5224  0.19962E-008
    5225  0.37675E-008
    5226  0.60571E-008
    5227  0.87380E-008
    5228  0.11692E-007
    5229  0.14800E-007
    5230  0.18008E-007
    5231  0.21246E-007
    5232  0.24503E-007
    5233  0.27750E-007
    5234  0.30988E-007
    5235  0.34208E-007
    5236  0.37412E-007
    5237  0.40598E-007
    5238  0.43768E-007
    5239  0.46919E-007
    5240  0.50054E-007
    5241  0.53173E-007
    5242  0.56275E-007
    5243  0.59360E-007
    5244  0.62431E-007
    5245  0.65492E-007
    5246  0.16269E-008
    5247  0.56914E-008
    5248  0.11331E-007
    5249  0.17652E-007
    5250  0.24153E-007
    5251  0.30643E-007
    5252  0.37072E-007
    5253  0.43433E-007
    5254  0.49725E-007
    5255  0.55949E-007
    5256  0.62111E-007
