       1  0.31594E-008
      14  0.26304E-008
      15  0.26314E-008
      16  0.26348E-008
      17  0.26404E-008
      18  0.26483E-008
      19  0.26583E-008
      20  0.26705E-008
      21  0.26848E-008
      22  0.27010E-008
      23  0.27192E-008
      24  0.27392E-008
      25  0.27610E-008
      26  0.27845E-008
      27  0.28095E-008
      28  0.28360E-008
      29  0.28639E-008
      30  0.28930E-008
      31  0.29233E-008
      32  0.29547E-008
      33  0.29870E-008
      34  0.30201E-008
      35  0.30540E-008
      36  0.30886E-008
      37  0.31238E-008
     279   0.0000     
     291  0.22225E-008
     292  0.71755E-011
     293  0.28208E-010
     294  0.63120E-010
     295  0.11101E-009
     296  0.17143E-009
     297  0.24318E-009
     298  0.32541E-009
     299  0.41678E-009
     300  0.51615E-009
     301  0.62215E-009
     302  0.73353E-009
     303  0.84905E-009
     304  0.96742E-009
     305  0.10876E-008
     306  0.12085E-008
     307  0.13293E-008
     308  0.14491E-008
     309  0.15673E-008
     310  0.16834E-008
     311  0.17969E-008
     312  0.19074E-008
     313  0.20151E-008
     314  0.21204E-008
     938  0.25538E-008
     939  0.24745E-008
     940  0.23922E-008
     941  0.23068E-008
     942  0.22179E-008
     943  0.21254E-008
     944  0.20289E-008
     945  0.19282E-008
     946  0.18227E-008
     947  0.17123E-008
     948  0.15963E-008
     949  0.14744E-008
     950  0.13460E-008
     951  0.12111E-008
     952  0.10689E-008
     953  0.92074E-009
     954  0.76673E-009
     955  0.61118E-009
     956  0.45719E-009
     957  0.31288E-009
     958  0.18622E-009
     959  0.86132E-010
     960  0.22971E-010
     961  0.22255E-008
     962  0.22359E-008
     963  0.22533E-008
     964  0.22765E-008
     965  0.23049E-008
     966  0.23377E-008
     967  0.23739E-008
     968  0.24130E-008
     969  0.24544E-008
     970  0.24977E-008
     971  0.25424E-008
     972  0.25882E-008
     973  0.26349E-008
     974  0.26822E-008
     975  0.27299E-008
     976  0.27780E-008
     977  0.28261E-008
     978  0.28743E-008
     979  0.29225E-008
     980  0.29705E-008
     981  0.30182E-008
     982  0.30657E-008
     983  0.31127E-008
     984  0.21366E-008
     985  0.21831E-008
     986  0.22519E-008
     987  0.23352E-008
     988  0.24274E-008
     989  0.25246E-008
     990  0.26247E-008
     991  0.27259E-008
     992  0.28271E-008
     993  0.29276E-008
     994  0.30266E-008
     995  0.20201E-008
     996  0.20341E-008
     997  0.20568E-008
     998  0.20869E-008
     999  0.21231E-008
    1000  0.21640E-008
    1001  0.22086E-008
    1002  0.22559E-008
    1003  0.23052E-008
    1004  0.23561E-008
    1005  0.24079E-008
    1006  0.24606E-008
    1007  0.25136E-008
    1008  0.25670E-008
    1009  0.26205E-008
    1010  0.26739E-008
    1011  0.27272E-008
    1012  0.27802E-008
    1013  0.28328E-008
    1014  0.28850E-008
    1015  0.29367E-008
    1016  0.29879E-008
    1017  0.30386E-008
    1018  0.19290E-008
    1019  0.19884E-008
    1020  0.20743E-008
    1021  0.21754E-008
    1022  0.22840E-008
    1023  0.23961E-008
    1024  0.25093E-008
    1025  0.26221E-008
    1026  0.27335E-008
    1027  0.28429E-008
    1028  0.29498E-008
    1029  0.18032E-008
    1030  0.18211E-008
    1031  0.18499E-008
    1032  0.18876E-008
    1033  0.19326E-008
    1034  0.19829E-008
    1035  0.20370E-008
    1036  0.20937E-008
    1037  0.21520E-008
    1038  0.22114E-008
    1039  0.22713E-008
    1040  0.23316E-008
    1041  0.23917E-008
    1042  0.24517E-008
    1043  0.25114E-008
    1044  0.25706E-008
    1045  0.26293E-008
    1046  0.26874E-008
    1047  0.27448E-008
    1048  0.28014E-008
    1049  0.28573E-008
    1050  0.29124E-008
    1051  0.29667E-008
    1052  0.17105E-008
    1053  0.17847E-008
    1054  0.18901E-008
    1055  0.20113E-008
    1056  0.21385E-008
    1057  0.22670E-008
    1058  0.23945E-008
    1059  0.25197E-008
    1060  0.26419E-008
    1061  0.27606E-008
    1062  0.28757E-008
    1063  0.15753E-008
    1064  0.15976E-008
    1065  0.16334E-008
    1066  0.16800E-008
    1067  0.17351E-008
    1068  0.17962E-008
    1069  0.18610E-008
    1070  0.19283E-008
    1071  0.19967E-008
    1072  0.20656E-008
    1073  0.21344E-008
    1074  0.22028E-008
    1075  0.22707E-008
    1076  0.23378E-008
    1077  0.24041E-008
    1078  0.24694E-008
    1079  0.25338E-008
    1080  0.25971E-008
    1081  0.26594E-008
    1082  0.27206E-008
    1083  0.27808E-008
    1084  0.28398E-008
    1085  0.28978E-008
    1086  0.14827E-008
    1087  0.15740E-008
    1088  0.17015E-008
    1089  0.18452E-008
    1090  0.19929E-008
    1091  0.21392E-008
    1092  0.22819E-008
    1093  0.24201E-008
    1094  0.25533E-008
    1095  0.26816E-008
    1096  0.28049E-008
    1097  0.13391E-008
    1098  0.13665E-008
    1099  0.14103E-008
    1100  0.14670E-008
    1101  0.15335E-008
    1102  0.16066E-008
    1103  0.16834E-008
    1104  0.17624E-008
    1105  0.18417E-008
    1106  0.19209E-008
    1107  0.19992E-008
    1108  0.20765E-008
    1109  0.21524E-008
    1110  0.22270E-008
    1111  0.23001E-008
    1112  0.23718E-008
    1113  0.24420E-008
    1114  0.25107E-008
    1115  0.25779E-008
    1116  0.26437E-008
    1117  0.27081E-008
    1118  0.27711E-008
    1119  0.28327E-008
    1120  0.12494E-008
    1121  0.13598E-008
    1122  0.15119E-008
    1123  0.16802E-008
    1124  0.18499E-008
    1125  0.20149E-008
    1126  0.21734E-008
    1127  0.23248E-008
    1128  0.24693E-008
    1129  0.26071E-008
    1130  0.27385E-008
    1131  0.10995E-008
    1132  0.11325E-008
    1133  0.11852E-008
    1134  0.12530E-008
    1135  0.13319E-008
    1136  0.14181E-008
    1137  0.15078E-008
    1138  0.15993E-008
    1139  0.16903E-008
    1140  0.17804E-008
    1141  0.18686E-008
    1142  0.19549E-008
    1143  0.20392E-008
    1144  0.21213E-008
    1145  0.22014E-008
    1146  0.22794E-008
    1147  0.23554E-008
    1148  0.24295E-008
    1149  0.25016E-008
    1150  0.25719E-008
    1151  0.26405E-008
    1152  0.27073E-008
    1153  0.27725E-008
    1154  0.10163E-008
    1155  0.11473E-008
    1156  0.13257E-008
    1157  0.15201E-008
    1158  0.17126E-008
    1159  0.18968E-008
    1160  0.20711E-008
    1161  0.22358E-008
    1162  0.23913E-008
    1163  0.25383E-008
    1164  0.26775E-008
    1165  0.86308E-009
    1166  0.90205E-009
    1167  0.96416E-009
    1168  0.10437E-008
    1169  0.11357E-008
    1170  0.12356E-008
    1171  0.13388E-008
    1172  0.14432E-008
    1173  0.15462E-008
    1174  0.16473E-008
    1175  0.17455E-008
    1176  0.18409E-008
    1177  0.19334E-008
    1178  0.20230E-008
    1179  0.21099E-008
    1180  0.21941E-008
    1181  0.22757E-008
    1182  0.23549E-008
    1183  0.24318E-008
    1184  0.25064E-008
    1185  0.25789E-008
    1186  0.26493E-008
    1187  0.27178E-008
    1188  0.79068E-009
    1189  0.94305E-009
    1190  0.11485E-008
    1191  0.13693E-008
    1192  0.15847E-008
    1193  0.17877E-008
    1194  0.19774E-008
    1195  0.21547E-008
    1196  0.23206E-008
    1197  0.24764E-008
    1198  0.26229E-008
    1199  0.63841E-009
    1200  0.68342E-009
    1201  0.75503E-009
    1202  0.84639E-009
    1203  0.95160E-009
    1204  0.10652E-008
    1205  0.11818E-008
    1206  0.12989E-008
    1207  0.14135E-008
    1208  0.15254E-008
    1209  0.16332E-008
    1210  0.17374E-008
    1211  0.18378E-008
    1212  0.19345E-008
    1213  0.20277E-008
    1214  0.21177E-008
    1215  0.22046E-008
    1216  0.22886E-008
    1217  0.23698E-008
    1218  0.24484E-008
    1219  0.25245E-008
    1220  0.25983E-008
    1221  0.26698E-008
    1222  0.58143E-009
    1223  0.75474E-009
    1224  0.98653E-009
    1225  0.12327E-008
    1226  0.14698E-008
    1227  0.16906E-008
    1228  0.18946E-008
    1229  0.20835E-008
    1230  0.22590E-008
    1231  0.24226E-008
    1232  0.25756E-008
    1233  0.43516E-009
    1234  0.48591E-009
    1235  0.56655E-009
    1236  0.66913E-009
    1237  0.78679E-009
    1238  0.91330E-009
    1239  0.10424E-008
    1240  0.11714E-008
    1241  0.12969E-008
    1242  0.14186E-008
    1243  0.15353E-008
    1244  0.16475E-008
    1245  0.17549E-008
    1246  0.18580E-008
    1247  0.19570E-008
    1248  0.20522E-008
    1249  0.21437E-008
    1250  0.22319E-008
    1251  0.23170E-008
    1252  0.23990E-008
    1253  0.24783E-008
    1254  0.25550E-008
    1255  0.26292E-008
    1256  0.39816E-009
    1257  0.59064E-009
    1258  0.84639E-009
    1259  0.11155E-008
    1260  0.13721E-008
    1261  0.16085E-008
    1262  0.18250E-008
    1263  0.20240E-008
    1264  0.22077E-008
    1265  0.23779E-008
    1266  0.25365E-008
    1267  0.26342E-009
    1268  0.31923E-009
    1269  0.40780E-009
    1270  0.52020E-009
    1271  0.64875E-009
    1272  0.78651E-009
    1273  0.92643E-009
    1274  0.10657E-008
    1275  0.12006E-008
    1276  0.13307E-008
    1277  0.14550E-008
    1278  0.15739E-008
    1279  0.16874E-008
    1280  0.17959E-008
    1281  0.18997E-008
    1282  0.19992E-008
    1283  0.20946E-008
    1284  0.21863E-008
    1285  0.22745E-008
    1286  0.23594E-008
    1287  0.24413E-008
    1288  0.25203E-008
    1289  0.25967E-008
    1290  0.25041E-009
    1291  0.45887E-009
    1292  0.73449E-009
    1293  0.10226E-008
    1294  0.12950E-008
    1295  0.15441E-008
    1296  0.17708E-008
    1297  0.19778E-008
    1298  0.21680E-008
    1299  0.23435E-008
    1300  0.25065E-008
    1301  0.13272E-009
    1302  0.19249E-009
    1303  0.28726E-009
    1304  0.40734E-009
    1305  0.54439E-009
    1306  0.69090E-009
    1307  0.83926E-009
    1308  0.98650E-009
    1309  0.11285E-008
    1310  0.12652E-008
    1311  0.13953E-008
    1312  0.15194E-008
    1313  0.16374E-008
    1314  0.17500E-008
    1315  0.18574E-008
    1316  0.19601E-008
    1317  0.20585E-008
    1318  0.21528E-008
    1319  0.22433E-008
    1320  0.23304E-008
    1321  0.24142E-008
    1322  0.24950E-008
    1323  0.25730E-008
    1324  0.14659E-009
    1325  0.36655E-009
    1326  0.65643E-009
    1327  0.95803E-009
    1328  0.12418E-008
    1329  0.14998E-008
    1330  0.17336E-008
    1331  0.19462E-008
    1332  0.21409E-008
    1333  0.23201E-008
    1334  0.24861E-008
    1335  0.50856E-010
    1336  0.11315E-009
    1337  0.21188E-009
    1338  0.33686E-009
    1339  0.47931E-009
    1340  0.63139E-009
    1341  0.78510E-009
    1342  0.93738E-009
    1343  0.10840E-008
    1344  0.12248E-008
    1345  0.13585E-008
    1346  0.14858E-008
    1347  0.16066E-008
    1348  0.17218E-008
    1349  0.18315E-008
    1350  0.19362E-008
    1351  0.20364E-008
    1352  0.21323E-008
    1353  0.22243E-008
    1354  0.23127E-008
    1355  0.23977E-008
    1356  0.24796E-008
    1357  0.25586E-008
    1358  0.92999E-010
    1359  0.31897E-009
    1360  0.61630E-009
    1361  0.92494E-009
    1362  0.12145E-008
    1363  0.14773E-008
    1364  0.17146E-008
    1365  0.19302E-008
    1366  0.21272E-008
    1367  0.23083E-008
    1368  0.24758E-008
