       1  0.21365E-005
      14  0.33553E-006
      15  0.33602E-006
      16  0.33788E-006
      17  0.34077E-006
      18  0.34484E-006
      19  0.35013E-006
      20  0.35657E-006
      21  0.36402E-006
      22  0.37267E-006
      23  0.38245E-006
      24  0.39340E-006
      25  0.40531E-006
      26  0.41825E-006
      27  0.43228E-006
      28  0.44734E-006
      29  0.46331E-006
      30  0.48026E-006
      31  0.49822E-006
      32  0.51715E-006
      33  0.53688E-006
      34  0.55748E-006
      35  0.57894E-006
      36  0.60125E-006
      37  0.62427E-006
      38  0.64805E-006
      39  0.67258E-006
      40  0.69785E-006
      41  0.72370E-006
      42  0.75019E-006
      43  0.77729E-006
      44  0.80498E-006
      45  0.83314E-006
      46  0.86181E-006
      47  0.89097E-006
      48  0.92059E-006
      49  0.95057E-006
      50  0.98088E-006
      51  0.10116E-005
      52  0.10426E-005
      53  0.10739E-005
      54  0.11055E-005
      55  0.11373E-005
      56  0.11693E-005
      57  0.12015E-005
      58  0.12338E-005
      59  0.12663E-005
      60  0.12990E-005
      61  0.13317E-005
      62  0.13644E-005
      63  0.13972E-005
      64  0.14301E-005
      65  0.14630E-005
      66  0.14958E-005
      67  0.15287E-005
      68  0.15615E-005
      69  0.15943E-005
      70  0.16271E-005
      71  0.16598E-005
      72  0.16924E-005
      73  0.17249E-005
      74  0.17573E-005
      75  0.17897E-005
      76  0.18219E-005
      77  0.18540E-005
      78  0.18860E-005
      79  0.19178E-005
      80  0.19495E-005
      81  0.19811E-005
      82  0.20125E-005
      83  0.20438E-005
      84  0.20749E-005
      85  0.21058E-005
     807   0.0000     
     819  0.21091E-005
     820  0.74421E-009
     821  0.29732E-008
     822  0.66854E-008
     823  0.11872E-007
     824  0.18525E-007
     825  0.26630E-007
     826  0.36175E-007
     827  0.47138E-007
     828  0.59503E-007
     829  0.73243E-007
     830  0.88337E-007
     831  0.10475E-006
     832  0.12247E-006
     833  0.14144E-006
     834  0.16165E-006
     835  0.18306E-006
     836  0.20562E-006
     837  0.22930E-006
     838  0.25407E-006
     839  0.27987E-006
     840  0.30668E-006
     841  0.33443E-006
     842  0.36310E-006
     843  0.39263E-006
     844  0.42299E-006
     845  0.45412E-006
     846  0.48599E-006
     847  0.51854E-006
     848  0.55173E-006
     849  0.58552E-006
     850  0.61987E-006
     851  0.65472E-006
     852  0.69004E-006
     853  0.72578E-006
     854  0.76191E-006
     855  0.79837E-006
     856  0.83513E-006
     857  0.87216E-006
     858  0.90941E-006
     859  0.94685E-006
     860  0.98444E-006
     861  0.10222E-005
     862  0.10600E-005
     863  0.10978E-005
     864  0.11357E-005
     865  0.11736E-005
     866  0.12115E-005
     867  0.12493E-005
     868  0.12870E-005
     869  0.13247E-005
     870  0.13622E-005
     871  0.13996E-005
     872  0.14369E-005
     873  0.14740E-005
     874  0.15109E-005
     875  0.15476E-005
     876  0.15842E-005
     877  0.16205E-005
     878  0.16567E-005
     879  0.16926E-005
     880  0.17283E-005
     881  0.17638E-005
     882  0.17990E-005
     883  0.18341E-005
     884  0.18689E-005
     885  0.19035E-005
     886  0.19380E-005
     887  0.19723E-005
     888  0.20064E-005
     889  0.20405E-005
     890  0.20747E-005
    2714  0.32082E-006
    2715  0.30601E-006
    2716  0.29115E-006
    2717  0.27619E-006
    2718  0.26110E-006
    2719  0.24590E-006
    2720  0.23059E-006
    2721  0.21516E-006
    2722  0.19961E-006
    2723  0.18395E-006
    2724  0.16815E-006
    2725  0.15225E-006
    2726  0.13622E-006
    2727  0.12012E-006
    2728  0.10392E-006
    2729  0.87785E-007
    2730  0.71767E-007
    2731  0.56220E-007
    2732  0.41417E-007
    2733  0.27965E-007
    2734  0.16463E-007
    2735  0.75565E-008
    2736  0.19904E-008
    2737  0.21092E-005
    2738  0.21094E-005
    2739  0.21099E-005
    2740  0.21105E-005
    2741  0.21112E-005
    2742  0.21120E-005
    2743  0.21129E-005
    2744  0.21139E-005
    2745  0.21150E-005
    2746  0.21161E-005
    2747  0.21173E-005
    2748  0.21185E-005
    2749  0.21197E-005
    2750  0.21210E-005
    2751  0.21224E-005
    2752  0.21238E-005
    2753  0.21252E-005
    2754  0.21267E-005
    2755  0.21283E-005
    2756  0.21298E-005
    2757  0.21314E-005
    2758  0.21331E-005
    2759  0.21348E-005
    2760  0.20752E-005
    2761  0.20766E-005
    2762  0.20786E-005
    2763  0.20809E-005
    2764  0.20835E-005
    2765  0.20862E-005
    2766  0.20891E-005
    2767  0.20921E-005
    2768  0.20953E-005
    2769  0.20986E-005
    2770  0.21021E-005
    2771  0.20407E-005
    2772  0.20411E-005
    2773  0.20418E-005
    2774  0.20428E-005
    2775  0.20438E-005
    2776  0.20451E-005
    2777  0.20464E-005
    2778  0.20477E-005
    2779  0.20492E-005
    2780  0.20506E-005
    2781  0.20521E-005
    2782  0.20537E-005
    2783  0.20552E-005
    2784  0.20568E-005
    2785  0.20585E-005
    2786  0.20602E-005
    2787  0.20619E-005
    2788  0.20636E-005
    2789  0.20654E-005
    2790  0.20672E-005
    2791  0.20691E-005
    2792  0.20710E-005
    2793  0.20729E-005
    2794  0.20071E-005
    2795  0.20089E-005
    2796  0.20115E-005
    2797  0.20144E-005
    2798  0.20176E-005
    2799  0.20209E-005
    2800  0.20244E-005
    2801  0.20280E-005
    2802  0.20318E-005
    2803  0.20356E-005
    2804  0.20396E-005
    2805  0.19725E-005
    2806  0.19730E-005
    2807  0.19739E-005
    2808  0.19750E-005
    2809  0.19763E-005
    2810  0.19778E-005
    2811  0.19793E-005
    2812  0.19810E-005
    2813  0.19827E-005
    2814  0.19845E-005
    2815  0.19862E-005
    2816  0.19881E-005
    2817  0.19899E-005
    2818  0.19918E-005
    2819  0.19937E-005
    2820  0.19957E-005
    2821  0.19977E-005
    2822  0.19997E-005
    2823  0.20018E-005
    2824  0.20038E-005
    2825  0.20060E-005
    2826  0.20081E-005
    2827  0.20103E-005
    2828  0.19388E-005
    2829  0.19409E-005
    2830  0.19439E-005
    2831  0.19474E-005
    2832  0.19511E-005
    2833  0.19550E-005
    2834  0.19590E-005
    2835  0.19632E-005
    2836  0.19675E-005
    2837  0.19719E-005
    2838  0.19764E-005
    2839  0.19038E-005
    2840  0.19044E-005
    2841  0.19054E-005
    2842  0.19067E-005
    2843  0.19082E-005
    2844  0.19099E-005
    2845  0.19117E-005
    2846  0.19136E-005
    2847  0.19156E-005
    2848  0.19176E-005
    2849  0.19197E-005
    2850  0.19218E-005
    2851  0.19239E-005
    2852  0.19261E-005
    2853  0.19283E-005
    2854  0.19305E-005
    2855  0.19328E-005
    2856  0.19351E-005
    2857  0.19374E-005
    2858  0.19398E-005
    2859  0.19422E-005
    2860  0.19446E-005
    2861  0.19470E-005
    2862  0.18698E-005
    2863  0.18722E-005
    2864  0.18757E-005
    2865  0.18797E-005
    2866  0.18840E-005
    2867  0.18884E-005
    2868  0.18930E-005
    2869  0.18977E-005
    2870  0.19026E-005
    2871  0.19075E-005
    2872  0.19126E-005
    2873  0.18343E-005
    2874  0.18350E-005
    2875  0.18362E-005
    2876  0.18376E-005
    2877  0.18394E-005
    2878  0.18413E-005
    2879  0.18434E-005
    2880  0.18456E-005
    2881  0.18478E-005
    2882  0.18502E-005
    2883  0.18525E-005
    2884  0.18549E-005
    2885  0.18573E-005
    2886  0.18597E-005
    2887  0.18622E-005
    2888  0.18647E-005
    2889  0.18673E-005
    2890  0.18699E-005
    2891  0.18725E-005
    2892  0.18751E-005
    2893  0.18778E-005
    2894  0.18805E-005
    2895  0.18832E-005
    2896  0.18000E-005
    2897  0.18028E-005
    2898  0.18068E-005
    2899  0.18113E-005
    2900  0.18161E-005
    2901  0.18212E-005
    2902  0.18263E-005
    2903  0.18316E-005
    2904  0.18370E-005
    2905  0.18426E-005
    2906  0.18482E-005
    2907  0.17640E-005
    2908  0.17648E-005
    2909  0.17661E-005
    2910  0.17678E-005
    2911  0.17698E-005
    2912  0.17720E-005
    2913  0.17744E-005
    2914  0.17768E-005
    2915  0.17794E-005
    2916  0.17820E-005
    2917  0.17846E-005
    2918  0.17873E-005
    2919  0.17900E-005
    2920  0.17927E-005
    2921  0.17955E-005
    2922  0.17983E-005
    2923  0.18012E-005
    2924  0.18040E-005
    2925  0.18069E-005
    2926  0.18099E-005
    2927  0.18128E-005
    2928  0.18158E-005
    2929  0.18188E-005
    2930  0.17294E-005
    2931  0.17326E-005
    2932  0.17370E-005
    2933  0.17422E-005
    2934  0.17476E-005
    2935  0.17532E-005
    2936  0.17590E-005
    2937  0.17649E-005
    2938  0.17709E-005
    2939  0.17770E-005
    2940  0.17833E-005
    2941  0.16929E-005
    2942  0.16938E-005
    2943  0.16953E-005
    2944  0.16971E-005
    2945  0.16994E-005
    2946  0.17019E-005
    2947  0.17045E-005
    2948  0.17073E-005
    2949  0.17101E-005
    2950  0.17131E-005
    2951  0.17160E-005
    2952  0.17190E-005
    2953  0.17220E-005
    2954  0.17251E-005
    2955  0.17282E-005
    2956  0.17313E-005
    2957  0.17344E-005
    2958  0.17376E-005
    2959  0.17408E-005
    2960  0.17441E-005
    2961  0.17473E-005
    2962  0.17506E-005
    2963  0.17540E-005
    2964  0.16580E-005
    2965  0.16615E-005
    2966  0.16665E-005
    2967  0.16723E-005
    2968  0.16784E-005
    2969  0.16846E-005
    2970  0.16910E-005
    2971  0.16976E-005
    2972  0.17042E-005
    2973  0.17110E-005
    2974  0.17179E-005
    2975  0.16209E-005
    2976  0.16219E-005
    2977  0.16235E-005
    2978  0.16257E-005
    2979  0.16282E-005
    2980  0.16310E-005
    2981  0.16339E-005
    2982  0.16370E-005
    2983  0.16402E-005
    2984  0.16435E-005
    2985  0.16468E-005
    2986  0.16501E-005
    2987  0.16535E-005
    2988  0.16568E-005
    2989  0.16603E-005
    2990  0.16637E-005
    2991  0.16672E-005
    2992  0.16707E-005
    2993  0.16743E-005
    2994  0.16778E-005
    2995  0.16814E-005
    2996  0.16850E-005
    2997  0.16887E-005
    2998  0.15856E-005
    2999  0.15896E-005
    3000  0.15952E-005
    3001  0.16016E-005
    3002  0.16084E-005
    3003  0.16154E-005
    3004  0.16225E-005
    3005  0.16297E-005
    3006  0.16371E-005
    3007  0.16445E-005
    3008  0.16521E-005
    3009  0.15480E-005
    3010  0.15492E-005
    3011  0.15510E-005
    3012  0.15534E-005
    3013  0.15562E-005
    3014  0.15593E-005
    3015  0.15626E-005
    3016  0.15661E-005
    3017  0.15696E-005
    3018  0.15732E-005
    3019  0.15769E-005
    3020  0.15806E-005
    3021  0.15843E-005
    3022  0.15881E-005
    3023  0.15918E-005
    3024  0.15956E-005
    3025  0.15995E-005
    3026  0.16033E-005
    3027  0.16072E-005
    3028  0.16112E-005
    3029  0.16151E-005
    3030  0.16191E-005
    3031  0.16231E-005
    3032  0.15125E-005
    3033  0.15170E-005
    3034  0.15232E-005
    3035  0.15304E-005
    3036  0.15379E-005
    3037  0.15456E-005
    3038  0.15535E-005
    3039  0.15615E-005
    3040  0.15695E-005
    3041  0.15777E-005
    3042  0.15860E-005
    3043  0.14744E-005
    3044  0.14757E-005
    3045  0.14777E-005
    3046  0.14804E-005
    3047  0.14835E-005
    3048  0.14870E-005
    3049  0.14907E-005
    3050  0.14945E-005
    3051  0.14984E-005
    3052  0.15024E-005
    3053  0.15065E-005
    3054  0.15106E-005
    3055  0.15147E-005
    3056  0.15188E-005
    3057  0.15230E-005
    3058  0.15272E-005
    3059  0.15314E-005
    3060  0.15356E-005
    3061  0.15399E-005
    3062  0.15442E-005
    3063  0.15485E-005
    3064  0.15528E-005
    3065  0.15572E-005
    3066  0.14387E-005
    3067  0.14436E-005
    3068  0.14506E-005
    3069  0.14585E-005
    3070  0.14669E-005
    3071  0.14754E-005
    3072  0.14840E-005
    3073  0.14928E-005
    3074  0.15016E-005
    3075  0.15106E-005
    3076  0.15196E-005
    3077  0.14001E-005
    3078  0.14015E-005
    3079  0.14038E-005
    3080  0.14067E-005
    3081  0.14102E-005
    3082  0.14141E-005
    3083  0.14181E-005
    3084  0.14224E-005
    3085  0.14267E-005
    3086  0.14312E-005
    3087  0.14356E-005
    3088  0.14401E-005
    3089  0.14446E-005
    3090  0.14492E-005
    3091  0.14537E-005
    3092  0.14583E-005
    3093  0.14629E-005
    3094  0.14676E-005
    3095  0.14722E-005
    3096  0.14769E-005
    3097  0.14816E-005
    3098  0.14863E-005
    3099  0.14911E-005
    3100  0.13642E-005
    3101  0.13697E-005
    3102  0.13774E-005
    3103  0.13862E-005
    3104  0.13954E-005
    3105  0.14047E-005
    3106  0.14142E-005
    3107  0.14238E-005
    3108  0.14335E-005
    3109  0.14432E-005
    3110  0.14531E-005
    3111  0.13252E-005
    3112  0.13268E-005
    3113  0.13293E-005
    3114  0.13326E-005
    3115  0.13364E-005
    3116  0.13406E-005
    3117  0.13452E-005
    3118  0.13499E-005
    3119  0.13546E-005
    3120  0.13595E-005
    3121  0.13644E-005
    3122  0.13693E-005
    3123  0.13743E-005
    3124  0.13793E-005
    3125  0.13843E-005
    3126  0.13893E-005
    3127  0.13943E-005
    3128  0.13994E-005
    3129  0.14044E-005
    3130  0.14095E-005
    3131  0.14146E-005
    3132  0.14198E-005
    3133  0.14249E-005
    3134  0.12892E-005
    3135  0.12953E-005
    3136  0.13038E-005
    3137  0.13135E-005
    3138  0.13236E-005
    3139  0.13339E-005
    3140  0.13442E-005
    3141  0.13547E-005
    3142  0.13652E-005
    3143  0.13758E-005
    3144  0.13865E-005
    3145  0.12499E-005
    3146  0.12516E-005
    3147  0.12544E-005
    3148  0.12580E-005
    3149  0.12622E-005
    3150  0.12669E-005
    3151  0.12718E-005
    3152  0.12770E-005
    3153  0.12823E-005
    3154  0.12876E-005
    3155  0.12930E-005
    3156  0.12984E-005
    3157  0.13038E-005
    3158  0.13092E-005
    3159  0.13147E-005
    3160  0.13201E-005
    3161  0.13256E-005
    3162  0.13311E-005
    3163  0.13366E-005
    3164  0.13421E-005
    3165  0.13477E-005
    3166  0.13532E-005
    3167  0.13588E-005
    3168  0.12139E-005
    3169  0.12206E-005
    3170  0.12299E-005
    3171  0.12405E-005
    3172  0.12516E-005
    3173  0.12628E-005
    3174  0.12742E-005
    3175  0.12856E-005
    3176  0.12970E-005
    3177  0.13085E-005
    3178  0.13200E-005
    3179  0.11743E-005
    3180  0.11762E-005
    3181  0.11792E-005
    3182  0.11832E-005
    3183  0.11878E-005
    3184  0.11929E-005
    3185  0.11984E-005
    3186  0.12040E-005
    3187  0.12098E-005
    3188  0.12156E-005
    3189  0.12215E-005
    3190  0.12273E-005
    3191  0.12332E-005
    3192  0.12392E-005
    3193  0.12451E-005
    3194  0.12510E-005
    3195  0.12570E-005
    3196  0.12629E-005
    3197  0.12689E-005
    3198  0.12749E-005
    3199  0.12809E-005
    3200  0.12869E-005
    3201  0.12929E-005
    3202  0.11384E-005
    3203  0.11457E-005
    3204  0.11559E-005
    3205  0.11675E-005
    3206  0.11796E-005
    3207  0.11919E-005
    3208  0.12042E-005
    3209  0.12165E-005
    3210  0.12289E-005
    3211  0.12414E-005
    3212  0.12538E-005
    3213  0.10986E-005
    3214  0.11006E-005
    3215  0.11040E-005
    3216  0.11083E-005
    3217  0.11134E-005
    3218  0.11190E-005
    3219  0.11249E-005
    3220  0.11311E-005
    3221  0.11373E-005
    3222  0.11437E-005
    3223  0.11501E-005
    3224  0.11565E-005
    3225  0.11629E-005
    3226  0.11693E-005
    3227  0.11757E-005
    3228  0.11821E-005
    3229  0.11886E-005
    3230  0.11950E-005
    3231  0.12015E-005
    3232  0.12079E-005
    3233  0.12144E-005
    3234  0.12209E-005
    3235  0.12273E-005
    3236  0.10629E-005
    3237  0.10709E-005
    3238  0.10820E-005
    3239  0.10947E-005
    3240  0.11078E-005
    3241  0.11211E-005
    3242  0.11345E-005
    3243  0.11478E-005
    3244  0.11612E-005
    3245  0.11746E-005
    3246  0.11881E-005
    3247  0.10230E-005
    3248  0.10252E-005
    3249  0.10289E-005
    3250  0.10336E-005
    3251  0.10391E-005
    3252  0.10452E-005
    3253  0.10517E-005
    3254  0.10584E-005
    3255  0.10652E-005
    3256  0.10721E-005
    3257  0.10790E-005
    3258  0.10859E-005
    3259  0.10928E-005
    3260  0.10998E-005
    3261  0.11067E-005
    3262  0.11137E-005
    3263  0.11206E-005
    3264  0.11276E-005
    3265  0.11345E-005
    3266  0.11415E-005
    3267  0.11484E-005
    3268  0.11554E-005
    3269  0.11623E-005
    3270  0.98765E-006
    3271  0.99634E-006
    3272  0.10085E-005
    3273  0.10222E-005
    3274  0.10364E-005
    3275  0.10508E-005
    3276  0.10652E-005
    3277  0.10797E-005
    3278  0.10941E-005
    3279  0.11085E-005
    3280  0.11229E-005
    3281  0.94773E-006
    3282  0.95019E-006
    3283  0.95413E-006
    3284  0.95924E-006
    3285  0.96524E-006
    3286  0.97187E-006
    3287  0.97888E-006
    3288  0.98615E-006
    3289  0.99352E-006
    3290  0.10010E-005
    3291  0.10084E-005
    3292  0.10159E-005
    3293  0.10234E-005
    3294  0.10309E-005
    3295  0.10384E-005
    3296  0.10458E-005
    3297  0.10533E-005
    3298  0.10608E-005
    3299  0.10682E-005
    3300  0.10757E-005
    3301  0.10831E-005
    3302  0.10906E-005
    3303  0.10980E-005
    3304  0.91288E-006
    3305  0.92231E-006
    3306  0.93545E-006
    3307  0.95028E-006
    3308  0.96568E-006
    3309  0.98119E-006
    3310  0.99671E-006
    3311  0.10122E-005
    3312  0.10277E-005
    3313  0.10431E-005
    3314  0.10585E-005
    3315  0.87311E-006
    3316  0.87577E-006
    3317  0.88004E-006
    3318  0.88557E-006
    3319  0.89206E-006
    3320  0.89922E-006
    3321  0.90679E-006
    3322  0.91463E-006
    3323  0.92258E-006
    3324  0.93061E-006
    3325  0.93865E-006
    3326  0.94670E-006
    3327  0.95474E-006
    3328  0.96277E-006
    3329  0.97080E-006
    3330  0.97881E-006
    3331  0.98682E-006
    3332  0.99481E-006
    3333  0.10028E-005
    3334  0.10108E-005
    3335  0.10187E-005
    3336  0.10267E-005
    3337  0.10346E-005
    3338  0.83889E-006
    3339  0.84906E-006
    3340  0.86324E-006
    3341  0.87923E-006
    3342  0.89579E-006
    3343  0.91246E-006
    3344  0.92911E-006
    3345  0.94570E-006
    3346  0.96224E-006
    3347  0.97873E-006
    3348  0.99517E-006
    3349  0.79939E-006
    3350  0.80227E-006
    3351  0.80687E-006
    3352  0.81282E-006
    3353  0.81981E-006
    3354  0.82753E-006
    3355  0.83567E-006
    3356  0.84410E-006
    3357  0.85264E-006
    3358  0.86126E-006
    3359  0.86988E-006
    3360  0.87851E-006
    3361  0.88713E-006
    3362  0.89573E-006
    3363  0.90432E-006
    3364  0.91289E-006
    3365  0.92144E-006
    3366  0.92998E-006
    3367  0.93850E-006
    3368  0.94700E-006
    3369  0.95548E-006
    3370  0.96396E-006
    3371  0.97242E-006
    3372  0.76595E-006
    3373  0.77689E-006
    3374  0.79212E-006
    3375  0.80929E-006
    3376  0.82705E-006
    3377  0.84490E-006
    3378  0.86269E-006
    3379  0.88041E-006
    3380  0.89805E-006
    3381  0.91561E-006
    3382  0.93310E-006
    3383  0.72688E-006
    3384  0.72997E-006
    3385  0.73491E-006
    3386  0.74130E-006
    3387  0.74880E-006
    3388  0.75707E-006
    3389  0.76580E-006
    3390  0.77483E-006
    3391  0.78397E-006
    3392  0.79319E-006
    3393  0.80241E-006
    3394  0.81163E-006
    3395  0.82083E-006
    3396  0.83001E-006
    3397  0.83917E-006
    3398  0.84830E-006
    3399  0.85741E-006
    3400  0.86649E-006
    3401  0.87555E-006
    3402  0.88459E-006
    3403  0.89360E-006
    3404  0.90260E-006
    3405  0.91160E-006
    3406  0.69437E-006
    3407  0.70609E-006
    3408  0.72240E-006
    3409  0.74076E-006
    3410  0.75973E-006
    3411  0.77877E-006
    3412  0.79773E-006
    3413  0.81658E-006
    3414  0.83533E-006
    3415  0.85396E-006
    3416  0.87250E-006
    3417  0.65590E-006
    3418  0.65920E-006
    3419  0.66448E-006
    3420  0.67131E-006
    3421  0.67932E-006
    3422  0.68816E-006
    3423  0.69748E-006
    3424  0.70712E-006
    3425  0.71687E-006
    3426  0.72670E-006
    3427  0.73652E-006
    3428  0.74633E-006
    3429  0.75612E-006
    3430  0.76588E-006
    3431  0.77560E-006
    3432  0.78530E-006
    3433  0.79496E-006
    3434  0.80460E-006
    3435  0.81420E-006
    3436  0.82377E-006
    3437  0.83331E-006
    3438  0.84283E-006
    3439  0.85233E-006
    3440  0.62449E-006
    3441  0.63700E-006
    3442  0.65439E-006
    3443  0.67395E-006
    3444  0.69413E-006
    3445  0.71437E-006
    3446  0.73450E-006
    3447  0.75449E-006
    3448  0.77434E-006
    3449  0.79404E-006
    3450  0.81363E-006
    3451  0.58678E-006
    3452  0.59029E-006
    3453  0.59592E-006
    3454  0.60319E-006
    3455  0.61172E-006
    3456  0.62113E-006
    3457  0.63104E-006
    3458  0.64128E-006
    3459  0.65164E-006
    3460  0.66208E-006
    3461  0.67250E-006
    3462  0.68291E-006
    3463  0.69328E-006
    3464  0.70362E-006
    3465  0.71392E-006
    3466  0.72418E-006
    3467  0.73440E-006
    3468  0.74458E-006
    3469  0.75472E-006
    3470  0.76483E-006
    3471  0.77489E-006
    3472  0.78493E-006
    3473  0.79495E-006
    3474  0.55665E-006
    3475  0.56994E-006
    3476  0.58841E-006
    3477  0.60917E-006
    3478  0.63057E-006
    3479  0.65200E-006
    3480  0.67329E-006
    3481  0.69441E-006
    3482  0.71536E-006
    3483  0.73615E-006
    3484  0.75677E-006
    3485  0.51987E-006
    3486  0.52360E-006
    3487  0.52956E-006
    3488  0.53728E-006
    3489  0.54632E-006
    3490  0.55629E-006
    3491  0.56679E-006
    3492  0.57764E-006
    3493  0.58861E-006
    3494  0.59965E-006
    3495  0.61067E-006
    3496  0.62167E-006
    3497  0.63262E-006
    3498  0.64354E-006
    3499  0.65440E-006
    3500  0.66522E-006
    3501  0.67599E-006
    3502  0.68672E-006
    3503  0.69740E-006
    3504  0.70803E-006
    3505  0.71862E-006
    3506  0.72917E-006
    3507  0.73968E-006
    3508  0.49119E-006
    3509  0.50526E-006
    3510  0.52481E-006
    3511  0.54675E-006
    3512  0.56935E-006
    3513  0.59196E-006
    3514  0.61440E-006
    3515  0.63664E-006
    3516  0.65868E-006
    3517  0.68052E-006
    3518  0.70218E-006
    3519  0.45553E-006
    3520  0.45947E-006
    3521  0.46577E-006
    3522  0.47392E-006
    3523  0.48347E-006
    3524  0.49400E-006
    3525  0.50508E-006
    3526  0.51652E-006
    3527  0.52809E-006
    3528  0.53972E-006
    3529  0.55133E-006
    3530  0.56291E-006
    3531  0.57444E-006
    3532  0.58592E-006
    3533  0.59734E-006
    3534  0.60871E-006
    3535  0.62002E-006
    3536  0.63128E-006
    3537  0.64249E-006
    3538  0.65364E-006
    3539  0.66474E-006
    3540  0.67580E-006
    3541  0.68683E-006
    3542  0.42848E-006
    3543  0.44331E-006
    3544  0.46391E-006
    3545  0.48701E-006
    3546  0.51080E-006
    3547  0.53456E-006
    3548  0.55813E-006
    3549  0.58146E-006
    3550  0.60456E-006
    3551  0.62743E-006
    3552  0.65010E-006
    3553  0.39411E-006
    3554  0.39826E-006
    3555  0.40489E-006
    3556  0.41347E-006
    3557  0.42351E-006
    3558  0.43458E-006
    3559  0.44623E-006
    3560  0.45826E-006
    3561  0.47040E-006
    3562  0.48262E-006
    3563  0.49480E-006
    3564  0.50695E-006
    3565  0.51904E-006
    3566  0.53107E-006
    3567  0.54303E-006
    3568  0.55494E-006
    3569  0.56678E-006
    3570  0.57856E-006
    3571  0.59028E-006
    3572  0.60194E-006
    3573  0.61353E-006
    3574  0.62508E-006
    3575  0.63658E-006
    3576  0.36886E-006
    3577  0.38444E-006
    3578  0.40606E-006
    3579  0.43030E-006
    3580  0.45523E-006
    3581  0.48011E-006
    3582  0.50477E-006
    3583  0.52917E-006
    3584  0.55330E-006
    3585  0.57718E-006
    3586  0.60081E-006
    3587  0.33599E-006
    3588  0.34033E-006
    3589  0.34728E-006
    3590  0.35627E-006
    3591  0.36679E-006
    3592  0.37839E-006
    3593  0.39059E-006
    3594  0.40317E-006
    3595  0.41588E-006
    3596  0.42866E-006
    3597  0.44139E-006
    3598  0.45409E-006
    3599  0.46672E-006
    3600  0.47928E-006
    3601  0.49177E-006
    3602  0.50419E-006
    3603  0.51654E-006
    3604  0.52882E-006
    3605  0.54104E-006
    3606  0.55319E-006
    3607  0.56527E-006
    3608  0.57730E-006
    3609  0.58928E-006
    3610  0.31270E-006
    3611  0.32900E-006
    3612  0.35160E-006
    3613  0.37692E-006
    3614  0.40295E-006
    3615  0.42892E-006
    3616  0.45463E-006
    3617  0.48004E-006
    3618  0.50516E-006
    3619  0.53000E-006
    3620  0.55457E-006
    3621  0.28150E-006
    3622  0.28603E-006
    3623  0.29329E-006
    3624  0.30267E-006
    3625  0.31365E-006
    3626  0.32575E-006
    3627  0.33847E-006
    3628  0.35159E-006
    3629  0.36483E-006
    3630  0.37815E-006
    3631  0.39141E-006
    3632  0.40463E-006
    3633  0.41777E-006
    3634  0.43084E-006
    3635  0.44383E-006
    3636  0.45675E-006
    3637  0.46958E-006
    3638  0.48234E-006
    3639  0.49503E-006
    3640  0.50765E-006
    3641  0.52019E-006
    3642  0.53267E-006
    3643  0.54510E-006
    3644  0.26035E-006
    3645  0.27732E-006
    3646  0.30086E-006
    3647  0.32721E-006
    3648  0.35428E-006
    3649  0.38127E-006
    3650  0.40797E-006
    3651  0.43435E-006
    3652  0.46041E-006
    3653  0.48616E-006
    3654  0.51163E-006
    3655  0.23099E-006
    3656  0.23570E-006
    3657  0.24325E-006
    3658  0.25300E-006
    3659  0.26441E-006
    3660  0.27698E-006
    3661  0.29020E-006
    3662  0.30383E-006
    3663  0.31758E-006
    3664  0.33139E-006
    3665  0.34516E-006
    3666  0.35887E-006
    3667  0.37250E-006
    3668  0.38604E-006
    3669  0.39950E-006
    3670  0.41288E-006
    3671  0.42617E-006
    3672  0.43939E-006
    3673  0.45252E-006
    3674  0.46557E-006
    3675  0.47854E-006
    3676  0.49145E-006
    3677  0.50432E-006
    3678  0.21214E-006
    3679  0.22974E-006
    3680  0.25415E-006
    3681  0.28147E-006
    3682  0.30952E-006
    3683  0.33746E-006
    3684  0.36509E-006
    3685  0.39237E-006
    3686  0.41930E-006
    3687  0.44590E-006
    3688  0.47219E-006
    3689  0.18480E-006
    3690  0.18968E-006
    3691  0.19750E-006
    3692  0.20759E-006
    3693  0.21940E-006
    3694  0.23241E-006
    3695  0.24609E-006
    3696  0.26019E-006
    3697  0.27440E-006
    3698  0.28869E-006
    3699  0.30291E-006
    3700  0.31708E-006
    3701  0.33116E-006
    3702  0.34515E-006
    3703  0.35905E-006
    3704  0.37285E-006
    3705  0.38657E-006
    3706  0.40020E-006
    3707  0.41374E-006
    3708  0.42719E-006
    3709  0.44056E-006
    3710  0.45386E-006
    3711  0.46709E-006
    3712  0.16839E-006
    3713  0.18658E-006
    3714  0.21179E-006
    3715  0.24000E-006
    3716  0.26894E-006
    3717  0.29777E-006
    3718  0.32625E-006
    3719  0.35436E-006
    3720  0.38209E-006
    3721  0.40947E-006
    3722  0.43651E-006
    3723  0.14324E-006
    3724  0.14828E-006
    3725  0.15633E-006
    3726  0.16674E-006
    3727  0.17892E-006
    3728  0.19233E-006
    3729  0.20642E-006
    3730  0.22095E-006
    3731  0.23560E-006
    3732  0.25031E-006
    3733  0.26495E-006
    3734  0.27954E-006
    3735  0.29402E-006
    3736  0.30842E-006
    3737  0.32271E-006
    3738  0.33691E-006
    3739  0.35101E-006
    3740  0.36502E-006
    3741  0.37893E-006
    3742  0.39276E-006
    3743  0.40649E-006
    3744  0.42016E-006
    3745  0.43377E-006
    3746  0.12940E-006
    3747  0.14812E-006
    3748  0.17406E-006
    3749  0.20306E-006
    3750  0.23282E-006
    3751  0.26243E-006
    3752  0.29168E-006
    3753  0.32054E-006
    3754  0.34900E-006
    3755  0.37708E-006
    3756  0.40482E-006
    3757  0.10660E-006
    3758  0.11177E-006
    3759  0.12005E-006
    3760  0.13073E-006
    3761  0.14324E-006
    3762  0.15700E-006
    3763  0.17147E-006
    3764  0.18638E-006
    3765  0.20140E-006
    3766  0.21650E-006
    3767  0.23152E-006
    3768  0.24647E-006
    3769  0.26132E-006
    3770  0.27607E-006
    3771  0.29072E-006
    3772  0.30527E-006
    3773  0.31971E-006
    3774  0.33405E-006
    3775  0.34830E-006
    3776  0.36246E-006
    3777  0.37652E-006
    3778  0.39050E-006
    3779  0.40440E-006
    3780  0.95439E-007
    3781  0.11462E-006
    3782  0.14120E-006
    3783  0.17091E-006
    3784  0.20138E-006
    3785  0.23169E-006
    3786  0.26161E-006
    3787  0.29112E-006
    3788  0.32021E-006
    3789  0.34891E-006
    3790  0.37724E-006
    3791  0.75134E-007
    3792  0.80422E-007
    3793  0.88884E-007
    3794  0.99814E-007
    3795  0.11260E-006
    3796  0.12667E-006
    3797  0.14146E-006
    3798  0.15670E-006
    3799  0.17206E-006
    3800  0.18748E-006
    3801  0.20282E-006
    3802  0.21810E-006
    3803  0.23326E-006
    3804  0.24832E-006
    3805  0.26327E-006
    3806  0.27812E-006
    3807  0.29286E-006
    3808  0.30749E-006
    3809  0.32203E-006
    3810  0.33646E-006
    3811  0.35079E-006
    3812  0.36505E-006
    3813  0.37925E-006
    3814  0.66752E-007
    3815  0.86333E-007
    3816  0.11345E-006
    3817  0.14376E-006
    3818  0.17483E-006
    3819  0.20573E-006
    3820  0.23623E-006
    3821  0.26629E-006
    3822  0.29592E-006
    3823  0.32513E-006
    3824  0.35395E-006
    3825  0.49064E-007
    3826  0.54451E-007
    3827  0.63070E-007
    3828  0.74203E-007
    3829  0.87225E-007
    3830  0.10156E-006
    3831  0.11661E-006
    3832  0.13213E-006
    3833  0.14776E-006
    3834  0.16346E-006
    3835  0.17907E-006
    3836  0.19461E-006
    3837  0.21004E-006
    3838  0.22536E-006
    3839  0.24056E-006
    3840  0.25565E-006
    3841  0.27063E-006
    3842  0.28551E-006
    3843  0.30027E-006
    3844  0.31494E-006
    3845  0.32949E-006
    3846  0.34396E-006
    3847  0.35835E-006
    3848  0.43544E-007
    3849  0.63448E-007
    3850  0.91010E-007
    3851  0.12181E-006
    3852  0.15337E-006
    3853  0.18475E-006
    3854  0.21572E-006
    3855  0.24622E-006
    3856  0.27628E-006
    3857  0.30591E-006
    3858  0.33513E-006
    3859  0.28584E-007
    3860  0.34049E-007
    3861  0.42792E-007
    3862  0.54085E-007
    3863  0.67293E-007
    3864  0.81830E-007
    3865  0.97098E-007
    3866  0.11283E-006
    3867  0.12868E-006
    3868  0.14459E-006
    3869  0.16042E-006
    3870  0.17617E-006
    3871  0.19180E-006
    3872  0.20733E-006
    3873  0.22273E-006
    3874  0.23802E-006
    3875  0.25320E-006
    3876  0.26826E-006
    3877  0.28321E-006
    3878  0.29806E-006
    3879  0.31279E-006
    3880  0.32745E-006
    3881  0.34203E-006
    3882  0.25985E-007
    3883  0.46134E-007
    3884  0.74034E-007
    3885  0.10521E-006
    3886  0.13714E-006
    3887  0.16889E-006
    3888  0.20021E-006
    3889  0.23106E-006
    3890  0.26145E-006
    3891  0.29139E-006
    3892  0.32092E-006
    3893  0.13846E-007
    3894  0.19367E-007
    3895  0.28200E-007
    3896  0.39609E-007
    3897  0.52952E-007
    3898  0.67636E-007
    3899  0.83058E-007
    3900  0.98949E-007
    3901  0.11496E-006
    3902  0.13103E-006
    3903  0.14701E-006
    3904  0.16291E-006
    3905  0.17869E-006
    3906  0.19436E-006
    3907  0.20991E-006
    3908  0.22534E-006
    3909  0.24066E-006
    3910  0.25586E-006
    3911  0.27095E-006
    3912  0.28592E-006
    3913  0.30079E-006
    3914  0.31556E-006
    3915  0.33022E-006
    3916  0.14207E-007
    3917  0.34522E-007
    3918  0.62648E-007
    3919  0.94071E-007
    3920  0.12626E-006
    3921  0.15825E-006
    3922  0.18981E-006
    3923  0.22089E-006
    3924  0.25150E-006
    3925  0.28166E-006
    3926  0.31139E-006
    3927  0.49595E-008
    3928  0.10514E-007
    3929  0.19402E-007
    3930  0.30881E-007
    3931  0.44306E-007
    3932  0.59079E-007
    3933  0.74595E-007
    3934  0.90581E-007
    3935  0.10668E-006
    3936  0.12285E-006
    3937  0.13892E-006
    3938  0.15492E-006
    3939  0.17079E-006
    3940  0.18655E-006
    3941  0.20219E-006
    3942  0.21771E-006
    3943  0.23311E-006
    3944  0.24839E-006
    3945  0.26356E-006
    3946  0.27862E-006
    3947  0.29356E-006
    3948  0.30841E-006
    3949  0.32318E-006
    3950  0.82968E-008
    3951  0.28695E-007
    3952  0.56935E-007
    3953  0.88484E-007
    3954  0.12080E-006
    3955  0.15292E-006
    3956  0.18460E-006
    3957  0.21580E-006
    3958  0.24652E-006
    3959  0.27679E-006
    3960  0.30663E-006
