       1  0.24293E-006
      14  0.25531E-007
      15  0.25564E-007
      16  0.25691E-007
      17  0.25888E-007
      18  0.26163E-007
      19  0.26519E-007
      20  0.26953E-007
      21  0.27454E-007
      22  0.28039E-007
      23  0.28701E-007
      24  0.29445E-007
      25  0.30256E-007
      26  0.31141E-007
      27  0.32102E-007
      28  0.33137E-007
      29  0.34236E-007
      30  0.35409E-007
      31  0.36654E-007
      32  0.37970E-007
      33  0.39347E-007
      34  0.40792E-007
      35  0.42303E-007
      36  0.43882E-007
      37  0.45517E-007
      38  0.47215E-007
      39  0.48979E-007
      40  0.50801E-007
      41  0.52676E-007
      42  0.54609E-007
      43  0.56597E-007
      44  0.58640E-007
      45  0.60729E-007
      46  0.62867E-007
      47  0.65056E-007
      48  0.67294E-007
      49  0.69572E-007
      50  0.71894E-007
      51  0.74261E-007
      52  0.76670E-007
      53  0.79114E-007
      54  0.81597E-007
      55  0.84116E-007
      56  0.86672E-007
      57  0.89258E-007
      58  0.91873E-007
      59  0.94520E-007
      60  0.97197E-007
      61  0.99899E-007
      62  0.10262E-006
      63  0.10537E-006
      64  0.10815E-006
      65  0.11094E-006
      66  0.11375E-006
      67  0.11658E-006
      68  0.11943E-006
      69  0.12229E-006
      70  0.12517E-006
      71  0.12806E-006
      72  0.13097E-006
      73  0.13388E-006
      74  0.13681E-006
      75  0.13974E-006
      76  0.14268E-006
      77  0.14563E-006
      78  0.14859E-006
      79  0.15155E-006
      80  0.15451E-006
      81  0.15748E-006
      82  0.16045E-006
      83  0.16342E-006
      84  0.16640E-006
      85  0.16938E-006
      86  0.17235E-006
      87  0.17533E-006
      88  0.17830E-006
      89  0.18128E-006
      90  0.18425E-006
      91  0.18722E-006
      92  0.19018E-006
      93  0.19315E-006
      94  0.19611E-006
      95  0.19907E-006
      96  0.20202E-006
      97  0.20497E-006
      98  0.20792E-006
      99  0.21086E-006
     100  0.21380E-006
     101  0.21674E-006
     102  0.21967E-006
     103  0.22259E-006
     104  0.22551E-006
     105  0.22843E-006
     106  0.23134E-006
     107  0.23425E-006
     108  0.23715E-006
     109  0.24004E-006
    1071   0.0000     
    1083  0.24105E-006
    1084  0.46345E-010
    1085  0.18525E-009
    1086  0.41666E-009
    1087  0.74026E-009
    1088  0.11558E-008
    1089  0.16629E-008
    1090  0.22609E-008
    1091  0.29492E-008
    1092  0.37272E-008
    1093  0.45939E-008
    1094  0.55485E-008
    1095  0.65900E-008
    1096  0.77175E-008
    1097  0.89296E-008
    1098  0.10225E-007
    1099  0.11603E-007
    1100  0.13063E-007
    1101  0.14601E-007
    1102  0.16218E-007
    1103  0.17912E-007
    1104  0.19681E-007
    1105  0.21523E-007
    1106  0.23437E-007
    1107  0.25422E-007
    1108  0.27474E-007
    1109  0.29593E-007
    1110  0.31776E-007
    1111  0.34021E-007
    1112  0.36328E-007
    1113  0.38693E-007
    1114  0.41115E-007
    1115  0.43591E-007
    1116  0.46120E-007
    1117  0.48700E-007
    1118  0.51329E-007
    1119  0.54004E-007
    1120  0.56723E-007
    1121  0.59486E-007
    1122  0.62288E-007
    1123  0.65129E-007
    1124  0.68007E-007
    1125  0.70919E-007
    1126  0.73864E-007
    1127  0.76840E-007
    1128  0.79845E-007
    1129  0.82876E-007
    1130  0.85933E-007
    1131  0.89012E-007
    1132  0.92114E-007
    1133  0.95235E-007
    1134  0.98374E-007
    1135  0.10153E-006
    1136  0.10470E-006
    1137  0.10788E-006
    1138  0.11108E-006
    1139  0.11429E-006
    1140  0.11750E-006
    1141  0.12072E-006
    1142  0.12395E-006
    1143  0.12719E-006
    1144  0.13042E-006
    1145  0.13366E-006
    1146  0.13690E-006
    1147  0.14015E-006
    1148  0.14339E-006
    1149  0.14663E-006
    1150  0.14986E-006
    1151  0.15310E-006
    1152  0.15633E-006
    1153  0.15956E-006
    1154  0.16278E-006
    1155  0.16599E-006
    1156  0.16920E-006
    1157  0.17240E-006
    1158  0.17560E-006
    1159  0.17878E-006
    1160  0.18196E-006
    1161  0.18513E-006
    1162  0.18829E-006
    1163  0.19145E-006
    1164  0.19459E-006
    1165  0.19773E-006
    1166  0.20085E-006
    1167  0.20397E-006
    1168  0.20708E-006
    1169  0.21019E-006
    1170  0.21328E-006
    1171  0.21637E-006
    1172  0.21945E-006
    1173  0.22253E-006
    1174  0.22560E-006
    1175  0.22867E-006
    1176  0.23175E-006
    1177  0.23483E-006
    1178  0.23792E-006
    3602  0.24388E-007
    3603  0.23238E-007
    3604  0.22087E-007
    3605  0.20930E-007
    3606  0.19767E-007
    3607  0.18597E-007
    3608  0.17420E-007
    3609  0.16238E-007
    3610  0.15049E-007
    3611  0.13853E-007
    3612  0.12651E-007
    3613  0.11443E-007
    3614  0.10228E-007
    3615  0.90094E-008
    3616  0.77873E-008
    3617  0.65721E-008
    3618  0.53684E-008
    3619  0.42021E-008
    3620  0.30936E-008
    3621  0.20876E-008
    3622  0.12284E-008
    3623  0.56365E-009
    3624  0.14841E-009
    3625  0.24105E-006
    3626  0.24107E-006
    3627  0.24110E-006
    3628  0.24115E-006
    3629  0.24120E-006
    3630  0.24125E-006
    3631  0.24132E-006
    3632  0.24139E-006
    3633  0.24146E-006
    3634  0.24153E-006
    3635  0.24161E-006
    3636  0.24170E-006
    3637  0.24178E-006
    3638  0.24187E-006
    3639  0.24197E-006
    3640  0.24206E-006
    3641  0.24216E-006
    3642  0.24226E-006
    3643  0.24237E-006
    3644  0.24247E-006
    3645  0.24258E-006
    3646  0.24269E-006
    3647  0.24281E-006
    3648  0.23796E-006
    3649  0.23806E-006
    3650  0.23819E-006
    3651  0.23835E-006
    3652  0.23853E-006
    3653  0.23871E-006
    3654  0.23891E-006
    3655  0.23912E-006
    3656  0.23933E-006
    3657  0.23956E-006
    3658  0.23980E-006
    3659  0.23484E-006
    3660  0.23487E-006
    3661  0.23492E-006
    3662  0.23498E-006
    3663  0.23505E-006
    3664  0.23514E-006
    3665  0.23523E-006
    3666  0.23532E-006
    3667  0.23542E-006
    3668  0.23552E-006
    3669  0.23562E-006
    3670  0.23572E-006
    3671  0.23583E-006
    3672  0.23594E-006
    3673  0.23605E-006
    3674  0.23616E-006
    3675  0.23628E-006
    3676  0.23639E-006
    3677  0.23651E-006
    3678  0.23664E-006
    3679  0.23676E-006
    3680  0.23689E-006
    3681  0.23702E-006
    3682  0.23179E-006
    3683  0.23192E-006
    3684  0.23209E-006
    3685  0.23229E-006
    3686  0.23250E-006
    3687  0.23273E-006
    3688  0.23296E-006
    3689  0.23320E-006
    3690  0.23345E-006
    3691  0.23371E-006
    3692  0.23397E-006
    3693  0.22869E-006
    3694  0.22872E-006
    3695  0.22878E-006
    3696  0.22885E-006
    3697  0.22894E-006
    3698  0.22904E-006
    3699  0.22915E-006
    3700  0.22926E-006
    3701  0.22937E-006
    3702  0.22949E-006
    3703  0.22961E-006
    3704  0.22973E-006
    3705  0.22985E-006
    3706  0.22998E-006
    3707  0.23010E-006
    3708  0.23023E-006
    3709  0.23036E-006
    3710  0.23050E-006
    3711  0.23063E-006
    3712  0.23077E-006
    3713  0.23091E-006
    3714  0.23105E-006
    3715  0.23120E-006
    3716  0.22565E-006
    3717  0.22579E-006
    3718  0.22599E-006
    3719  0.22622E-006
    3720  0.22647E-006
    3721  0.22673E-006
    3722  0.22699E-006
    3723  0.22726E-006
    3724  0.22754E-006
    3725  0.22783E-006
    3726  0.22813E-006
    3727  0.22254E-006
    3728  0.22258E-006
    3729  0.22265E-006
    3730  0.22273E-006
    3731  0.22283E-006
    3732  0.22294E-006
    3733  0.22306E-006
    3734  0.22319E-006
    3735  0.22332E-006
    3736  0.22345E-006
    3737  0.22358E-006
    3738  0.22372E-006
    3739  0.22386E-006
    3740  0.22400E-006
    3741  0.22414E-006
    3742  0.22428E-006
    3743  0.22443E-006
    3744  0.22458E-006
    3745  0.22473E-006
    3746  0.22488E-006
    3747  0.22504E-006
    3748  0.22519E-006
    3749  0.22535E-006
    3750  0.21951E-006
    3751  0.21967E-006
    3752  0.21989E-006
    3753  0.22015E-006
    3754  0.22042E-006
    3755  0.22071E-006
    3756  0.22100E-006
    3757  0.22130E-006
    3758  0.22161E-006
    3759  0.22193E-006
    3760  0.22226E-006
    3761  0.21639E-006
    3762  0.21643E-006
    3763  0.21650E-006
    3764  0.21660E-006
    3765  0.21671E-006
    3766  0.21683E-006
    3767  0.21696E-006
    3768  0.21710E-006
    3769  0.21725E-006
    3770  0.21739E-006
    3771  0.21754E-006
    3772  0.21769E-006
    3773  0.21784E-006
    3774  0.21800E-006
    3775  0.21816E-006
    3776  0.21832E-006
    3777  0.21848E-006
    3778  0.21864E-006
    3779  0.21881E-006
    3780  0.21897E-006
    3781  0.21914E-006
    3782  0.21932E-006
    3783  0.21949E-006
    3784  0.21335E-006
    3785  0.21352E-006
    3786  0.21377E-006
    3787  0.21405E-006
    3788  0.21436E-006
    3789  0.21467E-006
    3790  0.21499E-006
    3791  0.21533E-006
    3792  0.21567E-006
    3793  0.21601E-006
    3794  0.21637E-006
    3795  0.21020E-006
    3796  0.21025E-006
    3797  0.21033E-006
    3798  0.21044E-006
    3799  0.21056E-006
    3800  0.21070E-006
    3801  0.21084E-006
    3802  0.21100E-006
    3803  0.21115E-006
    3804  0.21131E-006
    3805  0.21148E-006
    3806  0.21164E-006
    3807  0.21181E-006
    3808  0.21198E-006
    3809  0.21216E-006
    3810  0.21233E-006
    3811  0.21251E-006
    3812  0.21269E-006
    3813  0.21287E-006
    3814  0.21305E-006
    3815  0.21323E-006
    3816  0.21342E-006
    3817  0.21361E-006
    3818  0.20715E-006
    3819  0.20735E-006
    3820  0.20762E-006
    3821  0.20793E-006
    3822  0.20827E-006
    3823  0.20861E-006
    3824  0.20897E-006
    3825  0.20933E-006
    3826  0.20970E-006
    3827  0.21008E-006
    3828  0.21047E-006
    3829  0.20399E-006
    3830  0.20405E-006
    3831  0.20413E-006
    3832  0.20425E-006
    3833  0.20438E-006
    3834  0.20453E-006
    3835  0.20470E-006
    3836  0.20486E-006
    3837  0.20504E-006
    3838  0.20521E-006
    3839  0.20539E-006
    3840  0.20557E-006
    3841  0.20576E-006
    3842  0.20594E-006
    3843  0.20613E-006
    3844  0.20632E-006
    3845  0.20651E-006
    3846  0.20671E-006
    3847  0.20691E-006
    3848  0.20710E-006
    3849  0.20730E-006
    3850  0.20751E-006
    3851  0.20771E-006
    3852  0.20093E-006
    3853  0.20114E-006
    3854  0.20144E-006
    3855  0.20179E-006
    3856  0.20215E-006
    3857  0.20253E-006
    3858  0.20292E-006
    3859  0.20331E-006
    3860  0.20371E-006
    3861  0.20412E-006
    3862  0.20454E-006
    3863  0.19775E-006
    3864  0.19781E-006
    3865  0.19790E-006
    3866  0.19803E-006
    3867  0.19818E-006
    3868  0.19834E-006
    3869  0.19852E-006
    3870  0.19870E-006
    3871  0.19889E-006
    3872  0.19909E-006
    3873  0.19928E-006
    3874  0.19948E-006
    3875  0.19968E-006
    3876  0.19988E-006
    3877  0.20009E-006
    3878  0.20029E-006
    3879  0.20050E-006
    3880  0.20071E-006
    3881  0.20093E-006
    3882  0.20114E-006
    3883  0.20136E-006
    3884  0.20158E-006
    3885  0.20180E-006
    3886  0.19468E-006
    3887  0.19491E-006
    3888  0.19524E-006
    3889  0.19561E-006
    3890  0.19601E-006
    3891  0.19642E-006
    3892  0.19684E-006
    3893  0.19727E-006
    3894  0.19771E-006
    3895  0.19815E-006
    3896  0.19861E-006
    3897  0.19147E-006
    3898  0.19154E-006
    3899  0.19164E-006
    3900  0.19178E-006
    3901  0.19194E-006
    3902  0.19212E-006
    3903  0.19231E-006
    3904  0.19252E-006
    3905  0.19272E-006
    3906  0.19293E-006
    3907  0.19314E-006
    3908  0.19336E-006
    3909  0.19358E-006
    3910  0.19380E-006
    3911  0.19402E-006
    3912  0.19424E-006
    3913  0.19447E-006
    3914  0.19470E-006
    3915  0.19493E-006
    3916  0.19516E-006
    3917  0.19540E-006
    3918  0.19563E-006
    3919  0.19587E-006
    3920  0.18839E-006
    3921  0.18864E-006
    3922  0.18900E-006
    3923  0.18941E-006
    3924  0.18984E-006
    3925  0.19029E-006
    3926  0.19075E-006
    3927  0.19121E-006
    3928  0.19168E-006
    3929  0.19216E-006
    3930  0.19265E-006
    3931  0.18516E-006
    3932  0.18523E-006
    3933  0.18534E-006
    3934  0.18549E-006
    3935  0.18567E-006
    3936  0.18587E-006
    3937  0.18608E-006
    3938  0.18630E-006
    3939  0.18652E-006
    3940  0.18675E-006
    3941  0.18698E-006
    3942  0.18722E-006
    3943  0.18745E-006
    3944  0.18769E-006
    3945  0.18793E-006
    3946  0.18817E-006
    3947  0.18842E-006
    3948  0.18867E-006
    3949  0.18891E-006
    3950  0.18916E-006
    3951  0.18942E-006
    3952  0.18967E-006
    3953  0.18993E-006
    3954  0.18206E-006
    3955  0.18234E-006
    3956  0.18273E-006
    3957  0.18318E-006
    3958  0.18365E-006
    3959  0.18414E-006
    3960  0.18463E-006
    3961  0.18513E-006
    3962  0.18564E-006
    3963  0.18616E-006
    3964  0.18668E-006
    3965  0.17881E-006
    3966  0.17889E-006
    3967  0.17901E-006
    3968  0.17918E-006
    3969  0.17937E-006
    3970  0.17959E-006
    3971  0.17981E-006
    3972  0.18005E-006
    3973  0.18030E-006
    3974  0.18055E-006
    3975  0.18080E-006
    3976  0.18105E-006
    3977  0.18131E-006
    3978  0.18156E-006
    3979  0.18182E-006
    3980  0.18209E-006
    3981  0.18235E-006
    3982  0.18261E-006
    3983  0.18288E-006
    3984  0.18315E-006
    3985  0.18342E-006
    3986  0.18369E-006
    3987  0.18397E-006
    3988  0.17571E-006
    3989  0.17601E-006
    3990  0.17643E-006
    3991  0.17692E-006
    3992  0.17743E-006
    3993  0.17796E-006
    3994  0.17849E-006
    3995  0.17903E-006
    3996  0.17958E-006
    3997  0.18014E-006
    3998  0.18070E-006
    3999  0.17243E-006
    4000  0.17252E-006
    4001  0.17265E-006
    4002  0.17283E-006
    4003  0.17304E-006
    4004  0.17328E-006
    4005  0.17352E-006
    4006  0.17378E-006
    4007  0.17405E-006
    4008  0.17432E-006
    4009  0.17459E-006
    4010  0.17486E-006
    4011  0.17514E-006
    4012  0.17542E-006
    4013  0.17570E-006
    4014  0.17598E-006
    4015  0.17626E-006
    4016  0.17655E-006
    4017  0.17684E-006
    4018  0.17713E-006
    4019  0.17742E-006
    4020  0.17771E-006
    4021  0.17800E-006
    4022  0.16932E-006
    4023  0.16965E-006
    4024  0.17011E-006
    4025  0.17064E-006
    4026  0.17119E-006
    4027  0.17176E-006
    4028  0.17234E-006
    4029  0.17292E-006
    4030  0.17351E-006
    4031  0.17411E-006
    4032  0.17471E-006
    4033  0.16602E-006
    4034  0.16612E-006
    4035  0.16627E-006
    4036  0.16646E-006
    4037  0.16669E-006
    4038  0.16694E-006
    4039  0.16721E-006
    4040  0.16749E-006
    4041  0.16778E-006
    4042  0.16807E-006
    4043  0.16836E-006
    4044  0.16866E-006
    4045  0.16896E-006
    4046  0.16926E-006
    4047  0.16956E-006
    4048  0.16986E-006
    4049  0.17017E-006
    4050  0.17047E-006
    4051  0.17078E-006
    4052  0.17109E-006
    4053  0.17140E-006
    4054  0.17172E-006
    4055  0.17203E-006
    4056  0.16291E-006
    4057  0.16326E-006
    4058  0.16377E-006
    4059  0.16434E-006
    4060  0.16494E-006
    4061  0.16555E-006
    4062  0.16617E-006
    4063  0.16680E-006
    4064  0.16743E-006
    4065  0.16807E-006
    4066  0.16872E-006
    4067  0.15959E-006
    4068  0.15969E-006
    4069  0.15985E-006
    4070  0.16006E-006
    4071  0.16031E-006
    4072  0.16058E-006
    4073  0.16088E-006
    4074  0.16118E-006
    4075  0.16149E-006
    4076  0.16180E-006
    4077  0.16212E-006
    4078  0.16244E-006
    4079  0.16276E-006
    4080  0.16308E-006
    4081  0.16341E-006
    4082  0.16373E-006
    4083  0.16406E-006
    4084  0.16439E-006
    4085  0.16472E-006
    4086  0.16505E-006
    4087  0.16539E-006
    4088  0.16572E-006
    4089  0.16606E-006
    4090  0.15647E-006
    4091  0.15686E-006
    4092  0.15740E-006
    4093  0.15802E-006
    4094  0.15866E-006
    4095  0.15932E-006
    4096  0.15999E-006
    4097  0.16067E-006
    4098  0.16135E-006
    4099  0.16203E-006
    4100  0.16273E-006
    4101  0.15314E-006
    4102  0.15325E-006
    4103  0.15342E-006
    4104  0.15365E-006
    4105  0.15392E-006
    4106  0.15421E-006
    4107  0.15453E-006
    4108  0.15485E-006
    4109  0.15519E-006
    4110  0.15553E-006
    4111  0.15587E-006
    4112  0.15621E-006
    4113  0.15655E-006
    4114  0.15690E-006
    4115  0.15725E-006
    4116  0.15760E-006
    4117  0.15795E-006
    4118  0.15830E-006
    4119  0.15866E-006
    4120  0.15901E-006
    4121  0.15937E-006
    4122  0.15973E-006
    4123  0.16009E-006
    4124  0.15002E-006
    4125  0.15044E-006
    4126  0.15102E-006
    4127  0.15169E-006
    4128  0.15238E-006
    4129  0.15309E-006
    4130  0.15381E-006
    4131  0.15453E-006
    4132  0.15526E-006
    4133  0.15600E-006
    4134  0.15673E-006
    4135  0.14667E-006
    4136  0.14679E-006
    4137  0.14698E-006
    4138  0.14722E-006
    4139  0.14751E-006
    4140  0.14783E-006
    4141  0.14817E-006
    4142  0.14852E-006
    4143  0.14888E-006
    4144  0.14924E-006
    4145  0.14961E-006
    4146  0.14998E-006
    4147  0.15035E-006
    4148  0.15072E-006
    4149  0.15109E-006
    4150  0.15147E-006
    4151  0.15184E-006
    4152  0.15222E-006
    4153  0.15260E-006
    4154  0.15298E-006
    4155  0.15336E-006
    4156  0.15374E-006
    4157  0.15413E-006
    4158  0.14355E-006
    4159  0.14400E-006
    4160  0.14463E-006
    4161  0.14535E-006
    4162  0.14610E-006
    4163  0.14686E-006
    4164  0.14763E-006
    4165  0.14840E-006
    4166  0.14918E-006
    4167  0.14997E-006
    4168  0.15075E-006
    4169  0.14019E-006
    4170  0.14032E-006
    4171  0.14052E-006
    4172  0.14078E-006
    4173  0.14109E-006
    4174  0.14144E-006
    4175  0.14180E-006
    4176  0.14218E-006
    4177  0.14257E-006
    4178  0.14296E-006
    4179  0.14335E-006
    4180  0.14375E-006
    4181  0.14414E-006
    4182  0.14454E-006
    4183  0.14494E-006
    4184  0.14534E-006
    4185  0.14574E-006
    4186  0.14615E-006
    4187  0.14655E-006
    4188  0.14695E-006
    4189  0.14736E-006
    4190  0.14777E-006
    4191  0.14818E-006
    4192  0.13708E-006
    4193  0.13757E-006
    4194  0.13824E-006
    4195  0.13901E-006
    4196  0.13982E-006
    4197  0.14063E-006
    4198  0.14146E-006
    4199  0.14228E-006
    4200  0.14311E-006
    4201  0.14395E-006
    4202  0.14479E-006
    4203  0.13371E-006
    4204  0.13385E-006
    4205  0.13407E-006
    4206  0.13435E-006
    4207  0.13468E-006
    4208  0.13505E-006
    4209  0.13544E-006
    4210  0.13585E-006
    4211  0.13626E-006
    4212  0.13668E-006
    4213  0.13710E-006
    4214  0.13752E-006
    4215  0.13795E-006
    4216  0.13837E-006
    4217  0.13880E-006
    4218  0.13923E-006
    4219  0.13966E-006
    4220  0.14009E-006
    4221  0.14052E-006
    4222  0.14095E-006
    4223  0.14138E-006
    4224  0.14181E-006
    4225  0.14225E-006
    4226  0.13061E-006
    4227  0.13113E-006
    4228  0.13186E-006
    4229  0.13269E-006
    4230  0.13355E-006
    4231  0.13442E-006
    4232  0.13530E-006
    4233  0.13618E-006
    4234  0.13706E-006
    4235  0.13795E-006
    4236  0.13884E-006
    4237  0.12724E-006
    4238  0.12738E-006
    4239  0.12762E-006
    4240  0.12792E-006
    4241  0.12828E-006
    4242  0.12867E-006
    4243  0.12909E-006
    4244  0.12953E-006
    4245  0.12997E-006
    4246  0.13042E-006
    4247  0.13087E-006
    4248  0.13132E-006
    4249  0.13177E-006
    4250  0.13222E-006
    4251  0.13268E-006
    4252  0.13313E-006
    4253  0.13359E-006
    4254  0.13405E-006
    4255  0.13451E-006
    4256  0.13496E-006
    4257  0.13542E-006
    4258  0.13588E-006
    4259  0.13634E-006
    4260  0.12416E-006
    4261  0.12471E-006
    4262  0.12549E-006
    4263  0.12637E-006
    4264  0.12729E-006
    4265  0.12822E-006
    4266  0.12916E-006
    4267  0.13010E-006
    4268  0.13104E-006
    4269  0.13198E-006
    4270  0.13293E-006
    4271  0.12078E-006
    4272  0.12094E-006
    4273  0.12119E-006
    4274  0.12151E-006
    4275  0.12189E-006
    4276  0.12232E-006
    4277  0.12276E-006
    4278  0.12323E-006
    4279  0.12370E-006
    4280  0.12418E-006
    4281  0.12466E-006
    4282  0.12514E-006
    4283  0.12562E-006
    4284  0.12610E-006
    4285  0.12659E-006
    4286  0.12707E-006
    4287  0.12756E-006
    4288  0.12804E-006
    4289  0.12853E-006
    4290  0.12901E-006
    4291  0.12950E-006
    4292  0.12999E-006
    4293  0.13048E-006
    4294  0.11772E-006
    4295  0.11832E-006
    4296  0.11915E-006
    4297  0.12009E-006
    4298  0.12107E-006
    4299  0.12206E-006
    4300  0.12305E-006
    4301  0.12405E-006
    4302  0.12505E-006
    4303  0.12605E-006
    4304  0.12706E-006
    4305  0.11435E-006
    4306  0.11451E-006
    4307  0.11478E-006
    4308  0.11513E-006
    4309  0.11553E-006
    4310  0.11599E-006
    4311  0.11646E-006
    4312  0.11696E-006
    4313  0.11746E-006
    4314  0.11797E-006
    4315  0.11848E-006
    4316  0.11899E-006
    4317  0.11950E-006
    4318  0.12002E-006
    4319  0.12053E-006
    4320  0.12104E-006
    4321  0.12156E-006
    4322  0.12207E-006
    4323  0.12259E-006
    4324  0.12310E-006
    4325  0.12362E-006
    4326  0.12414E-006
    4327  0.12465E-006
    4328  0.11131E-006
    4329  0.11195E-006
    4330  0.11283E-006
    4331  0.11384E-006
    4332  0.11488E-006
    4333  0.11593E-006
    4334  0.11699E-006
    4335  0.11805E-006
    4336  0.11911E-006
    4337  0.12017E-006
    4338  0.12123E-006
    4339  0.10795E-006
    4340  0.10813E-006
    4341  0.10841E-006
    4342  0.10878E-006
    4343  0.10921E-006
    4344  0.10969E-006
    4345  0.11020E-006
    4346  0.11073E-006
    4347  0.11126E-006
    4348  0.11180E-006
    4349  0.11235E-006
    4350  0.11289E-006
    4351  0.11343E-006
    4352  0.11398E-006
    4353  0.11452E-006
    4354  0.11507E-006
    4355  0.11561E-006
    4356  0.11615E-006
    4357  0.11670E-006
    4358  0.11724E-006
    4359  0.11779E-006
    4360  0.11834E-006
    4361  0.11888E-006
    4362  0.10495E-006
    4363  0.10562E-006
    4364  0.10657E-006
    4365  0.10763E-006
    4366  0.10874E-006
    4367  0.10986E-006
    4368  0.11098E-006
    4369  0.11210E-006
    4370  0.11322E-006
    4371  0.11434E-006
    4372  0.11546E-006
    4373  0.10160E-006
    4374  0.10179E-006
    4375  0.10209E-006
    4376  0.10248E-006
    4377  0.10294E-006
    4378  0.10345E-006
    4379  0.10399E-006
    4380  0.10455E-006
    4381  0.10512E-006
    4382  0.10569E-006
    4383  0.10627E-006
    4384  0.10684E-006
    4385  0.10742E-006
    4386  0.10799E-006
    4387  0.10857E-006
    4388  0.10915E-006
    4389  0.10972E-006
    4390  0.11030E-006
    4391  0.11087E-006
    4392  0.11145E-006
    4393  0.11202E-006
    4394  0.11260E-006
    4395  0.11317E-006
    4396  0.98639E-007
    4397  0.99356E-007
    4398  0.10036E-006
    4399  0.10149E-006
    4400  0.10266E-006
    4401  0.10384E-006
    4402  0.10503E-006
    4403  0.10621E-006
    4404  0.10739E-006
    4405  0.10857E-006
    4406  0.10975E-006
    4407  0.95307E-007
    4408  0.95507E-007
    4409  0.95829E-007
    4410  0.96246E-007
    4411  0.96735E-007
    4412  0.97275E-007
    4413  0.97846E-007
    4414  0.98438E-007
    4415  0.99038E-007
    4416  0.99644E-007
    4417  0.10025E-006
    4418  0.10086E-006
    4419  0.10147E-006
    4420  0.10208E-006
    4421  0.10269E-006
    4422  0.10329E-006
    4423  0.10390E-006
    4424  0.10451E-006
    4425  0.10511E-006
    4426  0.10572E-006
    4427  0.10633E-006
    4428  0.10693E-006
    4429  0.10754E-006
    4430  0.92394E-007
    4431  0.93154E-007
    4432  0.94213E-007
    4433  0.95409E-007
    4434  0.96649E-007
    4435  0.97899E-007
    4436  0.99149E-007
    4437  0.10040E-006
    4438  0.10164E-006
    4439  0.10289E-006
    4440  0.10413E-006
    4441  0.89088E-007
    4442  0.89301E-007
    4443  0.89641E-007
    4444  0.90082E-007
    4445  0.90599E-007
    4446  0.91171E-007
    4447  0.91775E-007
    4448  0.92400E-007
    4449  0.93034E-007
    4450  0.93674E-007
    4451  0.94315E-007
    4452  0.94958E-007
    4453  0.95600E-007
    4454  0.96241E-007
    4455  0.96882E-007
    4456  0.97522E-007
    4457  0.98161E-007
    4458  0.98800E-007
    4459  0.99438E-007
    4460  0.10008E-006
    4461  0.10071E-006
    4462  0.10135E-006
    4463  0.10199E-006
    4464  0.86229E-007
    4465  0.87032E-007
    4466  0.88151E-007
    4467  0.89413E-007
    4468  0.90722E-007
    4469  0.92039E-007
    4470  0.93356E-007
    4471  0.94670E-007
    4472  0.95980E-007
    4473  0.97287E-007
    4474  0.98592E-007
    4475  0.82956E-007
    4476  0.83180E-007
    4477  0.83540E-007
    4478  0.84005E-007
    4479  0.84551E-007
    4480  0.85155E-007
    4481  0.85791E-007
    4482  0.86451E-007
    4483  0.87119E-007
    4484  0.87794E-007
    4485  0.88469E-007
    4486  0.89145E-007
    4487  0.89821E-007
    4488  0.90495E-007
    4489  0.91169E-007
    4490  0.91842E-007
    4491  0.92514E-007
    4492  0.93185E-007
    4493  0.93855E-007
    4494  0.94524E-007
    4495  0.95192E-007
    4496  0.95860E-007
    4497  0.96529E-007
    4498  0.80157E-007
    4499  0.81004E-007
    4500  0.82184E-007
    4501  0.83514E-007
    4502  0.84891E-007
    4503  0.86277E-007
    4504  0.87661E-007
    4505  0.89040E-007
    4506  0.90416E-007
    4507  0.91787E-007
    4508  0.93154E-007
    4509  0.76924E-007
    4510  0.77161E-007
    4511  0.77539E-007
    4512  0.78030E-007
    4513  0.78605E-007
    4514  0.79240E-007
    4515  0.79910E-007
    4516  0.80604E-007
    4517  0.81307E-007
    4518  0.82016E-007
    4519  0.82726E-007
    4520  0.83436E-007
    4521  0.84146E-007
    4522  0.84854E-007
    4523  0.85561E-007
    4524  0.86267E-007
    4525  0.86971E-007
    4526  0.87674E-007
    4527  0.88376E-007
    4528  0.89077E-007
    4529  0.89777E-007
    4530  0.90476E-007
    4531  0.91174E-007
    4532  0.74193E-007
    4533  0.75084E-007
    4534  0.76325E-007
    4535  0.77723E-007
    4536  0.79170E-007
    4537  0.80625E-007
    4538  0.82076E-007
    4539  0.83522E-007
    4540  0.84963E-007
    4541  0.86398E-007
    4542  0.87828E-007
    4543  0.71008E-007
    4544  0.71257E-007
    4545  0.71655E-007
    4546  0.72170E-007
    4547  0.72774E-007
    4548  0.73441E-007
    4549  0.74145E-007
    4550  0.74873E-007
    4551  0.75611E-007
    4552  0.76355E-007
    4553  0.77100E-007
    4554  0.77845E-007
    4555  0.78588E-007
    4556  0.79330E-007
    4557  0.80070E-007
    4558  0.80809E-007
    4559  0.81546E-007
    4560  0.82282E-007
    4561  0.83017E-007
    4562  0.83749E-007
    4563  0.84481E-007
    4564  0.85211E-007
    4565  0.85941E-007
    4566  0.68352E-007
    4567  0.69288E-007
    4568  0.70590E-007
    4569  0.72056E-007
    4570  0.73573E-007
    4571  0.75097E-007
    4572  0.76616E-007
    4573  0.78129E-007
    4574  0.79634E-007
    4575  0.81133E-007
    4576  0.82626E-007
    4577  0.65222E-007
    4578  0.65483E-007
    4579  0.65900E-007
    4580  0.66441E-007
    4581  0.67074E-007
    4582  0.67773E-007
    4583  0.68511E-007
    4584  0.69274E-007
    4585  0.70046E-007
    4586  0.70825E-007
    4587  0.71604E-007
    4588  0.72384E-007
    4589  0.73161E-007
    4590  0.73937E-007
    4591  0.74711E-007
    4592  0.75483E-007
    4593  0.76253E-007
    4594  0.77021E-007
    4595  0.77787E-007
    4596  0.78552E-007
    4597  0.79314E-007
    4598  0.80075E-007
    4599  0.80836E-007
    4600  0.62650E-007
    4601  0.63630E-007
    4602  0.64993E-007
    4603  0.66528E-007
    4604  0.68114E-007
    4605  0.69707E-007
    4606  0.71294E-007
    4607  0.72873E-007
    4608  0.74444E-007
    4609  0.76006E-007
    4610  0.77562E-007
    4611  0.59583E-007
    4612  0.59856E-007
    4613  0.60292E-007
    4614  0.60857E-007
    4615  0.61520E-007
    4616  0.62251E-007
    4617  0.63022E-007
    4618  0.63820E-007
    4619  0.64627E-007
    4620  0.65441E-007
    4621  0.66255E-007
    4622  0.67068E-007
    4623  0.67880E-007
    4624  0.68689E-007
    4625  0.69496E-007
    4626  0.70301E-007
    4627  0.71104E-007
    4628  0.71904E-007
    4629  0.72702E-007
    4630  0.73499E-007
    4631  0.74292E-007
    4632  0.75085E-007
    4633  0.75877E-007
    4634  0.57102E-007
    4635  0.58125E-007
    4636  0.59550E-007
    4637  0.61152E-007
    4638  0.62808E-007
    4639  0.64469E-007
    4640  0.66124E-007
    4641  0.67769E-007
    4642  0.69404E-007
    4643  0.71030E-007
    4644  0.72648E-007
    4645  0.54105E-007
    4646  0.54390E-007
    4647  0.54846E-007
    4648  0.55436E-007
    4649  0.56127E-007
    4650  0.56890E-007
    4651  0.57695E-007
    4652  0.58527E-007
    4653  0.59368E-007
    4654  0.60217E-007
    4655  0.61065E-007
    4656  0.61912E-007
    4657  0.62757E-007
    4658  0.63600E-007
    4659  0.64440E-007
    4660  0.65278E-007
    4661  0.66113E-007
    4662  0.66946E-007
    4663  0.67776E-007
    4664  0.68603E-007
    4665  0.69428E-007
    4666  0.70251E-007
    4667  0.71073E-007
    4668  0.51723E-007
    4669  0.52791E-007
    4670  0.54275E-007
    4671  0.55945E-007
    4672  0.57669E-007
    4673  0.59399E-007
    4674  0.61120E-007
    4675  0.62830E-007
    4676  0.64530E-007
    4677  0.66219E-007
    4678  0.67898E-007
    4679  0.48806E-007
    4680  0.49103E-007
    4681  0.49577E-007
    4682  0.50192E-007
    4683  0.50912E-007
    4684  0.51706E-007
    4685  0.52544E-007
    4686  0.53409E-007
    4687  0.54285E-007
    4688  0.55167E-007
    4689  0.56049E-007
    4690  0.56930E-007
    4691  0.57809E-007
    4692  0.58684E-007
    4693  0.59557E-007
    4694  0.60427E-007
    4695  0.61294E-007
    4696  0.62159E-007
    4697  0.63020E-007
    4698  0.63879E-007
    4699  0.64735E-007
    4700  0.65589E-007
    4701  0.66441E-007
    4702  0.46531E-007
    4703  0.47641E-007
    4704  0.49185E-007
    4705  0.50921E-007
    4706  0.52713E-007
    4707  0.54509E-007
    4708  0.56296E-007
    4709  0.58070E-007
    4710  0.59833E-007
    4711  0.61584E-007
    4712  0.63324E-007
    4713  0.43701E-007
    4714  0.44009E-007
    4715  0.44503E-007
    4716  0.45141E-007
    4717  0.45889E-007
    4718  0.46714E-007
    4719  0.47584E-007
    4720  0.48483E-007
    4721  0.49392E-007
    4722  0.50308E-007
    4723  0.51222E-007
    4724  0.52137E-007
    4725  0.53047E-007
    4726  0.53955E-007
    4727  0.54860E-007
    4728  0.55762E-007
    4729  0.56660E-007
    4730  0.57555E-007
    4731  0.58447E-007
    4732  0.59336E-007
    4733  0.60222E-007
    4734  0.61106E-007
    4735  0.61987E-007
    4736  0.41541E-007
    4737  0.42693E-007
    4738  0.44295E-007
    4739  0.46096E-007
    4740  0.47953E-007
    4741  0.49815E-007
    4742  0.51665E-007
    4743  0.53503E-007
    4744  0.55326E-007
    4745  0.57137E-007
    4746  0.58937E-007
    4747  0.38807E-007
    4748  0.39126E-007
    4749  0.39638E-007
    4750  0.40300E-007
    4751  0.41075E-007
    4752  0.41930E-007
    4753  0.42831E-007
    4754  0.43762E-007
    4755  0.44704E-007
    4756  0.45652E-007
    4757  0.46599E-007
    4758  0.47545E-007
    4759  0.48488E-007
    4760  0.49427E-007
    4761  0.50363E-007
    4762  0.51295E-007
    4763  0.52224E-007
    4764  0.53149E-007
    4765  0.54071E-007
    4766  0.54989E-007
    4767  0.55904E-007
    4768  0.56817E-007
    4769  0.57729E-007
    4770  0.36769E-007
    4771  0.37962E-007
    4772  0.39621E-007
    4773  0.41484E-007
    4774  0.43406E-007
    4775  0.45330E-007
    4776  0.47243E-007
    4777  0.49141E-007
    4778  0.51024E-007
    4779  0.52893E-007
    4780  0.54750E-007
    4781  0.34139E-007
    4782  0.34470E-007
    4783  0.34999E-007
    4784  0.35683E-007
    4785  0.36485E-007
    4786  0.37369E-007
    4787  0.38301E-007
    4788  0.39263E-007
    4789  0.40236E-007
    4790  0.41216E-007
    4791  0.42194E-007
    4792  0.43171E-007
    4793  0.44144E-007
    4794  0.45114E-007
    4795  0.46079E-007
    4796  0.47041E-007
    4797  0.47999E-007
    4798  0.48953E-007
    4799  0.49904E-007
    4800  0.50851E-007
    4801  0.51794E-007
    4802  0.52734E-007
    4803  0.53672E-007
    4804  0.32231E-007
    4805  0.33464E-007
    4806  0.35177E-007
    4807  0.37101E-007
    4808  0.39084E-007
    4809  0.41070E-007
    4810  0.43042E-007
    4811  0.44998E-007
    4812  0.46939E-007
    4813  0.48864E-007
    4814  0.50774E-007
    4815  0.29714E-007
    4816  0.30055E-007
    4817  0.30601E-007
    4818  0.31307E-007
    4819  0.32135E-007
    4820  0.33047E-007
    4821  0.34007E-007
    4822  0.35000E-007
    4823  0.36003E-007
    4824  0.37013E-007
    4825  0.38021E-007
    4826  0.39028E-007
    4827  0.40030E-007
    4828  0.41029E-007
    4829  0.42024E-007
    4830  0.43014E-007
    4831  0.44000E-007
    4832  0.44982E-007
    4833  0.45960E-007
    4834  0.46934E-007
    4835  0.47904E-007
    4836  0.48871E-007
    4837  0.49836E-007
    4838  0.27944E-007
    4839  0.29214E-007
    4840  0.30979E-007
    4841  0.32961E-007
    4842  0.35004E-007
    4843  0.37048E-007
    4844  0.39077E-007
    4845  0.41089E-007
    4846  0.43084E-007
    4847  0.45063E-007
    4848  0.47026E-007
    4849  0.25547E-007
    4850  0.25898E-007
    4851  0.26460E-007
    4852  0.27187E-007
    4853  0.28038E-007
    4854  0.28977E-007
    4855  0.29966E-007
    4856  0.30987E-007
    4857  0.32019E-007
    4858  0.33058E-007
    4859  0.34095E-007
    4860  0.35130E-007
    4861  0.36161E-007
    4862  0.37187E-007
    4863  0.38209E-007
    4864  0.39226E-007
    4865  0.40239E-007
    4866  0.41248E-007
    4867  0.42252E-007
    4868  0.43252E-007
    4869  0.44248E-007
    4870  0.45240E-007
    4871  0.46228E-007
    4872  0.23921E-007
    4873  0.25227E-007
    4874  0.27042E-007
    4875  0.29079E-007
    4876  0.31178E-007
    4877  0.33277E-007
    4878  0.35361E-007
    4879  0.37426E-007
    4880  0.39474E-007
    4881  0.41503E-007
    4882  0.43515E-007
    4883  0.21652E-007
    4884  0.22013E-007
    4885  0.22590E-007
    4886  0.23337E-007
    4887  0.24211E-007
    4888  0.25175E-007
    4889  0.26190E-007
    4890  0.27239E-007
    4891  0.28298E-007
    4892  0.29364E-007
    4893  0.30428E-007
    4894  0.31490E-007
    4895  0.32547E-007
    4896  0.33600E-007
    4897  0.34648E-007
    4898  0.35691E-007
    4899  0.36729E-007
    4900  0.37763E-007
    4901  0.38792E-007
    4902  0.39817E-007
    4903  0.40837E-007
    4904  0.41854E-007
    4905  0.42868E-007
    4906  0.20177E-007
    4907  0.21517E-007
    4908  0.23379E-007
    4909  0.25468E-007
    4910  0.27620E-007
    4911  0.29771E-007
    4912  0.31906E-007
    4913  0.34022E-007
    4914  0.36118E-007
    4915  0.38196E-007
    4916  0.40256E-007
    4917  0.18044E-007
    4918  0.18414E-007
    4919  0.19005E-007
    4920  0.19770E-007
    4921  0.20666E-007
    4922  0.21654E-007
    4923  0.22694E-007
    4924  0.23768E-007
    4925  0.24853E-007
    4926  0.25945E-007
    4927  0.27034E-007
    4928  0.28121E-007
    4929  0.29203E-007
    4930  0.30281E-007
    4931  0.31353E-007
    4932  0.32420E-007
    4933  0.33482E-007
    4934  0.34540E-007
    4935  0.35592E-007
    4936  0.36640E-007
    4937  0.37683E-007
    4938  0.38722E-007
    4939  0.39758E-007
    4940  0.16726E-007
    4941  0.18098E-007
    4942  0.20003E-007
    4943  0.22141E-007
    4944  0.24341E-007
    4945  0.26542E-007
    4946  0.28725E-007
    4947  0.30887E-007
    4948  0.33029E-007
    4949  0.35151E-007
    4950  0.37255E-007
    4951  0.14736E-007
    4952  0.15114E-007
    4953  0.15719E-007
    4954  0.16501E-007
    4955  0.17417E-007
    4956  0.18427E-007
    4957  0.19490E-007
    4958  0.20587E-007
    4959  0.21696E-007
    4960  0.22811E-007
    4961  0.23924E-007
    4962  0.25034E-007
    4963  0.26139E-007
    4964  0.27240E-007
    4965  0.28334E-007
    4966  0.29424E-007
    4967  0.30508E-007
    4968  0.31587E-007
    4969  0.32662E-007
    4970  0.33731E-007
    4971  0.34795E-007
    4972  0.35856E-007
    4973  0.36914E-007
    4974  0.13581E-007
    4975  0.14982E-007
    4976  0.16927E-007
    4977  0.19109E-007
    4978  0.21355E-007
    4979  0.23600E-007
    4980  0.25827E-007
    4981  0.28032E-007
    4982  0.30216E-007
    4983  0.32379E-007
    4984  0.34524E-007
    4985  0.11741E-007
    4986  0.12127E-007
    4987  0.12744E-007
    4988  0.13541E-007
    4989  0.14475E-007
    4990  0.15505E-007
    4991  0.16589E-007
    4992  0.17708E-007
    4993  0.18838E-007
    4994  0.19975E-007
    4995  0.21109E-007
    4996  0.22241E-007
    4997  0.23367E-007
    4998  0.24488E-007
    4999  0.25603E-007
    5000  0.26713E-007
    5001  0.27817E-007
    5002  0.28916E-007
    5003  0.30010E-007
    5004  0.31098E-007
    5005  0.32181E-007
    5006  0.33260E-007
    5007  0.34336E-007
    5008  0.10753E-007
    5009  0.12181E-007
    5010  0.14162E-007
    5011  0.16385E-007
    5012  0.18672E-007
    5013  0.20957E-007
    5014  0.23224E-007
    5015  0.25467E-007
    5016  0.27689E-007
    5017  0.29889E-007
    5018  0.32069E-007
    5019  0.90698E-008
    5020  0.94619E-008
    5021  0.10090E-007
    5022  0.10902E-007
    5023  0.11852E-007
    5024  0.12900E-007
    5025  0.14002E-007
    5026  0.15141E-007
    5027  0.16290E-007
    5028  0.17447E-007
    5029  0.18600E-007
    5030  0.19751E-007
    5031  0.20896E-007
    5032  0.22035E-007
    5033  0.23169E-007
    5034  0.24297E-007
    5035  0.25419E-007
    5036  0.26536E-007
    5037  0.27647E-007
    5038  0.28753E-007
    5039  0.29853E-007
    5040  0.30950E-007
    5041  0.32043E-007
    5042  0.82540E-008
    5043  0.97049E-008
    5044  0.11719E-007
    5045  0.13977E-007
    5046  0.16301E-007
    5047  0.18622E-007
    5048  0.20924E-007
    5049  0.23202E-007
    5050  0.25457E-007
    5051  0.27691E-007
    5052  0.29903E-007
    5053  0.67323E-008
    5054  0.71305E-008
    5055  0.77680E-008
    5056  0.85920E-008
    5057  0.95570E-008
    5058  0.10621E-007
    5059  0.11740E-007
    5060  0.12895E-007
    5061  0.14062E-007
    5062  0.15235E-007
    5063  0.16406E-007
    5064  0.17573E-007
    5065  0.18734E-007
    5066  0.19890E-007
    5067  0.21040E-007
    5068  0.22184E-007
    5069  0.23322E-007
    5070  0.24455E-007
    5071  0.25581E-007
    5072  0.26703E-007
    5073  0.27818E-007
    5074  0.28929E-007
    5075  0.30036E-007
    5076  0.60926E-008
    5077  0.75639E-008
    5078  0.96059E-008
    5079  0.11895E-007
    5080  0.14251E-007
    5081  0.16604E-007
    5082  0.18936E-007
    5083  0.21244E-007
    5084  0.23528E-007
    5085  0.25790E-007
    5086  0.28030E-007
    5087  0.47380E-008
    5088  0.51413E-008
    5089  0.57870E-008
    5090  0.66216E-008
    5091  0.75990E-008
    5092  0.86761E-008
    5093  0.98094E-008
    5094  0.10979E-007
    5095  0.12161E-007
    5096  0.13349E-007
    5097  0.14534E-007
    5098  0.15715E-007
    5099  0.16891E-007
    5100  0.18061E-007
    5101  0.19224E-007
    5102  0.20382E-007
    5103  0.21534E-007
    5104  0.22679E-007
    5105  0.23819E-007
    5106  0.24953E-007
    5107  0.26081E-007
    5108  0.27205E-007
    5109  0.28325E-007
    5110  0.42777E-008
    5111  0.57662E-008
    5112  0.78319E-008
    5113  0.10148E-007
    5114  0.12530E-007
    5115  0.14909E-007
    5116  0.17267E-007
    5117  0.19600E-007
    5118  0.21909E-007
    5119  0.24194E-007
    5120  0.26457E-007
    5121  0.30949E-008
    5122  0.35024E-008
    5123  0.41549E-008
    5124  0.49983E-008
    5125  0.59859E-008
    5126  0.70742E-008
    5127  0.82193E-008
    5128  0.94013E-008
    5129  0.10595E-007
    5130  0.11795E-007
    5131  0.12992E-007
    5132  0.14185E-007
    5133  0.15372E-007
    5134  0.16554E-007
    5135  0.17729E-007
    5136  0.18898E-007
    5137  0.20060E-007
    5138  0.21217E-007
    5139  0.22367E-007
    5140  0.23512E-007
    5141  0.24651E-007
    5142  0.25784E-007
    5143  0.26914E-007
    5144  0.28165E-008
    5145  0.43189E-008
    5146  0.64038E-008
    5147  0.87409E-008
    5148  0.11145E-007
    5149  0.13545E-007
    5150  0.15924E-007
    5151  0.18277E-007
    5152  0.20605E-007
    5153  0.22909E-007
    5154  0.25191E-007
    5155  0.18097E-008
    5156  0.22206E-008
    5157  0.28784E-008
    5158  0.37287E-008
    5159  0.47243E-008
    5160  0.58215E-008
    5161  0.69758E-008
    5162  0.81672E-008
    5163  0.93701E-008
    5164  0.10580E-007
    5165  0.11786E-007
    5166  0.12989E-007
    5167  0.14185E-007
    5168  0.15376E-007
    5169  0.16560E-007
    5170  0.17738E-007
    5171  0.18909E-007
    5172  0.20074E-007
    5173  0.21233E-007
    5174  0.22386E-007
    5175  0.23533E-007
    5176  0.24676E-007
    5177  0.25814E-007
    5178  0.17154E-008
    5179  0.32283E-008
    5180  0.53277E-008
    5181  0.76809E-008
    5182  0.10101E-007
    5183  0.12518E-007
    5184  0.14912E-007
    5185  0.17281E-007
    5186  0.19624E-007
    5187  0.21943E-007
    5188  0.24239E-007
    5189  0.88798E-009
    5190  0.13013E-008
    5191  0.19629E-008
    5192  0.28182E-008
    5193  0.38196E-008
    5194  0.49230E-008
    5195  0.60840E-008
    5196  0.72823E-008
    5197  0.84920E-008
    5198  0.97086E-008
    5199  0.10922E-007
    5200  0.12131E-007
    5201  0.13334E-007
    5202  0.14531E-007
    5203  0.15722E-007
    5204  0.16906E-007
    5205  0.18083E-007
    5206  0.19255E-007
    5207  0.20420E-007
    5208  0.21579E-007
    5209  0.22732E-007
    5210  0.23880E-007
    5211  0.25022E-007
    5212  0.97883E-009
    5213  0.24988E-008
    5214  0.46079E-008
    5215  0.69718E-008
    5216  0.94030E-008
    5217  0.11830E-007
    5218  0.14235E-007
    5219  0.16614E-007
    5220  0.18967E-007
    5221  0.21296E-007
    5222  0.23601E-007
    5223  0.33348E-009
    5224  0.74824E-009
    5225  0.14122E-008
    5226  0.22704E-008
    5227  0.32753E-008
    5228  0.43825E-008
    5229  0.55475E-008
    5230  0.67498E-008
    5231  0.79636E-008
    5232  0.91844E-008
    5233  0.10401E-007
    5234  0.11615E-007
    5235  0.12822E-007
    5236  0.14023E-007
    5237  0.15217E-007
    5238  0.16405E-007
    5239  0.17586E-007
    5240  0.18761E-007
    5241  0.19930E-007
    5242  0.21093E-007
    5243  0.22249E-007
    5244  0.23400E-007
    5245  0.24548E-007
    5246  0.60983E-009
    5247  0.21333E-008
    5248  0.42473E-008
    5249  0.66166E-008
    5250  0.90532E-008
    5251  0.11486E-007
    5252  0.13896E-007
    5253  0.16280E-007
    5254  0.18638E-007
    5255  0.20971E-007
    5256  0.23281E-007
