       1  0.67901E-005
      14  0.10850E-005
      15  0.10865E-005
      16  0.10924E-005
      17  0.11017E-005
      18  0.11147E-005
      19  0.11315E-005
      20  0.11521E-005
      21  0.11758E-005
      22  0.12034E-005
      23  0.12346E-005
      24  0.12695E-005
      25  0.13075E-005
      26  0.13487E-005
      27  0.13935E-005
      28  0.14415E-005
      29  0.14923E-005
      30  0.15463E-005
      31  0.16036E-005
      32  0.16638E-005
      33  0.17267E-005
      34  0.17923E-005
      35  0.18606E-005
      36  0.19316E-005
      37  0.20048E-005
      38  0.20805E-005
      39  0.21585E-005
      40  0.22389E-005
      41  0.23211E-005
      42  0.24052E-005
      43  0.24914E-005
      44  0.25794E-005
      45  0.26688E-005
      46  0.27599E-005
      47  0.28524E-005
      48  0.29465E-005
      49  0.30416E-005
      50  0.31378E-005
      51  0.32352E-005
      52  0.33336E-005
      53  0.34329E-005
      54  0.35329E-005
      55  0.36337E-005
      56  0.37352E-005
      57  0.38373E-005
      58  0.39397E-005
      59  0.40426E-005
      60  0.41458E-005
      61  0.42494E-005
      62  0.43530E-005
      63  0.44569E-005
      64  0.45608E-005
      65  0.46648E-005
      66  0.47687E-005
      67  0.48725E-005
      68  0.49763E-005
      69  0.50800E-005
      70  0.51834E-005
      71  0.52866E-005
      72  0.53896E-005
      73  0.54923E-005
      74  0.55946E-005
      75  0.56966E-005
      76  0.57983E-005
      77  0.58996E-005
      78  0.60005E-005
      79  0.61009E-005
      80  0.62009E-005
      81  0.63005E-005
      82  0.63995E-005
      83  0.64980E-005
      84  0.65960E-005
      85  0.66934E-005
     807   0.0000     
     819  0.67034E-005
     820  0.23922E-008
     821  0.95563E-008
     822  0.21487E-007
     823  0.38155E-007
     824  0.59535E-007
     825  0.85579E-007
     826  0.11624E-006
     827  0.15146E-006
     828  0.19117E-006
     829  0.23530E-006
     830  0.28376E-006
     831  0.33646E-006
     832  0.39331E-006
     833  0.45419E-006
     834  0.51902E-006
     835  0.58766E-006
     836  0.66000E-006
     837  0.73591E-006
     838  0.81527E-006
     839  0.89792E-006
     840  0.98375E-006
     841  0.10726E-005
     842  0.11643E-005
     843  0.12588E-005
     844  0.13559E-005
     845  0.14554E-005
     846  0.15573E-005
     847  0.16612E-005
     848  0.17673E-005
     849  0.18751E-005
     850  0.19847E-005
     851  0.20959E-005
     852  0.22085E-005
     853  0.23224E-005
     854  0.24375E-005
     855  0.25537E-005
     856  0.26707E-005
     857  0.27885E-005
     858  0.29070E-005
     859  0.30261E-005
     860  0.31456E-005
     861  0.32654E-005
     862  0.33855E-005
     863  0.35057E-005
     864  0.36260E-005
     865  0.37462E-005
     866  0.38663E-005
     867  0.39862E-005
     868  0.41059E-005
     869  0.42252E-005
     870  0.43441E-005
     871  0.44626E-005
     872  0.45805E-005
     873  0.46980E-005
     874  0.48148E-005
     875  0.49310E-005
     876  0.50466E-005
     877  0.51615E-005
     878  0.52757E-005
     879  0.53892E-005
     880  0.55020E-005
     881  0.56141E-005
     882  0.57254E-005
     883  0.58361E-005
     884  0.59460E-005
     885  0.60553E-005
     886  0.61640E-005
     887  0.62721E-005
     888  0.63799E-005
     889  0.64874E-005
     890  0.65950E-005
    2714  0.10377E-005
    2715  0.99015E-006
    2716  0.94240E-006
    2717  0.89428E-006
    2718  0.84575E-006
    2719  0.79683E-006
    2720  0.74752E-006
    2721  0.69781E-006
    2722  0.64767E-006
    2723  0.59712E-006
    2724  0.54613E-006
    2725  0.49474E-006
    2726  0.44290E-006
    2727  0.39075E-006
    2728  0.33827E-006
    2729  0.28593E-006
    2730  0.23392E-006
    2731  0.18338E-006
    2732  0.13520E-006
    2733  0.91350E-007
    2734  0.53811E-007
    2735  0.24712E-007
    2736  0.65145E-008
    2737  0.67037E-005
    2738  0.67045E-005
    2739  0.67060E-005
    2740  0.67079E-005
    2741  0.67102E-005
    2742  0.67128E-005
    2743  0.67157E-005
    2744  0.67188E-005
    2745  0.67222E-005
    2746  0.67257E-005
    2747  0.67293E-005
    2748  0.67332E-005
    2749  0.67372E-005
    2750  0.67413E-005
    2751  0.67456E-005
    2752  0.67500E-005
    2753  0.67546E-005
    2754  0.67593E-005
    2755  0.67641E-005
    2756  0.67691E-005
    2757  0.67741E-005
    2758  0.67793E-005
    2759  0.67847E-005
    2760  0.65966E-005
    2761  0.66011E-005
    2762  0.66074E-005
    2763  0.66148E-005
    2764  0.66228E-005
    2765  0.66314E-005
    2766  0.66405E-005
    2767  0.66501E-005
    2768  0.66602E-005
    2769  0.66708E-005
    2770  0.66818E-005
    2771  0.64878E-005
    2772  0.64893E-005
    2773  0.64915E-005
    2774  0.64944E-005
    2775  0.64979E-005
    2776  0.65017E-005
    2777  0.65058E-005
    2778  0.65102E-005
    2779  0.65147E-005
    2780  0.65193E-005
    2781  0.65241E-005
    2782  0.65289E-005
    2783  0.65339E-005
    2784  0.65390E-005
    2785  0.65442E-005
    2786  0.65495E-005
    2787  0.65549E-005
    2788  0.65604E-005
    2789  0.65661E-005
    2790  0.65718E-005
    2791  0.65777E-005
    2792  0.65837E-005
    2793  0.65898E-005
    2794  0.63820E-005
    2795  0.63877E-005
    2796  0.63958E-005
    2797  0.64052E-005
    2798  0.64153E-005
    2799  0.64258E-005
    2800  0.64368E-005
    2801  0.64482E-005
    2802  0.64600E-005
    2803  0.64722E-005
    2804  0.64849E-005
    2805  0.62727E-005
    2806  0.62744E-005
    2807  0.62771E-005
    2808  0.62807E-005
    2809  0.62848E-005
    2810  0.62895E-005
    2811  0.62945E-005
    2812  0.62997E-005
    2813  0.63051E-005
    2814  0.63107E-005
    2815  0.63164E-005
    2816  0.63221E-005
    2817  0.63280E-005
    2818  0.63340E-005
    2819  0.63401E-005
    2820  0.63463E-005
    2821  0.63526E-005
    2822  0.63590E-005
    2823  0.63655E-005
    2824  0.63721E-005
    2825  0.63788E-005
    2826  0.63856E-005
    2827  0.63925E-005
    2828  0.61664E-005
    2829  0.61732E-005
    2830  0.61827E-005
    2831  0.61938E-005
    2832  0.62056E-005
    2833  0.62179E-005
    2834  0.62307E-005
    2835  0.62438E-005
    2836  0.62574E-005
    2837  0.62713E-005
    2838  0.62857E-005
    2839  0.60560E-005
    2840  0.60579E-005
    2841  0.60611E-005
    2842  0.60652E-005
    2843  0.60700E-005
    2844  0.60754E-005
    2845  0.60812E-005
    2846  0.60873E-005
    2847  0.60936E-005
    2848  0.61000E-005
    2849  0.61065E-005
    2850  0.61132E-005
    2851  0.61199E-005
    2852  0.61268E-005
    2853  0.61338E-005
    2854  0.61408E-005
    2855  0.61480E-005
    2856  0.61553E-005
    2857  0.61626E-005
    2858  0.61701E-005
    2859  0.61777E-005
    2860  0.61853E-005
    2861  0.61931E-005
    2862  0.59488E-005
    2863  0.59566E-005
    2864  0.59676E-005
    2865  0.59803E-005
    2866  0.59938E-005
    2867  0.60079E-005
    2868  0.60224E-005
    2869  0.60373E-005
    2870  0.60526E-005
    2871  0.60683E-005
    2872  0.60844E-005
    2873  0.58368E-005
    2874  0.58391E-005
    2875  0.58427E-005
    2876  0.58474E-005
    2877  0.58529E-005
    2878  0.58591E-005
    2879  0.58657E-005
    2880  0.58726E-005
    2881  0.58798E-005
    2882  0.58871E-005
    2883  0.58945E-005
    2884  0.59020E-005
    2885  0.59097E-005
    2886  0.59175E-005
    2887  0.59253E-005
    2888  0.59333E-005
    2889  0.59413E-005
    2890  0.59495E-005
    2891  0.59578E-005
    2892  0.59661E-005
    2893  0.59746E-005
    2894  0.59831E-005
    2895  0.59917E-005
    2896  0.57286E-005
    2897  0.57375E-005
    2898  0.57500E-005
    2899  0.57644E-005
    2900  0.57797E-005
    2901  0.57956E-005
    2902  0.58120E-005
    2903  0.58287E-005
    2904  0.58459E-005
    2905  0.58634E-005
    2906  0.58813E-005
    2907  0.56150E-005
    2908  0.56175E-005
    2909  0.56216E-005
    2910  0.56269E-005
    2911  0.56332E-005
    2912  0.56402E-005
    2913  0.56477E-005
    2914  0.56555E-005
    2915  0.56636E-005
    2916  0.56718E-005
    2917  0.56802E-005
    2918  0.56887E-005
    2919  0.56973E-005
    2920  0.57060E-005
    2921  0.57148E-005
    2922  0.57237E-005
    2923  0.57327E-005
    2924  0.57418E-005
    2925  0.57510E-005
    2926  0.57603E-005
    2927  0.57696E-005
    2928  0.57791E-005
    2929  0.57887E-005
    2930  0.55057E-005
    2931  0.55157E-005
    2932  0.55298E-005
    2933  0.55461E-005
    2934  0.55633E-005
    2935  0.55812E-005
    2936  0.55995E-005
    2937  0.56181E-005
    2938  0.56372E-005
    2939  0.56567E-005
    2940  0.56765E-005
    2941  0.53903E-005
    2942  0.53931E-005
    2943  0.53977E-005
    2944  0.54037E-005
    2945  0.54108E-005
    2946  0.54187E-005
    2947  0.54272E-005
    2948  0.54360E-005
    2949  0.54450E-005
    2950  0.54543E-005
    2951  0.54636E-005
    2952  0.54731E-005
    2953  0.54827E-005
    2954  0.54924E-005
    2955  0.55022E-005
    2956  0.55121E-005
    2957  0.55221E-005
    2958  0.55322E-005
    2959  0.55424E-005
    2960  0.55526E-005
    2961  0.55630E-005
    2962  0.55734E-005
    2963  0.55840E-005
    2964  0.52799E-005
    2965  0.52911E-005
    2966  0.53070E-005
    2967  0.53253E-005
    2968  0.53446E-005
    2969  0.53646E-005
    2970  0.53849E-005
    2971  0.54056E-005
    2972  0.54267E-005
    2973  0.54482E-005
    2974  0.54700E-005
    2975  0.51627E-005
    2976  0.51659E-005
    2977  0.51711E-005
    2978  0.51778E-005
    2979  0.51858E-005
    2980  0.51947E-005
    2981  0.52041E-005
    2982  0.52140E-005
    2983  0.52241E-005
    2984  0.52344E-005
    2985  0.52449E-005
    2986  0.52555E-005
    2987  0.52661E-005
    2988  0.52769E-005
    2989  0.52878E-005
    2990  0.52987E-005
    2991  0.53098E-005
    2992  0.53209E-005
    2993  0.53321E-005
    2994  0.53434E-005
    2995  0.53548E-005
    2996  0.53663E-005
    2997  0.53779E-005
    2998  0.50513E-005
    2999  0.50639E-005
    3000  0.50817E-005
    3001  0.51022E-005
    3002  0.51237E-005
    3003  0.51459E-005
    3004  0.51684E-005
    3005  0.51914E-005
    3006  0.52147E-005
    3007  0.52383E-005
    3008  0.52623E-005
    3009  0.49323E-005
    3010  0.49359E-005
    3011  0.49418E-005
    3012  0.49493E-005
    3013  0.49583E-005
    3014  0.49682E-005
    3015  0.49787E-005
    3016  0.49897E-005
    3017  0.50010E-005
    3018  0.50125E-005
    3019  0.50241E-005
    3020  0.50358E-005
    3021  0.50476E-005
    3022  0.50595E-005
    3023  0.50716E-005
    3024  0.50836E-005
    3025  0.50958E-005
    3026  0.51081E-005
    3027  0.51204E-005
    3028  0.51328E-005
    3029  0.51453E-005
    3030  0.51579E-005
    3031  0.51706E-005
    3032  0.48200E-005
    3033  0.48341E-005
    3034  0.48540E-005
    3035  0.48768E-005
    3036  0.49008E-005
    3037  0.49253E-005
    3038  0.49503E-005
    3039  0.49756E-005
    3040  0.50012E-005
    3041  0.50271E-005
    3042  0.50534E-005
    3043  0.46994E-005
    3044  0.47034E-005
    3045  0.47099E-005
    3046  0.47184E-005
    3047  0.47283E-005
    3048  0.47394E-005
    3049  0.47511E-005
    3050  0.47634E-005
    3051  0.47759E-005
    3052  0.47886E-005
    3053  0.48015E-005
    3054  0.48144E-005
    3055  0.48275E-005
    3056  0.48406E-005
    3057  0.48538E-005
    3058  0.48671E-005
    3059  0.48805E-005
    3060  0.48940E-005
    3061  0.49075E-005
    3062  0.49211E-005
    3063  0.49348E-005
    3064  0.49486E-005
    3065  0.49624E-005
    3066  0.45863E-005
    3067  0.46021E-005
    3068  0.46242E-005
    3069  0.46495E-005
    3070  0.46760E-005
    3071  0.47031E-005
    3072  0.47306E-005
    3073  0.47584E-005
    3074  0.47865E-005
    3075  0.48149E-005
    3076  0.48436E-005
    3077  0.44642E-005
    3078  0.44687E-005
    3079  0.44759E-005
    3080  0.44853E-005
    3081  0.44963E-005
    3082  0.45086E-005
    3083  0.45216E-005
    3084  0.45352E-005
    3085  0.45490E-005
    3086  0.45631E-005
    3087  0.45773E-005
    3088  0.45915E-005
    3089  0.46059E-005
    3090  0.46204E-005
    3091  0.46349E-005
    3092  0.46495E-005
    3093  0.46642E-005
    3094  0.46789E-005
    3095  0.46937E-005
    3096  0.47086E-005
    3097  0.47235E-005
    3098  0.47385E-005
    3099  0.47535E-005
    3100  0.43505E-005
    3101  0.43680E-005
    3102  0.43926E-005
    3103  0.44205E-005
    3104  0.44498E-005
    3105  0.44797E-005
    3106  0.45098E-005
    3107  0.45403E-005
    3108  0.45711E-005
    3109  0.46020E-005
    3110  0.46333E-005
    3111  0.42269E-005
    3112  0.42319E-005
    3113  0.42400E-005
    3114  0.42503E-005
    3115  0.42626E-005
    3116  0.42761E-005
    3117  0.42905E-005
    3118  0.43055E-005
    3119  0.43207E-005
    3120  0.43362E-005
    3121  0.43518E-005
    3122  0.43675E-005
    3123  0.43833E-005
    3124  0.43991E-005
    3125  0.44150E-005
    3126  0.44310E-005
    3127  0.44470E-005
    3128  0.44631E-005
    3129  0.44792E-005
    3130  0.44954E-005
    3131  0.45117E-005
    3132  0.45280E-005
    3133  0.45444E-005
    3134  0.41130E-005
    3135  0.41323E-005
    3136  0.41594E-005
    3137  0.41902E-005
    3138  0.42225E-005
    3139  0.42552E-005
    3140  0.42883E-005
    3141  0.43216E-005
    3142  0.43551E-005
    3143  0.43888E-005
    3144  0.44227E-005
    3145  0.39882E-005
    3146  0.39937E-005
    3147  0.40025E-005
    3148  0.40140E-005
    3149  0.40275E-005
    3150  0.40425E-005
    3151  0.40583E-005
    3152  0.40748E-005
    3153  0.40915E-005
    3154  0.41085E-005
    3155  0.41256E-005
    3156  0.41428E-005
    3157  0.41600E-005
    3158  0.41773E-005
    3159  0.41947E-005
    3160  0.42121E-005
    3161  0.42296E-005
    3162  0.42470E-005
    3163  0.42646E-005
    3164  0.42822E-005
    3165  0.42998E-005
    3166  0.43175E-005
    3167  0.43352E-005
    3168  0.38742E-005
    3169  0.38955E-005
    3170  0.39253E-005
    3171  0.39591E-005
    3172  0.39945E-005
    3173  0.40303E-005
    3174  0.40664E-005
    3175  0.41026E-005
    3176  0.41391E-005
    3177  0.41756E-005
    3178  0.42124E-005
    3179  0.37484E-005
    3180  0.37544E-005
    3181  0.37642E-005
    3182  0.37768E-005
    3183  0.37916E-005
    3184  0.38080E-005
    3185  0.38254E-005
    3186  0.38434E-005
    3187  0.38618E-005
    3188  0.38804E-005
    3189  0.38990E-005
    3190  0.39178E-005
    3191  0.39366E-005
    3192  0.39555E-005
    3193  0.39743E-005
    3194  0.39933E-005
    3195  0.40122E-005
    3196  0.40312E-005
    3197  0.40502E-005
    3198  0.40692E-005
    3199  0.40883E-005
    3200  0.41074E-005
    3201  0.41266E-005
    3202  0.36346E-005
    3203  0.36580E-005
    3204  0.36907E-005
    3205  0.37277E-005
    3206  0.37663E-005
    3207  0.38054E-005
    3208  0.38447E-005
    3209  0.38840E-005
    3210  0.39235E-005
    3211  0.39631E-005
    3212  0.40028E-005
    3213  0.35081E-005
    3214  0.35147E-005
    3215  0.35254E-005
    3216  0.35392E-005
    3217  0.35555E-005
    3218  0.35734E-005
    3219  0.35924E-005
    3220  0.36121E-005
    3221  0.36321E-005
    3222  0.36524E-005
    3223  0.36727E-005
    3224  0.36931E-005
    3225  0.37136E-005
    3226  0.37340E-005
    3227  0.37545E-005
    3228  0.37750E-005
    3229  0.37955E-005
    3230  0.38161E-005
    3231  0.38366E-005
    3232  0.38572E-005
    3233  0.38778E-005
    3234  0.38984E-005
    3235  0.39190E-005
    3236  0.33949E-005
    3237  0.34205E-005
    3238  0.34563E-005
    3239  0.34967E-005
    3240  0.35387E-005
    3241  0.35811E-005
    3242  0.36237E-005
    3243  0.36663E-005
    3244  0.37090E-005
    3245  0.37517E-005
    3246  0.37944E-005
    3247  0.32680E-005
    3248  0.32753E-005
    3249  0.32869E-005
    3250  0.33020E-005
    3251  0.33197E-005
    3252  0.33393E-005
    3253  0.33600E-005
    3254  0.33814E-005
    3255  0.34032E-005
    3256  0.34252E-005
    3257  0.34473E-005
    3258  0.34694E-005
    3259  0.34915E-005
    3260  0.35137E-005
    3261  0.35358E-005
    3262  0.35580E-005
    3263  0.35801E-005
    3264  0.36023E-005
    3265  0.36244E-005
    3266  0.36466E-005
    3267  0.36687E-005
    3268  0.36908E-005
    3269  0.37130E-005
    3270  0.31559E-005
    3271  0.31838E-005
    3272  0.32226E-005
    3273  0.32665E-005
    3274  0.33121E-005
    3275  0.33581E-005
    3276  0.34041E-005
    3277  0.34501E-005
    3278  0.34960E-005
    3279  0.35419E-005
    3280  0.35878E-005
    3281  0.30289E-005
    3282  0.30368E-005
    3283  0.30495E-005
    3284  0.30659E-005
    3285  0.30851E-005
    3286  0.31064E-005
    3287  0.31288E-005
    3288  0.31521E-005
    3289  0.31757E-005
    3290  0.31995E-005
    3291  0.32234E-005
    3292  0.32473E-005
    3293  0.32712E-005
    3294  0.32950E-005
    3295  0.33189E-005
    3296  0.33428E-005
    3297  0.33666E-005
    3298  0.33904E-005
    3299  0.34142E-005
    3300  0.34379E-005
    3301  0.34617E-005
    3302  0.34854E-005
    3303  0.35091E-005
    3304  0.29182E-005
    3305  0.29485E-005
    3306  0.29906E-005
    3307  0.30382E-005
    3308  0.30874E-005
    3309  0.31370E-005
    3310  0.31866E-005
    3311  0.32361E-005
    3312  0.32854E-005
    3313  0.33346E-005
    3314  0.33837E-005
    3315  0.27916E-005
    3316  0.28002E-005
    3317  0.28139E-005
    3318  0.28316E-005
    3319  0.28525E-005
    3320  0.28755E-005
    3321  0.28998E-005
    3322  0.29249E-005
    3323  0.29503E-005
    3324  0.29760E-005
    3325  0.30017E-005
    3326  0.30275E-005
    3327  0.30532E-005
    3328  0.30789E-005
    3329  0.31045E-005
    3330  0.31301E-005
    3331  0.31557E-005
    3332  0.31812E-005
    3333  0.32067E-005
    3334  0.32321E-005
    3335  0.32575E-005
    3336  0.32828E-005
    3337  0.33082E-005
    3338  0.26828E-005
    3339  0.27155E-005
    3340  0.27610E-005
    3341  0.28123E-005
    3342  0.28654E-005
    3343  0.29187E-005
    3344  0.29720E-005
    3345  0.30250E-005
    3346  0.30778E-005
    3347  0.31304E-005
    3348  0.31829E-005
    3349  0.25570E-005
    3350  0.25662E-005
    3351  0.25810E-005
    3352  0.26002E-005
    3353  0.26227E-005
    3354  0.26474E-005
    3355  0.26736E-005
    3356  0.27006E-005
    3357  0.27280E-005
    3358  0.27556E-005
    3359  0.27833E-005
    3360  0.28109E-005
    3361  0.28384E-005
    3362  0.28660E-005
    3363  0.28934E-005
    3364  0.29208E-005
    3365  0.29481E-005
    3366  0.29754E-005
    3367  0.30026E-005
    3368  0.30297E-005
    3369  0.30568E-005
    3370  0.30838E-005
    3371  0.31108E-005
    3372  0.24506E-005
    3373  0.24858E-005
    3374  0.25348E-005
    3375  0.25899E-005
    3376  0.26469E-005
    3377  0.27040E-005
    3378  0.27610E-005
    3379  0.28176E-005
    3380  0.28740E-005
    3381  0.29301E-005
    3382  0.29859E-005
    3383  0.23260E-005
    3384  0.23359E-005
    3385  0.23519E-005
    3386  0.23725E-005
    3387  0.23966E-005
    3388  0.24232E-005
    3389  0.24513E-005
    3390  0.24803E-005
    3391  0.25096E-005
    3392  0.25392E-005
    3393  0.25687E-005
    3394  0.25983E-005
    3395  0.26277E-005
    3396  0.26571E-005
    3397  0.26864E-005
    3398  0.27156E-005
    3399  0.27447E-005
    3400  0.27737E-005
    3401  0.28027E-005
    3402  0.28316E-005
    3403  0.28603E-005
    3404  0.28891E-005
    3405  0.29178E-005
    3406  0.22225E-005
    3407  0.22603E-005
    3408  0.23128E-005
    3409  0.23718E-005
    3410  0.24327E-005
    3411  0.24938E-005
    3412  0.25545E-005
    3413  0.26148E-005
    3414  0.26747E-005
    3415  0.27343E-005
    3416  0.27935E-005
    3417  0.20997E-005
    3418  0.21104E-005
    3419  0.21274E-005
    3420  0.21495E-005
    3421  0.21753E-005
    3422  0.22037E-005
    3423  0.22337E-005
    3424  0.22647E-005
    3425  0.22960E-005
    3426  0.23276E-005
    3427  0.23591E-005
    3428  0.23906E-005
    3429  0.24219E-005
    3430  0.24532E-005
    3431  0.24843E-005
    3432  0.25154E-005
    3433  0.25463E-005
    3434  0.25771E-005
    3435  0.26078E-005
    3436  0.26384E-005
    3437  0.26689E-005
    3438  0.26992E-005
    3439  0.27296E-005
    3440  0.19997E-005
    3441  0.20401E-005
    3442  0.20961E-005
    3443  0.21591E-005
    3444  0.22239E-005
    3445  0.22888E-005
    3446  0.23534E-005
    3447  0.24174E-005
    3448  0.24809E-005
    3449  0.25439E-005
    3450  0.26065E-005
    3451  0.18792E-005
    3452  0.18905E-005
    3453  0.19087E-005
    3454  0.19322E-005
    3455  0.19598E-005
    3456  0.19901E-005
    3457  0.20220E-005
    3458  0.20550E-005
    3459  0.20883E-005
    3460  0.21218E-005
    3461  0.21553E-005
    3462  0.21887E-005
    3463  0.22220E-005
    3464  0.22551E-005
    3465  0.22881E-005
    3466  0.23210E-005
    3467  0.23537E-005
    3468  0.23863E-005
    3469  0.24187E-005
    3470  0.24510E-005
    3471  0.24832E-005
    3472  0.25153E-005
    3473  0.25473E-005
    3474  0.17832E-005
    3475  0.18261E-005
    3476  0.18858E-005
    3477  0.19526E-005
    3478  0.20215E-005
    3479  0.20903E-005
    3480  0.21586E-005
    3481  0.22263E-005
    3482  0.22934E-005
    3483  0.23599E-005
    3484  0.24258E-005
    3485  0.16656E-005
    3486  0.16776E-005
    3487  0.16969E-005
    3488  0.17219E-005
    3489  0.17511E-005
    3490  0.17833E-005
    3491  0.18172E-005
    3492  0.18521E-005
    3493  0.18874E-005
    3494  0.19229E-005
    3495  0.19583E-005
    3496  0.19937E-005
    3497  0.20288E-005
    3498  0.20638E-005
    3499  0.20987E-005
    3500  0.21334E-005
    3501  0.21679E-005
    3502  0.22022E-005
    3503  0.22364E-005
    3504  0.22704E-005
    3505  0.23043E-005
    3506  0.23381E-005
    3507  0.23717E-005
    3508  0.15741E-005
    3509  0.16197E-005
    3510  0.16828E-005
    3511  0.17536E-005
    3512  0.18263E-005
    3513  0.18990E-005
    3514  0.19711E-005
    3515  0.20424E-005
    3516  0.21130E-005
    3517  0.21829E-005
    3518  0.22522E-005
    3519  0.14600E-005
    3520  0.14728E-005
    3521  0.14932E-005
    3522  0.15196E-005
    3523  0.15505E-005
    3524  0.15845E-005
    3525  0.16202E-005
    3526  0.16572E-005
    3527  0.16944E-005
    3528  0.17319E-005
    3529  0.17692E-005
    3530  0.18064E-005
    3531  0.18435E-005
    3532  0.18803E-005
    3533  0.19170E-005
    3534  0.19535E-005
    3535  0.19897E-005
    3536  0.20258E-005
    3537  0.20617E-005
    3538  0.20974E-005
    3539  0.21329E-005
    3540  0.21683E-005
    3541  0.22036E-005
    3542  0.13737E-005
    3543  0.14218E-005
    3544  0.14884E-005
    3545  0.15630E-005
    3546  0.16396E-005
    3547  0.17161E-005
    3548  0.17918E-005
    3549  0.18667E-005
    3550  0.19407E-005
    3551  0.20140E-005
    3552  0.20866E-005
    3553  0.12636E-005
    3554  0.12771E-005
    3555  0.12986E-005
    3556  0.13264E-005
    3557  0.13589E-005
    3558  0.13947E-005
    3559  0.14324E-005
    3560  0.14712E-005
    3561  0.15103E-005
    3562  0.15497E-005
    3563  0.15889E-005
    3564  0.16280E-005
    3565  0.16669E-005
    3566  0.17055E-005
    3567  0.17440E-005
    3568  0.17822E-005
    3569  0.18202E-005
    3570  0.18579E-005
    3571  0.18955E-005
    3572  0.19329E-005
    3573  0.19700E-005
    3574  0.20070E-005
    3575  0.20438E-005
    3576  0.11831E-005
    3577  0.12336E-005
    3578  0.13036E-005
    3579  0.13819E-005
    3580  0.14623E-005
    3581  0.15424E-005
    3582  0.16217E-005
    3583  0.17001E-005
    3584  0.17775E-005
    3585  0.18540E-005
    3586  0.19297E-005
    3587  0.10777E-005
    3588  0.10918E-005
    3589  0.11143E-005
    3590  0.11435E-005
    3591  0.11776E-005
    3592  0.12151E-005
    3593  0.12546E-005
    3594  0.12953E-005
    3595  0.13363E-005
    3596  0.13775E-005
    3597  0.14185E-005
    3598  0.14594E-005
    3599  0.15000E-005
    3600  0.15404E-005
    3601  0.15806E-005
    3602  0.16205E-005
    3603  0.16601E-005
    3604  0.16995E-005
    3605  0.17387E-005
    3606  0.17776E-005
    3607  0.18163E-005
    3608  0.18549E-005
    3609  0.18933E-005
    3610  0.10033E-005
    3611  0.10562E-005
    3612  0.11295E-005
    3613  0.12114E-005
    3614  0.12954E-005
    3615  0.13791E-005
    3616  0.14618E-005
    3617  0.15435E-005
    3618  0.16241E-005
    3619  0.17038E-005
    3620  0.17825E-005
    3621  0.90320E-006
    3622  0.91794E-006
    3623  0.94152E-006
    3624  0.97198E-006
    3625  0.10076E-005
    3626  0.10468E-005
    3627  0.10880E-005
    3628  0.11304E-005
    3629  0.11732E-005
    3630  0.12162E-005
    3631  0.12589E-005
    3632  0.13016E-005
    3633  0.13439E-005
    3634  0.13859E-005
    3635  0.14277E-005
    3636  0.14692E-005
    3637  0.15104E-005
    3638  0.15514E-005
    3639  0.15921E-005
    3640  0.16326E-005
    3641  0.16728E-005
    3642  0.17128E-005
    3643  0.17526E-005
    3644  0.83569E-006
    3645  0.89084E-006
    3646  0.96717E-006
    3647  0.10525E-005
    3648  0.11399E-005
    3649  0.12270E-005
    3650  0.13129E-005
    3651  0.13978E-005
    3652  0.14815E-005
    3653  0.15641E-005
    3654  0.16458E-005
    3655  0.74140E-006
    3656  0.75674E-006
    3657  0.78128E-006
    3658  0.81297E-006
    3659  0.85001E-006
    3660  0.89077E-006
    3661  0.93358E-006
    3662  0.97770E-006
    3663  0.10222E-005
    3664  0.10668E-005
    3665  0.11112E-005
    3666  0.11554E-005
    3667  0.11993E-005
    3668  0.12429E-005
    3669  0.12863E-005
    3670  0.13293E-005
    3671  0.13720E-005
    3672  0.14144E-005
    3673  0.14566E-005
    3674  0.14985E-005
    3675  0.15401E-005
    3676  0.15815E-005
    3677  0.16227E-005
    3678  0.68122E-006
    3679  0.73848E-006
    3680  0.81771E-006
    3681  0.90620E-006
    3682  0.99687E-006
    3683  0.10870E-005
    3684  0.11761E-005
    3685  0.12638E-005
    3686  0.13504E-005
    3687  0.14358E-005
    3688  0.15201E-005
    3689  0.59335E-006
    3690  0.60925E-006
    3691  0.63468E-006
    3692  0.66751E-006
    3693  0.70589E-006
    3694  0.74810E-006
    3695  0.79243E-006
    3696  0.83809E-006
    3697  0.88410E-006
    3698  0.93028E-006
    3699  0.97621E-006
    3700  0.10219E-005
    3701  0.10673E-005
    3702  0.11124E-005
    3703  0.11571E-005
    3704  0.12015E-005
    3705  0.12456E-005
    3706  0.12894E-005
    3707  0.13329E-005
    3708  0.13761E-005
    3709  0.14190E-005
    3710  0.14617E-005
    3711  0.15041E-005
    3712  0.54096E-006
    3713  0.60018E-006
    3714  0.68207E-006
    3715  0.77350E-006
    3716  0.86713E-006
    3717  0.96019E-006
    3718  0.10520E-005
    3719  0.11425E-005
    3720  0.12317E-005
    3721  0.13196E-005
    3722  0.14064E-005
    3723  0.46007E-006
    3724  0.47648E-006
    3725  0.50272E-006
    3726  0.53660E-006
    3727  0.57619E-006
    3728  0.61973E-006
    3729  0.66544E-006
    3730  0.71252E-006
    3731  0.75994E-006
    3732  0.80752E-006
    3733  0.85484E-006
    3734  0.90193E-006
    3735  0.94865E-006
    3736  0.99505E-006
    3737  0.10411E-005
    3738  0.10868E-005
    3739  0.11322E-005
    3740  0.11772E-005
    3741  0.12219E-005
    3742  0.12663E-005
    3743  0.13104E-005
    3744  0.13543E-005
    3745  0.13980E-005
    3746  0.41591E-006
    3747  0.47689E-006
    3748  0.56119E-006
    3749  0.65526E-006
    3750  0.75156E-006
    3751  0.84724E-006
    3752  0.94158E-006
    3753  0.10345E-005
    3754  0.11261E-005
    3755  0.12163E-005
    3756  0.13054E-005
    3757  0.34249E-006
    3758  0.35936E-006
    3759  0.38633E-006
    3760  0.42114E-006
    3761  0.46182E-006
    3762  0.50655E-006
    3763  0.55349E-006
    3764  0.60183E-006
    3765  0.65051E-006
    3766  0.69934E-006
    3767  0.74790E-006
    3768  0.79621E-006
    3769  0.84413E-006
    3770  0.89170E-006
    3771  0.93890E-006
    3772  0.98575E-006
    3773  0.10322E-005
    3774  0.10784E-005
    3775  0.11242E-005
    3776  0.11697E-005
    3777  0.12148E-005
    3778  0.12597E-005
    3779  0.13043E-005
    3780  0.30694E-006
    3781  0.36947E-006
    3782  0.45590E-006
    3783  0.55231E-006
    3784  0.65095E-006
    3785  0.74892E-006
    3786  0.84548E-006
    3787  0.94056E-006
    3788  0.10342E-005
    3789  0.11264E-005
    3790  0.12174E-005
    3791  0.24148E-006
    3792  0.25874E-006
    3793  0.28634E-006
    3794  0.32197E-006
    3795  0.36358E-006
    3796  0.40934E-006
    3797  0.45735E-006
    3798  0.50678E-006
    3799  0.55655E-006
    3800  0.60647E-006
    3801  0.65610E-006
    3802  0.70546E-006
    3803  0.75441E-006
    3804  0.80301E-006
    3805  0.85120E-006
    3806  0.89903E-006
    3807  0.94648E-006
    3808  0.99357E-006
    3809  0.10403E-005
    3810  0.10867E-005
    3811  0.11328E-005
    3812  0.11785E-005
    3813  0.12241E-005
    3814  0.21485E-006
    3815  0.27871E-006
    3816  0.36695E-006
    3817  0.46534E-006
    3818  0.56598E-006
    3819  0.66590E-006
    3820  0.76435E-006
    3821  0.86124E-006
    3822  0.95661E-006
    3823  0.10505E-005
    3824  0.11431E-005
    3825  0.15776E-006
    3826  0.17535E-006
    3827  0.20349E-006
    3828  0.23979E-006
    3829  0.28219E-006
    3830  0.32881E-006
    3831  0.37771E-006
    3832  0.42805E-006
    3833  0.47873E-006
    3834  0.52956E-006
    3835  0.58008E-006
    3836  0.63032E-006
    3837  0.68013E-006
    3838  0.72957E-006
    3839  0.77860E-006
    3840  0.82724E-006
    3841  0.87549E-006
    3842  0.92336E-006
    3843  0.97087E-006
    3844  0.10180E-005
    3845  0.10648E-005
    3846  0.11113E-005
    3847  0.11575E-005
    3848  0.14032E-006
    3849  0.20527E-006
    3850  0.29498E-006
    3851  0.39499E-006
    3852  0.49726E-006
    3853  0.59877E-006
    3854  0.69875E-006
    3855  0.79711E-006
    3856  0.89390E-006
    3857  0.98919E-006
    3858  0.10831E-005
    3859  0.91970E-007
    3860  0.10982E-006
    3861  0.13838E-006
    3862  0.17521E-006
    3863  0.21824E-006
    3864  0.26554E-006
    3865  0.31515E-006
    3866  0.36622E-006
    3867  0.41761E-006
    3868  0.46915E-006
    3869  0.52038E-006
    3870  0.57131E-006
    3871  0.62181E-006
    3872  0.67192E-006
    3873  0.72161E-006
    3874  0.77089E-006
    3875  0.81977E-006
    3876  0.86827E-006
    3877  0.91639E-006
    3878  0.96413E-006
    3879  0.10115E-005
    3880  0.10586E-005
    3881  0.11054E-005
    3882  0.83922E-007
    3883  0.14969E-006
    3884  0.24053E-006
    3885  0.34178E-006
    3886  0.44529E-006
    3887  0.54800E-006
    3888  0.64914E-006
    3889  0.74863E-006
    3890  0.84651E-006
    3891  0.94285E-006
    3892  0.10378E-005
    3893  0.44614E-007
    3894  0.62659E-007
    3895  0.91513E-007
    3896  0.12874E-006
    3897  0.17222E-006
    3898  0.22001E-006
    3899  0.27013E-006
    3900  0.32172E-006
    3901  0.37364E-006
    3902  0.42570E-006
    3903  0.47743E-006
    3904  0.52887E-006
    3905  0.57986E-006
    3906  0.63045E-006
    3907  0.68062E-006
    3908  0.73037E-006
    3909  0.77971E-006
    3910  0.82865E-006
    3911  0.87721E-006
    3912  0.92538E-006
    3913  0.97316E-006
    3914  0.10206E-005
    3915  0.10677E-005
    3916  0.46082E-007
    3917  0.11240E-006
    3918  0.20401E-006
    3919  0.30608E-006
    3920  0.41043E-006
    3921  0.51395E-006
    3922  0.61589E-006
    3923  0.71614E-006
    3924  0.81474E-006
    3925  0.91177E-006
    3926  0.10073E-005
    3927  0.16057E-007
    3928  0.34216E-007
    3929  0.63253E-007
    3930  0.10071E-006
    3931  0.14447E-006
    3932  0.19256E-006
    3933  0.24299E-006
    3934  0.29489E-006
    3935  0.34713E-006
    3936  0.39950E-006
    3937  0.45154E-006
    3938  0.50329E-006
    3939  0.55458E-006
    3940  0.60547E-006
    3941  0.65592E-006
    3942  0.70596E-006
    3943  0.75558E-006
    3944  0.80479E-006
    3945  0.85362E-006
    3946  0.90206E-006
    3947  0.95010E-006
    3948  0.99781E-006
    3949  0.10453E-005
    3950  0.27091E-007
    3951  0.93694E-007
    3952  0.18568E-006
    3953  0.28817E-006
    3954  0.39294E-006
    3955  0.49688E-006
    3956  0.59921E-006
    3957  0.69984E-006
    3958  0.79883E-006
    3959  0.89622E-006
    3960  0.99215E-006
