       1  0.16110E-006
      20  0.92317E-007
      21  0.92377E-007
      22  0.92565E-007
      23  0.92881E-007
      24  0.93321E-007
      25  0.93883E-007
      26  0.94566E-007
      27  0.95368E-007
      28  0.96287E-007
      29  0.97317E-007
      30  0.98457E-007
      31  0.99702E-007
      32  0.10105E-006
      33  0.10249E-006
      34  0.10403E-006
      35  0.10566E-006
      36  0.10737E-006
      37  0.10916E-006
      38  0.11102E-006
      39  0.11295E-006
      40  0.11494E-006
      41  0.11699E-006
      42  0.11910E-006
      43  0.12125E-006
      44  0.12345E-006
      45  0.12569E-006
      46  0.12796E-006
      47  0.13026E-006
      48  0.13259E-006
      49  0.13493E-006
      50  0.13729E-006
      51  0.13967E-006
      52  0.14206E-006
      53  0.14445E-006
      54  0.14684E-006
      55  0.14923E-006
      56  0.15162E-006
      57  0.15401E-006
      58  0.15638E-006
      59  0.15875E-006
     641   0.0000     
     659  0.13828E-006
     660  0.15970E-009
     661  0.63645E-009
     662  0.14288E-008
     663  0.25307E-008
     664  0.39371E-008
     665  0.56384E-008
     666  0.76261E-008
     667  0.98878E-008
     668  0.12412E-007
     669  0.15184E-007
     670  0.18189E-007
     671  0.21411E-007
     672  0.24835E-007
     673  0.28442E-007
     674  0.32216E-007
     675  0.36138E-007
     676  0.40193E-007
     677  0.44361E-007
     678  0.48626E-007
     679  0.52971E-007
     680  0.57380E-007
     681  0.61838E-007
     682  0.66330E-007
     683  0.70841E-007
     684  0.75360E-007
     685  0.79874E-007
     686  0.84372E-007
     687  0.88844E-007
     688  0.93282E-007
     689  0.97677E-007
     690  0.10202E-006
     691  0.10631E-006
     692  0.11054E-006
     693  0.11471E-006
     694  0.11881E-006
     695  0.12284E-006
     696  0.12680E-006
     697  0.13070E-006
     698  0.13452E-006
    2274  0.89710E-007
    2275  0.87059E-007
    2276  0.84362E-007
    2277  0.81620E-007
    2278  0.78829E-007
    2279  0.75990E-007
    2280  0.73102E-007
    2281  0.70166E-007
    2282  0.67181E-007
    2283  0.64150E-007
    2284  0.61073E-007
    2285  0.57954E-007
    2286  0.54796E-007
    2287  0.51604E-007
    2288  0.48382E-007
    2289  0.45140E-007
    2290  0.41886E-007
    2291  0.38630E-007
    2292  0.35384E-007
    2293  0.32163E-007
    2294  0.28982E-007
    2295  0.25859E-007
    2296  0.22813E-007
    2297  0.19866E-007
    2298  0.17037E-007
    2299  0.14351E-007
    2300  0.11831E-007
    2301  0.94983E-008
    2302  0.73776E-008
    2303  0.54886E-008
    2304  0.38535E-008
    2305  0.24878E-008
    2306  0.14101E-008
    2307  0.62946E-009
    2308  0.15889E-009
    2309  0.13830E-006
    2310  0.13838E-006
    2311  0.13850E-006
    2312  0.13868E-006
    2313  0.13890E-006
    2314  0.13918E-006
    2315  0.13950E-006
    2316  0.13986E-006
    2317  0.14026E-006
    2318  0.14071E-006
    2319  0.14120E-006
    2320  0.14172E-006
    2321  0.14228E-006
    2322  0.14287E-006
    2323  0.14350E-006
    2324  0.14415E-006
    2325  0.14483E-006
    2326  0.14554E-006
    2327  0.14627E-006
    2328  0.14702E-006
    2329  0.14780E-006
    2330  0.14859E-006
    2331  0.14940E-006
    2332  0.15023E-006
    2333  0.15107E-006
    2334  0.15193E-006
    2335  0.15280E-006
    2336  0.15368E-006
    2337  0.15458E-006
    2338  0.15549E-006
    2339  0.15640E-006
    2340  0.15733E-006
    2341  0.15826E-006
    2342  0.15920E-006
    2343  0.16015E-006
    2344  0.13463E-006
    2345  0.13496E-006
    2346  0.13551E-006
    2347  0.13625E-006
    2348  0.13718E-006
    2349  0.13827E-006
    2350  0.13951E-006
    2351  0.14089E-006
    2352  0.14237E-006
    2353  0.14396E-006
    2354  0.14562E-006
    2355  0.14736E-006
    2356  0.14915E-006
    2357  0.15100E-006
    2358  0.15289E-006
    2359  0.15481E-006
    2360  0.15677E-006
    2361  0.13073E-006
    2362  0.13082E-006
    2363  0.13097E-006
    2364  0.13118E-006
    2365  0.13144E-006
    2366  0.13177E-006
    2367  0.13215E-006
    2368  0.13257E-006
    2369  0.13305E-006
    2370  0.13358E-006
    2371  0.13415E-006
    2372  0.13476E-006
    2373  0.13541E-006
    2374  0.13610E-006
    2375  0.13682E-006
    2376  0.13757E-006
    2377  0.13835E-006
    2378  0.13916E-006
    2379  0.13999E-006
    2380  0.14084E-006
    2381  0.14172E-006
    2382  0.14261E-006
    2383  0.14352E-006
    2384  0.14445E-006
    2385  0.14539E-006
    2386  0.14634E-006
    2387  0.14731E-006
    2388  0.14828E-006
    2389  0.14927E-006
    2390  0.15026E-006
    2391  0.15127E-006
    2392  0.15228E-006
    2393  0.15330E-006
    2394  0.15432E-006
    2395  0.15535E-006
    2396  0.12694E-006
    2397  0.12733E-006
    2398  0.12797E-006
    2399  0.12884E-006
    2400  0.12992E-006
    2401  0.13119E-006
    2402  0.13263E-006
    2403  0.13421E-006
    2404  0.13590E-006
    2405  0.13769E-006
    2406  0.13957E-006
    2407  0.14151E-006
    2408  0.14350E-006
    2409  0.14554E-006
    2410  0.14762E-006
    2411  0.14973E-006
    2412  0.15186E-006
    2413  0.12288E-006
    2414  0.12298E-006
    2415  0.12316E-006
    2416  0.12341E-006
    2417  0.12372E-006
    2418  0.12410E-006
    2419  0.12454E-006
    2420  0.12504E-006
    2421  0.12559E-006
    2422  0.12620E-006
    2423  0.12686E-006
    2424  0.12757E-006
    2425  0.12832E-006
    2426  0.12911E-006
    2427  0.12993E-006
    2428  0.13079E-006
    2429  0.13168E-006
    2430  0.13260E-006
    2431  0.13354E-006
    2432  0.13450E-006
    2433  0.13548E-006
    2434  0.13649E-006
    2435  0.13750E-006
    2436  0.13854E-006
    2437  0.13958E-006
    2438  0.14064E-006
    2439  0.14171E-006
    2440  0.14278E-006
    2441  0.14387E-006
    2442  0.14496E-006
    2443  0.14606E-006
    2444  0.14716E-006
    2445  0.14827E-006
    2446  0.14939E-006
    2447  0.15050E-006
    2448  0.11896E-006
    2449  0.11942E-006
    2450  0.12016E-006
    2451  0.12117E-006
    2452  0.12243E-006
    2453  0.12389E-006
    2454  0.12554E-006
    2455  0.12733E-006
    2456  0.12925E-006
    2457  0.13127E-006
    2458  0.13337E-006
    2459  0.13554E-006
    2460  0.13775E-006
    2461  0.14000E-006
    2462  0.14228E-006
    2463  0.14459E-006
    2464  0.14690E-006
    2465  0.11475E-006
    2466  0.11488E-006
    2467  0.11508E-006
    2468  0.11537E-006
    2469  0.11573E-006
    2470  0.11616E-006
    2471  0.11667E-006
    2472  0.11725E-006
    2473  0.11789E-006
    2474  0.11859E-006
    2475  0.11935E-006
    2476  0.12016E-006
    2477  0.12101E-006
    2478  0.12191E-006
    2479  0.12285E-006
    2480  0.12383E-006
    2481  0.12484E-006
    2482  0.12587E-006
    2483  0.12693E-006
    2484  0.12801E-006
    2485  0.12911E-006
    2486  0.13023E-006
    2487  0.13137E-006
    2488  0.13252E-006
    2489  0.13367E-006
    2490  0.13484E-006
    2491  0.13602E-006
    2492  0.13721E-006
    2493  0.13840E-006
    2494  0.13959E-006
    2495  0.14079E-006
    2496  0.14200E-006
    2497  0.14321E-006
    2498  0.14442E-006
    2499  0.14563E-006
    2500  0.11072E-006
    2501  0.11125E-006
    2502  0.11210E-006
    2503  0.11327E-006
    2504  0.11470E-006
    2505  0.11638E-006
    2506  0.11825E-006
    2507  0.12029E-006
    2508  0.12245E-006
    2509  0.12472E-006
    2510  0.12707E-006
    2511  0.12947E-006
    2512  0.13192E-006
    2513  0.13440E-006
    2514  0.13690E-006
    2515  0.13941E-006
    2516  0.14193E-006
    2517  0.10636E-006
    2518  0.10650E-006
    2519  0.10674E-006
    2520  0.10707E-006
    2521  0.10748E-006
    2522  0.10798E-006
    2523  0.10857E-006
    2524  0.10923E-006
    2525  0.10996E-006
    2526  0.11076E-006
    2527  0.11163E-006
    2528  0.11255E-006
    2529  0.11352E-006
    2530  0.11454E-006
    2531  0.11561E-006
    2532  0.11671E-006
    2533  0.11784E-006
    2534  0.11901E-006
    2535  0.12020E-006
    2536  0.12141E-006
    2537  0.12264E-006
    2538  0.12388E-006
    2539  0.12514E-006
    2540  0.12641E-006
    2541  0.12770E-006
    2542  0.12898E-006
    2543  0.13028E-006
    2544  0.13158E-006
    2545  0.13288E-006
    2546  0.13419E-006
    2547  0.13550E-006
    2548  0.13681E-006
    2549  0.13812E-006
    2550  0.13944E-006
    2551  0.14075E-006
    2552  0.10223E-006
    2553  0.10283E-006
    2554  0.10381E-006
    2555  0.10514E-006
    2556  0.10678E-006
    2557  0.10868E-006
    2558  0.11080E-006
    2559  0.11310E-006
    2560  0.11553E-006
    2561  0.11807E-006
    2562  0.12068E-006
    2563  0.12334E-006
    2564  0.12604E-006
    2565  0.12876E-006
    2566  0.13149E-006
    2567  0.13422E-006
    2568  0.13695E-006
    2569  0.97732E-007
    2570  0.97894E-007
    2571  0.98164E-007
    2572  0.98538E-007
    2573  0.99014E-007
    2574  0.99586E-007
    2575  0.10025E-006
    2576  0.10100E-006
    2577  0.10184E-006
    2578  0.10275E-006
    2579  0.10373E-006
    2580  0.10477E-006
    2581  0.10587E-006
    2582  0.10703E-006
    2583  0.10822E-006
    2584  0.10946E-006
    2585  0.11073E-006
    2586  0.11204E-006
    2587  0.11336E-006
    2588  0.11471E-006
    2589  0.11608E-006
    2590  0.11746E-006
    2591  0.11886E-006
    2592  0.12026E-006
    2593  0.12167E-006
    2594  0.12309E-006
    2595  0.12451E-006
    2596  0.12593E-006
    2597  0.12736E-006
    2598  0.12878E-006
    2599  0.13021E-006
    2600  0.13163E-006
    2601  0.13305E-006
    2602  0.13447E-006
    2603  0.13588E-006
    2604  0.93513E-007
    2605  0.94200E-007
    2606  0.95318E-007
    2607  0.96828E-007
    2608  0.98685E-007
    2609  0.10083E-006
    2610  0.10322E-006
    2611  0.10580E-006
    2612  0.10852E-006
    2613  0.11135E-006
    2614  0.11424E-006
    2615  0.11718E-006
    2616  0.12014E-006
    2617  0.12311E-006
    2618  0.12609E-006
    2619  0.12905E-006
    2620  0.13200E-006
    2621  0.88906E-007
    2622  0.89091E-007
    2623  0.89398E-007
    2624  0.89822E-007
    2625  0.90362E-007
    2626  0.91012E-007
    2627  0.91766E-007
    2628  0.92618E-007
    2629  0.93562E-007
    2630  0.94591E-007
    2631  0.95696E-007
    2632  0.96872E-007
    2633  0.98110E-007
    2634  0.99403E-007
    2635  0.10075E-006
    2636  0.10213E-006
    2637  0.10355E-006
    2638  0.10500E-006
    2639  0.10648E-006
    2640  0.10797E-006
    2641  0.10949E-006
    2642  0.11102E-006
    2643  0.11255E-006
    2644  0.11410E-006
    2645  0.11565E-006
    2646  0.11720E-006
    2647  0.11875E-006
    2648  0.12030E-006
    2649  0.12185E-006
    2650  0.12340E-006
    2651  0.12494E-006
    2652  0.12648E-006
    2653  0.12802E-006
    2654  0.12955E-006
    2655  0.13107E-006
    2656  0.84634E-007
    2657  0.85412E-007
    2658  0.86676E-007
    2659  0.88382E-007
    2660  0.90474E-007
    2661  0.92890E-007
    2662  0.95568E-007
    2663  0.98447E-007
    2664  0.10147E-006
    2665  0.10460E-006
    2666  0.10780E-006
    2667  0.11102E-006
    2668  0.11427E-006
    2669  0.11750E-006
    2670  0.12073E-006
    2671  0.12394E-006
    2672  0.12711E-006
    2673  0.79944E-007
    2674  0.80153E-007
    2675  0.80499E-007
    2676  0.80978E-007
    2677  0.81587E-007
    2678  0.82319E-007
    2679  0.83169E-007
    2680  0.84128E-007
    2681  0.85189E-007
    2682  0.86343E-007
    2683  0.87583E-007
    2684  0.88899E-007
    2685  0.90283E-007
    2686  0.91728E-007
    2687  0.93223E-007
    2688  0.94764E-007
    2689  0.96341E-007
    2690  0.97950E-007
    2691  0.99583E-007
    2692  0.10124E-006
    2693  0.10290E-006
    2694  0.10458E-006
    2695  0.10627E-006
    2696  0.10796E-006
    2697  0.10966E-006
    2698  0.11135E-006
    2699  0.11304E-006
    2700  0.11473E-006
    2701  0.11641E-006
    2702  0.11808E-006
    2703  0.11975E-006
    2704  0.12141E-006
    2705  0.12306E-006
    2706  0.12470E-006
    2707  0.12634E-006
    2708  0.75655E-007
    2709  0.76530E-007
    2710  0.77950E-007
    2711  0.79864E-007
    2712  0.82207E-007
    2713  0.84907E-007
    2714  0.87890E-007
    2715  0.91087E-007
    2716  0.94436E-007
    2717  0.97884E-007
    2718  0.10139E-006
    2719  0.10492E-006
    2720  0.10845E-006
    2721  0.11197E-006
    2722  0.11546E-006
    2723  0.11891E-006
    2724  0.12232E-006
    2725  0.70920E-007
    2726  0.71154E-007
    2727  0.71542E-007
    2728  0.72079E-007
    2729  0.72761E-007
    2730  0.73581E-007
    2731  0.74531E-007
    2732  0.75603E-007
    2733  0.76788E-007
    2734  0.78076E-007
    2735  0.79458E-007
    2736  0.80922E-007
    2737  0.82461E-007
    2738  0.84063E-007
    2739  0.85721E-007
    2740  0.87425E-007
    2741  0.89167E-007
    2742  0.90940E-007
    2743  0.92738E-007
    2744  0.94554E-007
    2745  0.96383E-007
    2746  0.98222E-007
    2747  0.10006E-006
    2748  0.10191E-006
    2749  0.10375E-006
    2750  0.10559E-006
    2751  0.10742E-006
    2752  0.10925E-006
    2753  0.11106E-006
    2754  0.11287E-006
    2755  0.11466E-006
    2756  0.11644E-006
    2757  0.11822E-006
    2758  0.11997E-006
    2759  0.12172E-006
    2760  0.66660E-007
    2761  0.67636E-007
    2762  0.69221E-007
    2763  0.71354E-007
    2764  0.73960E-007
    2765  0.76956E-007
    2766  0.80259E-007
    2767  0.83787E-007
    2768  0.87472E-007
    2769  0.91253E-007
    2770  0.95084E-007
    2771  0.98928E-007
    2772  0.10276E-006
    2773  0.10656E-006
    2774  0.11031E-006
    2775  0.11402E-006
    2776  0.11766E-006
    2777  0.61926E-007
    2778  0.62186E-007
    2779  0.62618E-007
    2780  0.63215E-007
    2781  0.63974E-007
    2782  0.64885E-007
    2783  0.65941E-007
    2784  0.67130E-007
    2785  0.68445E-007
    2786  0.69872E-007
    2787  0.71401E-007
    2788  0.73020E-007
    2789  0.74719E-007
    2790  0.76486E-007
    2791  0.78311E-007
    2792  0.80184E-007
    2793  0.82097E-007
    2794  0.84040E-007
    2795  0.86007E-007
    2796  0.87991E-007
    2797  0.89986E-007
    2798  0.91987E-007
    2799  0.93989E-007
    2800  0.95989E-007
    2801  0.97983E-007
    2802  0.99970E-007
    2803  0.10195E-006
    2804  0.10391E-006
    2805  0.10586E-006
    2806  0.10780E-006
    2807  0.10972E-006
    2808  0.11163E-006
    2809  0.11352E-006
    2810  0.11540E-006
    2811  0.11726E-006
    2812  0.57746E-007
    2813  0.58829E-007
    2814  0.60584E-007
    2815  0.62944E-007
    2816  0.65822E-007
    2817  0.69125E-007
    2818  0.72756E-007
    2819  0.76626E-007
    2820  0.80655E-007
    2821  0.84776E-007
    2822  0.88937E-007
    2823  0.93099E-007
    2824  0.97231E-007
    2825  0.10132E-006
    2826  0.10534E-006
    2827  0.10930E-006
    2828  0.11318E-006
    2829  0.53068E-007
    2830  0.53355E-007
    2831  0.53832E-007
    2832  0.54492E-007
    2833  0.55329E-007
    2834  0.56334E-007
    2835  0.57498E-007
    2836  0.58809E-007
    2837  0.60255E-007
    2838  0.61825E-007
    2839  0.63505E-007
    2840  0.65282E-007
    2841  0.67145E-007
    2842  0.69080E-007
    2843  0.71076E-007
    2844  0.73122E-007
    2845  0.75208E-007
    2846  0.77325E-007
    2847  0.79463E-007
    2848  0.81618E-007
    2849  0.83780E-007
    2850  0.85945E-007
    2851  0.88108E-007
    2852  0.90265E-007
    2853  0.92413E-007
    2854  0.94549E-007
    2855  0.96671E-007
    2856  0.98777E-007
    2857  0.10086E-006
    2858  0.10294E-006
    2859  0.10499E-006
    2860  0.10702E-006
    2861  0.10903E-006
    2862  0.11102E-006
    2863  0.11299E-006
    2864  0.49028E-007
    2865  0.50219E-007
    2866  0.52148E-007
    2867  0.54738E-007
    2868  0.57893E-007
    2869  0.61506E-007
    2870  0.65471E-007
    2871  0.69685E-007
    2872  0.74062E-007
    2873  0.78525E-007
    2874  0.83018E-007
    2875  0.87497E-007
    2876  0.91932E-007
    2877  0.96301E-007
    2878  0.10059E-006
    2879  0.10480E-006
    2880  0.10892E-006
    2881  0.44467E-007
    2882  0.44782E-007
    2883  0.45304E-007
    2884  0.46027E-007
    2885  0.46943E-007
    2886  0.48043E-007
    2887  0.49315E-007
    2888  0.50748E-007
    2889  0.52328E-007
    2890  0.54041E-007
    2891  0.55873E-007
    2892  0.57809E-007
    2893  0.59836E-007
    2894  0.61940E-007
    2895  0.64107E-007
    2896  0.66327E-007
    2897  0.68586E-007
    2898  0.70875E-007
    2899  0.73186E-007
    2900  0.75509E-007
    2901  0.77838E-007
    2902  0.80167E-007
    2903  0.82490E-007
    2904  0.84803E-007
    2905  0.87103E-007
    2906  0.89386E-007
    2907  0.91651E-007
    2908  0.93895E-007
    2909  0.96118E-007
    2910  0.98318E-007
    2911  0.10049E-006
    2912  0.10265E-006
    2913  0.10478E-006
    2914  0.10688E-006
    2915  0.10896E-006
    2916  0.40632E-007
    2917  0.41931E-007
    2918  0.44033E-007
    2919  0.46853E-007
    2920  0.50283E-007
    2921  0.54205E-007
    2922  0.58501E-007
    2923  0.63058E-007
    2924  0.67778E-007
    2925  0.72579E-007
    2926  0.77400E-007
    2927  0.82191E-007
    2928  0.86921E-007
    2929  0.91568E-007
    2930  0.96119E-007
    2931  0.10057E-006
    2932  0.10491E-006
    2933  0.36254E-007
    2934  0.36596E-007
    2935  0.37163E-007
    2936  0.37947E-007
    2937  0.38942E-007
    2938  0.40135E-007
    2939  0.41515E-007
    2940  0.43068E-007
    2941  0.44780E-007
    2942  0.46634E-007
    2943  0.48615E-007
    2944  0.50708E-007
    2945  0.52897E-007
    2946  0.55166E-007
    2947  0.57502E-007
    2948  0.59891E-007
    2949  0.62320E-007
    2950  0.64779E-007
    2951  0.67257E-007
    2952  0.69746E-007
    2953  0.72238E-007
    2954  0.74726E-007
    2955  0.77204E-007
    2956  0.79669E-007
    2957  0.82116E-007
    2958  0.84543E-007
    2959  0.86946E-007
    2960  0.89325E-007
    2961  0.91677E-007
    2962  0.94002E-007
    2963  0.96300E-007
    2964  0.98569E-007
    2965  0.10081E-006
    2966  0.10302E-006
    2967  0.10521E-006
    2968  0.32691E-007
    2969  0.34095E-007
    2970  0.36366E-007
    2971  0.39410E-007
    2972  0.43109E-007
    2973  0.47332E-007
    2974  0.51950E-007
    2975  0.56838E-007
    2976  0.61891E-007
    2977  0.67020E-007
    2978  0.72155E-007
    2979  0.77247E-007
    2980  0.82261E-007
    2981  0.87174E-007
    2982  0.91974E-007
    2983  0.96655E-007
    2984  0.10122E-006
    2985  0.28566E-007
    2986  0.28934E-007
    2987  0.29545E-007
    2988  0.30389E-007
    2989  0.31459E-007
    2990  0.32742E-007
    2991  0.34226E-007
    2992  0.35894E-007
    2993  0.37732E-007
    2994  0.39723E-007
    2995  0.41848E-007
    2996  0.44091E-007
    2997  0.46435E-007
    2998  0.48863E-007
    2999  0.51360E-007
    3000  0.53912E-007
    3001  0.56504E-007
    3002  0.59125E-007
    3003  0.61763E-007
    3004  0.64411E-007
    3005  0.67057E-007
    3006  0.69697E-007
    3007  0.72324E-007
    3008  0.74933E-007
    3009  0.77520E-007
    3010  0.80082E-007
    3011  0.82617E-007
    3012  0.85122E-007
    3013  0.87597E-007
    3014  0.90041E-007
    3015  0.92452E-007
    3016  0.94832E-007
    3017  0.97179E-007
    3018  0.99495E-007
    3019  0.10178E-006
    3020  0.25344E-007
    3021  0.26848E-007
    3022  0.29280E-007
    3023  0.32537E-007
    3024  0.36491E-007
    3025  0.40999E-007
    3026  0.45921E-007
    3027  0.51124E-007
    3028  0.56492E-007
    3029  0.61929E-007
    3030  0.67361E-007
    3031  0.72735E-007
    3032  0.78015E-007
    3033  0.83177E-007
    3034  0.88209E-007
    3035  0.93105E-007
    3036  0.97866E-007
    3037  0.21544E-007
    3038  0.21936E-007
    3039  0.22588E-007
    3040  0.23488E-007
    3041  0.24628E-007
    3042  0.25996E-007
    3043  0.27576E-007
    3044  0.29353E-007
    3045  0.31310E-007
    3046  0.33427E-007
    3047  0.35687E-007
    3048  0.38070E-007
    3049  0.40559E-007
    3050  0.43136E-007
    3051  0.45783E-007
    3052  0.48487E-007
    3053  0.51230E-007
    3054  0.54002E-007
    3055  0.56789E-007
    3056  0.59584E-007
    3057  0.62374E-007
    3058  0.65155E-007
    3059  0.67919E-007
    3060  0.70662E-007
    3061  0.73378E-007
    3062  0.76066E-007
    3063  0.78721E-007
    3064  0.81344E-007
    3065  0.83932E-007
    3066  0.86484E-007
    3067  0.89001E-007
    3068  0.91481E-007
    3069  0.93926E-007
    3070  0.96335E-007
    3071  0.98710E-007
    3072  0.18729E-007
    3073  0.20325E-007
    3074  0.22906E-007
    3075  0.26359E-007
    3076  0.30547E-007
    3077  0.35318E-007
    3078  0.40521E-007
    3079  0.46011E-007
    3080  0.51667E-007
    3081  0.57386E-007
    3082  0.63089E-007
    3083  0.68721E-007
    3084  0.74243E-007
    3085  0.79631E-007
    3086  0.84873E-007
    3087  0.89965E-007
    3088  0.94907E-007
    3089  0.15324E-007
    3090  0.15738E-007
    3091  0.16427E-007
    3092  0.17377E-007
    3093  0.18582E-007
    3094  0.20025E-007
    3095  0.21694E-007
    3096  0.23568E-007
    3097  0.25632E-007
    3098  0.27864E-007
    3099  0.30245E-007
    3100  0.32756E-007
    3101  0.35375E-007
    3102  0.38086E-007
    3103  0.40869E-007
    3104  0.43709E-007
    3105  0.46589E-007
    3106  0.49496E-007
    3107  0.52418E-007
    3108  0.55344E-007
    3109  0.58264E-007
    3110  0.61171E-007
    3111  0.64058E-007
    3112  0.66921E-007
    3113  0.69753E-007
    3114  0.72552E-007
    3115  0.75316E-007
    3116  0.78043E-007
    3117  0.80732E-007
    3118  0.83381E-007
    3119  0.85991E-007
    3120  0.88561E-007
    3121  0.91093E-007
    3122  0.93585E-007
    3123  0.96040E-007
    3124  0.12980E-007
    3125  0.14658E-007
    3126  0.17369E-007
    3127  0.20996E-007
    3128  0.25392E-007
    3129  0.30396E-007
    3130  0.35845E-007
    3131  0.41591E-007
    3132  0.47500E-007
    3133  0.53468E-007
    3134  0.59410E-007
    3135  0.65268E-007
    3136  0.71001E-007
    3137  0.76588E-007
    3138  0.82014E-007
    3139  0.87276E-007
    3140  0.92375E-007
    3141  0.10034E-007
    3142  0.10468E-007
    3143  0.11188E-007
    3144  0.12182E-007
    3145  0.13443E-007
    3146  0.14952E-007
    3147  0.16696E-007
    3148  0.18656E-007
    3149  0.20812E-007
    3150  0.23143E-007
    3151  0.25629E-007
    3152  0.28249E-007
    3153  0.30982E-007
    3154  0.33808E-007
    3155  0.36708E-007
    3156  0.39666E-007
    3157  0.42663E-007
    3158  0.45688E-007
    3159  0.48725E-007
    3160  0.51764E-007
    3161  0.54796E-007
    3162  0.57812E-007
    3163  0.60804E-007
    3164  0.63769E-007
    3165  0.66700E-007
    3166  0.69596E-007
    3167  0.72453E-007
    3168  0.75269E-007
    3169  0.78044E-007
    3170  0.80776E-007
    3171  0.83465E-007
    3172  0.86113E-007
    3173  0.88717E-007
    3174  0.91281E-007
    3175  0.93803E-007
    3176  0.82177E-008
    3177  0.99645E-008
    3178  0.12786E-007
    3179  0.16559E-007
    3180  0.21130E-007
    3181  0.26328E-007
    3182  0.31986E-007
    3183  0.37944E-007
    3184  0.44067E-007
    3185  0.50242E-007
    3186  0.56384E-007
    3187  0.62431E-007
    3188  0.68342E-007
    3189  0.74093E-007
    3190  0.79672E-007
    3191  0.85076E-007
    3192  0.90306E-007
    3193  0.57902E-008
    3194  0.62398E-008
    3195  0.69856E-008
    3196  0.80154E-008
    3197  0.93206E-008
    3198  0.10883E-007
    3199  0.12690E-007
    3200  0.14718E-007
    3201  0.16949E-007
    3202  0.19361E-007
    3203  0.21933E-007
    3204  0.24642E-007
    3205  0.27466E-007
    3206  0.30386E-007
    3207  0.33381E-007
    3208  0.36434E-007
    3209  0.39527E-007
    3210  0.42646E-007
    3211  0.45777E-007
    3212  0.48908E-007
    3213  0.52029E-007
    3214  0.55133E-007
    3215  0.58211E-007
    3216  0.61259E-007
    3217  0.64271E-007
    3218  0.67244E-007
    3219  0.70175E-007
    3220  0.73064E-007
    3221  0.75908E-007
    3222  0.78707E-007
    3223  0.81461E-007
    3224  0.84169E-007
    3225  0.86834E-007
    3226  0.89454E-007
    3227  0.92031E-007
    3228  0.45469E-008
    3229  0.63473E-008
    3230  0.92552E-008
    3231  0.13142E-007
    3232  0.17849E-007
    3233  0.23199E-007
    3234  0.29018E-007
    3235  0.35143E-007
    3236  0.41432E-007
    3237  0.47769E-007
    3238  0.54065E-007
    3239  0.60259E-007
    3240  0.66307E-007
    3241  0.72186E-007
    3242  0.77884E-007
    3243  0.83397E-007
    3244  0.88728E-007
    3245  0.26864E-008
    3246  0.31475E-008
    3247  0.39125E-008
    3248  0.49686E-008
    3249  0.63070E-008
    3250  0.79096E-008
    3251  0.97612E-008
    3252  0.11840E-007
    3253  0.14127E-007
    3254  0.16599E-007
    3255  0.19233E-007
    3256  0.22008E-007
    3257  0.24900E-007
    3258  0.27889E-007
    3259  0.30954E-007
    3260  0.34078E-007
    3261  0.37241E-007
    3262  0.40430E-007
    3263  0.43629E-007
    3264  0.46829E-007
    3265  0.50016E-007
    3266  0.53185E-007
    3267  0.56325E-007
    3268  0.59434E-007
    3269  0.62505E-007
    3270  0.65535E-007
    3271  0.68521E-007
    3272  0.71463E-007
    3273  0.74357E-007
    3274  0.77205E-007
    3275  0.80006E-007
    3276  0.82760E-007
    3277  0.85467E-007
    3278  0.88130E-007
    3279  0.90748E-007
    3280  0.20511E-008
    3281  0.38884E-008
    3282  0.68553E-008
    3283  0.10820E-007
    3284  0.15620E-007
    3285  0.21075E-007
    3286  0.27005E-007
    3287  0.33243E-007
    3288  0.39645E-007
    3289  0.46093E-007
    3290  0.52495E-007
    3291  0.58789E-007
    3292  0.64931E-007
    3293  0.70897E-007
    3294  0.76675E-007
    3295  0.82263E-007
    3296  0.87662E-007
    3297  0.79454E-009
    3298  0.12627E-008
    3299  0.20394E-008
    3300  0.31117E-008
    3301  0.44705E-008
    3302  0.60973E-008
    3303  0.79769E-008
    3304  0.10087E-007
    3305  0.12408E-007
    3306  0.14916E-007
    3307  0.17589E-007
    3308  0.20404E-007
    3309  0.23338E-007
    3310  0.26370E-007
    3311  0.29477E-007
    3312  0.32644E-007
    3313  0.35850E-007
    3314  0.39082E-007
    3315  0.42324E-007
    3316  0.45565E-007
    3317  0.48793E-007
    3318  0.52001E-007
    3319  0.55180E-007
    3320  0.58326E-007
    3321  0.61433E-007
    3322  0.64498E-007
    3323  0.67517E-007
    3324  0.70491E-007
    3325  0.73417E-007
    3326  0.76295E-007
    3327  0.79124E-007
    3328  0.81906E-007
    3329  0.84640E-007
    3330  0.87327E-007
    3331  0.89969E-007
    3332  0.78835E-009
    3333  0.26444E-008
    3334  0.56413E-008
    3335  0.96461E-008
    3336  0.14493E-007
    3337  0.20001E-007
    3338  0.25987E-007
    3339  0.32284E-007
    3340  0.38743E-007
    3341  0.45247E-007
    3342  0.51703E-007
    3343  0.58047E-007
    3344  0.64237E-007
    3345  0.70247E-007
    3346  0.76066E-007
    3347  0.81691E-007
    3348  0.87126E-007
