       1  0.23031E-006
      14  0.36185E-007
      15  0.36238E-007
      16  0.36438E-007
      17  0.36750E-007
      18  0.37189E-007
      19  0.37759E-007
      20  0.38453E-007
      21  0.39257E-007
      22  0.40189E-007
      23  0.41244E-007
      24  0.42424E-007
      25  0.43708E-007
      26  0.45103E-007
      27  0.46616E-007
      28  0.48240E-007
      29  0.49960E-007
      30  0.51788E-007
      31  0.53724E-007
      32  0.55765E-007
      33  0.57893E-007
      34  0.60113E-007
      35  0.62426E-007
      36  0.64832E-007
      37  0.67314E-007
      38  0.69877E-007
      39  0.72521E-007
      40  0.75245E-007
      41  0.78032E-007
      42  0.80887E-007
      43  0.83809E-007
      44  0.86794E-007
      45  0.89830E-007
      46  0.92921E-007
      47  0.96063E-007
      48  0.99256E-007
      49  0.10249E-006
      50  0.10576E-006
      51  0.10906E-006
      52  0.11241E-006
      53  0.11578E-006
      54  0.11919E-006
      55  0.12261E-006
      56  0.12607E-006
      57  0.12954E-006
      58  0.13302E-006
      59  0.13653E-006
      60  0.14004E-006
      61  0.14357E-006
      62  0.14710E-006
      63  0.15064E-006
      64  0.15418E-006
      65  0.15772E-006
      66  0.16126E-006
      67  0.16480E-006
      68  0.16835E-006
      69  0.17188E-006
      70  0.17541E-006
      71  0.17893E-006
      72  0.18245E-006
      73  0.18595E-006
      74  0.18945E-006
      75  0.19293E-006
      76  0.19641E-006
      77  0.19987E-006
      78  0.20331E-006
      79  0.20675E-006
      80  0.21016E-006
      81  0.21357E-006
      82  0.21695E-006
      83  0.22032E-006
      84  0.22367E-006
      85  0.22700E-006
     807   0.0000     
     819  0.22736E-006
     820  0.80248E-010
     821  0.32060E-009
     822  0.72089E-009
     823  0.12801E-008
     824  0.19976E-008
     825  0.28715E-008
     826  0.39007E-008
     827  0.50829E-008
     828  0.64161E-008
     829  0.78977E-008
     830  0.95252E-008
     831  0.11295E-007
     832  0.13205E-007
     833  0.15252E-007
     834  0.17431E-007
     835  0.19738E-007
     836  0.22171E-007
     837  0.24725E-007
     838  0.27395E-007
     839  0.30178E-007
     840  0.33067E-007
     841  0.36060E-007
     842  0.39151E-007
     843  0.42335E-007
     844  0.45608E-007
     845  0.48964E-007
     846  0.52400E-007
     847  0.55909E-007
     848  0.59488E-007
     849  0.63131E-007
     850  0.66834E-007
     851  0.70592E-007
     852  0.74399E-007
     853  0.78253E-007
     854  0.82147E-007
     855  0.86078E-007
     856  0.90041E-007
     857  0.94032E-007
     858  0.98048E-007
     859  0.10208E-006
     860  0.10614E-006
     861  0.11020E-006
     862  0.11428E-006
     863  0.11836E-006
     864  0.12244E-006
     865  0.12653E-006
     866  0.13061E-006
     867  0.13468E-006
     868  0.13875E-006
     869  0.14281E-006
     870  0.14686E-006
     871  0.15089E-006
     872  0.15491E-006
     873  0.15891E-006
     874  0.16289E-006
     875  0.16685E-006
     876  0.17079E-006
     877  0.17470E-006
     878  0.17860E-006
     879  0.18247E-006
     880  0.18632E-006
     881  0.19014E-006
     882  0.19394E-006
     883  0.19772E-006
     884  0.20147E-006
     885  0.20521E-006
     886  0.20892E-006
     887  0.21262E-006
     888  0.21630E-006
     889  0.21997E-006
     890  0.22365E-006
    2714  0.34599E-007
    2715  0.33002E-007
    2716  0.31400E-007
    2717  0.29786E-007
    2718  0.28159E-007
    2719  0.26521E-007
    2720  0.24869E-007
    2721  0.23206E-007
    2722  0.21529E-007
    2723  0.19840E-007
    2724  0.18137E-007
    2725  0.16422E-007
    2726  0.14693E-007
    2727  0.12956E-007
    2728  0.11209E-007
    2729  0.94691E-008
    2730  0.77414E-008
    2731  0.60645E-008
    2732  0.44678E-008
    2733  0.30167E-008
    2734  0.17759E-008
    2735  0.81519E-009
    2736  0.21473E-009
    2737  0.22737E-006
    2738  0.22740E-006
    2739  0.22744E-006
    2740  0.22751E-006
    2741  0.22759E-006
    2742  0.22768E-006
    2743  0.22778E-006
    2744  0.22788E-006
    2745  0.22800E-006
    2746  0.22812E-006
    2747  0.22824E-006
    2748  0.22837E-006
    2749  0.22851E-006
    2750  0.22865E-006
    2751  0.22880E-006
    2752  0.22895E-006
    2753  0.22910E-006
    2754  0.22926E-006
    2755  0.22943E-006
    2756  0.22960E-006
    2757  0.22977E-006
    2758  0.22995E-006
    2759  0.23013E-006
    2760  0.22371E-006
    2761  0.22386E-006
    2762  0.22407E-006
    2763  0.22432E-006
    2764  0.22460E-006
    2765  0.22489E-006
    2766  0.22520E-006
    2767  0.22553E-006
    2768  0.22587E-006
    2769  0.22623E-006
    2770  0.22661E-006
    2771  0.21999E-006
    2772  0.22004E-006
    2773  0.22011E-006
    2774  0.22021E-006
    2775  0.22033E-006
    2776  0.22046E-006
    2777  0.22060E-006
    2778  0.22075E-006
    2779  0.22090E-006
    2780  0.22106E-006
    2781  0.22122E-006
    2782  0.22139E-006
    2783  0.22156E-006
    2784  0.22173E-006
    2785  0.22191E-006
    2786  0.22209E-006
    2787  0.22227E-006
    2788  0.22246E-006
    2789  0.22265E-006
    2790  0.22285E-006
    2791  0.22305E-006
    2792  0.22325E-006
    2793  0.22346E-006
    2794  0.21637E-006
    2795  0.21656E-006
    2796  0.21684E-006
    2797  0.21716E-006
    2798  0.21750E-006
    2799  0.21786E-006
    2800  0.21823E-006
    2801  0.21862E-006
    2802  0.21903E-006
    2803  0.21944E-006
    2804  0.21987E-006
    2805  0.21264E-006
    2806  0.21269E-006
    2807  0.21278E-006
    2808  0.21290E-006
    2809  0.21305E-006
    2810  0.21321E-006
    2811  0.21338E-006
    2812  0.21355E-006
    2813  0.21374E-006
    2814  0.21393E-006
    2815  0.21412E-006
    2816  0.21432E-006
    2817  0.21452E-006
    2818  0.21472E-006
    2819  0.21493E-006
    2820  0.21514E-006
    2821  0.21535E-006
    2822  0.21557E-006
    2823  0.21579E-006
    2824  0.21602E-006
    2825  0.21625E-006
    2826  0.21648E-006
    2827  0.21671E-006
    2828  0.20900E-006
    2829  0.20923E-006
    2830  0.20956E-006
    2831  0.20993E-006
    2832  0.21034E-006
    2833  0.21076E-006
    2834  0.21119E-006
    2835  0.21164E-006
    2836  0.21210E-006
    2837  0.21257E-006
    2838  0.21306E-006
    2839  0.20523E-006
    2840  0.20530E-006
    2841  0.20540E-006
    2842  0.20554E-006
    2843  0.20571E-006
    2844  0.20589E-006
    2845  0.20609E-006
    2846  0.20629E-006
    2847  0.20651E-006
    2848  0.20673E-006
    2849  0.20695E-006
    2850  0.20718E-006
    2851  0.20741E-006
    2852  0.20764E-006
    2853  0.20788E-006
    2854  0.20812E-006
    2855  0.20836E-006
    2856  0.20861E-006
    2857  0.20886E-006
    2858  0.20911E-006
    2859  0.20937E-006
    2860  0.20963E-006
    2861  0.20990E-006
    2862  0.20157E-006
    2863  0.20183E-006
    2864  0.20221E-006
    2865  0.20264E-006
    2866  0.20310E-006
    2867  0.20358E-006
    2868  0.20407E-006
    2869  0.20458E-006
    2870  0.20510E-006
    2871  0.20564E-006
    2872  0.20618E-006
    2873  0.19775E-006
    2874  0.19782E-006
    2875  0.19794E-006
    2876  0.19810E-006
    2877  0.19829E-006
    2878  0.19850E-006
    2879  0.19873E-006
    2880  0.19896E-006
    2881  0.19920E-006
    2882  0.19945E-006
    2883  0.19971E-006
    2884  0.19996E-006
    2885  0.20022E-006
    2886  0.20049E-006
    2887  0.20075E-006
    2888  0.20103E-006
    2889  0.20130E-006
    2890  0.20158E-006
    2891  0.20186E-006
    2892  0.20214E-006
    2893  0.20243E-006
    2894  0.20272E-006
    2895  0.20302E-006
    2896  0.19405E-006
    2897  0.19435E-006
    2898  0.19478E-006
    2899  0.19527E-006
    2900  0.19579E-006
    2901  0.19633E-006
    2902  0.19688E-006
    2903  0.19745E-006
    2904  0.19804E-006
    2905  0.19863E-006
    2906  0.19924E-006
    2907  0.19017E-006
    2908  0.19026E-006
    2909  0.19040E-006
    2910  0.19058E-006
    2911  0.19079E-006
    2912  0.19103E-006
    2913  0.19128E-006
    2914  0.19155E-006
    2915  0.19182E-006
    2916  0.19210E-006
    2917  0.19239E-006
    2918  0.19268E-006
    2919  0.19297E-006
    2920  0.19326E-006
    2921  0.19356E-006
    2922  0.19387E-006
    2923  0.19417E-006
    2924  0.19448E-006
    2925  0.19479E-006
    2926  0.19511E-006
    2927  0.19543E-006
    2928  0.19575E-006
    2929  0.19608E-006
    2930  0.18644E-006
    2931  0.18678E-006
    2932  0.18726E-006
    2933  0.18781E-006
    2934  0.18840E-006
    2935  0.18901E-006
    2936  0.18963E-006
    2937  0.19026E-006
    2938  0.19091E-006
    2939  0.19157E-006
    2940  0.19225E-006
    2941  0.18250E-006
    2942  0.18260E-006
    2943  0.18276E-006
    2944  0.18296E-006
    2945  0.18320E-006
    2946  0.18347E-006
    2947  0.18376E-006
    2948  0.18406E-006
    2949  0.18436E-006
    2950  0.18468E-006
    2951  0.18499E-006
    2952  0.18532E-006
    2953  0.18564E-006
    2954  0.18597E-006
    2955  0.18631E-006
    2956  0.18664E-006
    2957  0.18698E-006
    2958  0.18732E-006
    2959  0.18767E-006
    2960  0.18802E-006
    2961  0.18837E-006
    2962  0.18873E-006
    2963  0.18909E-006
    2964  0.17874E-006
    2965  0.17912E-006
    2966  0.17966E-006
    2967  0.18028E-006
    2968  0.18094E-006
    2969  0.18161E-006
    2970  0.18230E-006
    2971  0.18301E-006
    2972  0.18372E-006
    2973  0.18445E-006
    2974  0.18520E-006
    2975  0.17474E-006
    2976  0.17485E-006
    2977  0.17503E-006
    2978  0.17526E-006
    2979  0.17553E-006
    2980  0.17583E-006
    2981  0.17615E-006
    2982  0.17648E-006
    2983  0.17683E-006
    2984  0.17718E-006
    2985  0.17753E-006
    2986  0.17789E-006
    2987  0.17825E-006
    2988  0.17862E-006
    2989  0.17899E-006
    2990  0.17936E-006
    2991  0.17973E-006
    2992  0.18011E-006
    2993  0.18049E-006
    2994  0.18088E-006
    2995  0.18127E-006
    2996  0.18166E-006
    2997  0.18205E-006
    2998  0.17094E-006
    2999  0.17137E-006
    3000  0.17198E-006
    3001  0.17267E-006
    3002  0.17340E-006
    3003  0.17415E-006
    3004  0.17492E-006
    3005  0.17570E-006
    3006  0.17649E-006
    3007  0.17729E-006
    3008  0.17810E-006
    3009  0.16689E-006
    3010  0.16701E-006
    3011  0.16721E-006
    3012  0.16747E-006
    3013  0.16777E-006
    3014  0.16810E-006
    3015  0.16846E-006
    3016  0.16884E-006
    3017  0.16922E-006
    3018  0.16961E-006
    3019  0.17000E-006
    3020  0.17040E-006
    3021  0.17080E-006
    3022  0.17120E-006
    3023  0.17161E-006
    3024  0.17202E-006
    3025  0.17243E-006
    3026  0.17285E-006
    3027  0.17327E-006
    3028  0.17369E-006
    3029  0.17412E-006
    3030  0.17454E-006
    3031  0.17497E-006
    3032  0.16306E-006
    3033  0.16354E-006
    3034  0.16421E-006
    3035  0.16499E-006
    3036  0.16580E-006
    3037  0.16663E-006
    3038  0.16748E-006
    3039  0.16834E-006
    3040  0.16920E-006
    3041  0.17009E-006
    3042  0.17098E-006
    3043  0.15895E-006
    3044  0.15909E-006
    3045  0.15931E-006
    3046  0.15960E-006
    3047  0.15993E-006
    3048  0.16031E-006
    3049  0.16071E-006
    3050  0.16112E-006
    3051  0.16154E-006
    3052  0.16197E-006
    3053  0.16241E-006
    3054  0.16285E-006
    3055  0.16329E-006
    3056  0.16374E-006
    3057  0.16419E-006
    3058  0.16464E-006
    3059  0.16509E-006
    3060  0.16555E-006
    3061  0.16601E-006
    3062  0.16647E-006
    3063  0.16694E-006
    3064  0.16740E-006
    3065  0.16787E-006
    3066  0.15510E-006
    3067  0.15564E-006
    3068  0.15638E-006
    3069  0.15724E-006
    3070  0.15814E-006
    3071  0.15906E-006
    3072  0.15999E-006
    3073  0.16093E-006
    3074  0.16189E-006
    3075  0.16285E-006
    3076  0.16382E-006
    3077  0.15094E-006
    3078  0.15110E-006
    3079  0.15134E-006
    3080  0.15166E-006
    3081  0.15203E-006
    3082  0.15245E-006
    3083  0.15289E-006
    3084  0.15335E-006
    3085  0.15381E-006
    3086  0.15429E-006
    3087  0.15477E-006
    3088  0.15526E-006
    3089  0.15574E-006
    3090  0.15623E-006
    3091  0.15672E-006
    3092  0.15722E-006
    3093  0.15772E-006
    3094  0.15822E-006
    3095  0.15872E-006
    3096  0.15922E-006
    3097  0.15973E-006
    3098  0.16024E-006
    3099  0.16075E-006
    3100  0.14708E-006
    3101  0.14767E-006
    3102  0.14850E-006
    3103  0.14944E-006
    3104  0.15043E-006
    3105  0.15144E-006
    3106  0.15247E-006
    3107  0.15350E-006
    3108  0.15454E-006
    3109  0.15559E-006
    3110  0.15665E-006
    3111  0.14287E-006
    3112  0.14304E-006
    3113  0.14331E-006
    3114  0.14366E-006
    3115  0.14408E-006
    3116  0.14453E-006
    3117  0.14502E-006
    3118  0.14553E-006
    3119  0.14604E-006
    3120  0.14657E-006
    3121  0.14709E-006
    3122  0.14763E-006
    3123  0.14816E-006
    3124  0.14870E-006
    3125  0.14924E-006
    3126  0.14978E-006
    3127  0.15032E-006
    3128  0.15086E-006
    3129  0.15141E-006
    3130  0.15196E-006
    3131  0.15251E-006
    3132  0.15306E-006
    3133  0.15362E-006
    3134  0.13899E-006
    3135  0.13965E-006
    3136  0.14056E-006
    3137  0.14160E-006
    3138  0.14269E-006
    3139  0.14380E-006
    3140  0.14492E-006
    3141  0.14605E-006
    3142  0.14719E-006
    3143  0.14833E-006
    3144  0.14948E-006
    3145  0.13475E-006
    3146  0.13494E-006
    3147  0.13524E-006
    3148  0.13562E-006
    3149  0.13608E-006
    3150  0.13658E-006
    3151  0.13712E-006
    3152  0.13767E-006
    3153  0.13824E-006
    3154  0.13882E-006
    3155  0.13939E-006
    3156  0.13998E-006
    3157  0.14056E-006
    3158  0.14115E-006
    3159  0.14173E-006
    3160  0.14232E-006
    3161  0.14291E-006
    3162  0.14351E-006
    3163  0.14410E-006
    3164  0.14470E-006
    3165  0.14529E-006
    3166  0.14589E-006
    3167  0.14649E-006
    3168  0.13087E-006
    3169  0.13159E-006
    3170  0.13260E-006
    3171  0.13374E-006
    3172  0.13494E-006
    3173  0.13615E-006
    3174  0.13737E-006
    3175  0.13860E-006
    3176  0.13983E-006
    3177  0.14107E-006
    3178  0.14231E-006
    3179  0.12660E-006
    3180  0.12680E-006
    3181  0.12713E-006
    3182  0.12756E-006
    3183  0.12806E-006
    3184  0.12861E-006
    3185  0.12920E-006
    3186  0.12981E-006
    3187  0.13043E-006
    3188  0.13106E-006
    3189  0.13169E-006
    3190  0.13232E-006
    3191  0.13296E-006
    3192  0.13359E-006
    3193  0.13423E-006
    3194  0.13487E-006
    3195  0.13552E-006
    3196  0.13616E-006
    3197  0.13680E-006
    3198  0.13745E-006
    3199  0.13809E-006
    3200  0.13874E-006
    3201  0.13939E-006
    3202  0.12273E-006
    3203  0.12352E-006
    3204  0.12462E-006
    3205  0.12587E-006
    3206  0.12718E-006
    3207  0.12850E-006
    3208  0.12983E-006
    3209  0.13116E-006
    3210  0.13249E-006
    3211  0.13383E-006
    3212  0.13518E-006
    3213  0.11844E-006
    3214  0.11866E-006
    3215  0.11902E-006
    3216  0.11949E-006
    3217  0.12003E-006
    3218  0.12064E-006
    3219  0.12128E-006
    3220  0.12194E-006
    3221  0.12262E-006
    3222  0.12330E-006
    3223  0.12399E-006
    3224  0.12468E-006
    3225  0.12537E-006
    3226  0.12606E-006
    3227  0.12676E-006
    3228  0.12745E-006
    3229  0.12814E-006
    3230  0.12884E-006
    3231  0.12953E-006
    3232  0.13023E-006
    3233  0.13093E-006
    3234  0.13163E-006
    3235  0.13232E-006
    3236  0.11459E-006
    3237  0.11546E-006
    3238  0.11666E-006
    3239  0.11802E-006
    3240  0.11944E-006
    3241  0.12087E-006
    3242  0.12231E-006
    3243  0.12375E-006
    3244  0.12520E-006
    3245  0.12664E-006
    3246  0.12809E-006
    3247  0.11029E-006
    3248  0.11053E-006
    3249  0.11093E-006
    3250  0.11143E-006
    3251  0.11203E-006
    3252  0.11269E-006
    3253  0.11338E-006
    3254  0.11411E-006
    3255  0.11484E-006
    3256  0.11558E-006
    3257  0.11633E-006
    3258  0.11708E-006
    3259  0.11782E-006
    3260  0.11857E-006
    3261  0.11932E-006
    3262  0.12007E-006
    3263  0.12082E-006
    3264  0.12157E-006
    3265  0.12232E-006
    3266  0.12307E-006
    3267  0.12381E-006
    3268  0.12456E-006
    3269  0.12532E-006
    3270  0.10648E-006
    3271  0.10742E-006
    3272  0.10873E-006
    3273  0.11021E-006
    3274  0.11174E-006
    3275  0.11329E-006
    3276  0.11485E-006
    3277  0.11640E-006
    3278  0.11796E-006
    3279  0.11951E-006
    3280  0.12106E-006
    3281  0.10218E-006
    3282  0.10244E-006
    3283  0.10287E-006
    3284  0.10342E-006
    3285  0.10407E-006
    3286  0.10478E-006
    3287  0.10554E-006
    3288  0.10632E-006
    3289  0.10712E-006
    3290  0.10792E-006
    3291  0.10872E-006
    3292  0.10953E-006
    3293  0.11034E-006
    3294  0.11114E-006
    3295  0.11195E-006
    3296  0.11276E-006
    3297  0.11356E-006
    3298  0.11437E-006
    3299  0.11517E-006
    3300  0.11597E-006
    3301  0.11678E-006
    3302  0.11758E-006
    3303  0.11838E-006
    3304  0.98423E-007
    3305  0.99439E-007
    3306  0.10086E-006
    3307  0.10246E-006
    3308  0.10412E-006
    3309  0.10579E-006
    3310  0.10746E-006
    3311  0.10913E-006
    3312  0.11080E-006
    3313  0.11246E-006
    3314  0.11412E-006
    3315  0.94135E-007
    3316  0.94422E-007
    3317  0.94882E-007
    3318  0.95478E-007
    3319  0.96178E-007
    3320  0.96951E-007
    3321  0.97767E-007
    3322  0.98612E-007
    3323  0.99469E-007
    3324  0.10033E-006
    3325  0.10120E-006
    3326  0.10207E-006
    3327  0.10294E-006
    3328  0.10380E-006
    3329  0.10467E-006
    3330  0.10553E-006
    3331  0.10639E-006
    3332  0.10726E-006
    3333  0.10812E-006
    3334  0.10898E-006
    3335  0.10984E-006
    3336  0.11069E-006
    3337  0.11155E-006
    3338  0.90446E-007
    3339  0.91543E-007
    3340  0.93072E-007
    3341  0.94795E-007
    3342  0.96581E-007
    3343  0.98379E-007
    3344  0.10017E-006
    3345  0.10196E-006
    3346  0.10375E-006
    3347  0.10552E-006
    3348  0.10730E-006
    3349  0.86188E-007
    3350  0.86498E-007
    3351  0.86994E-007
    3352  0.87636E-007
    3353  0.88390E-007
    3354  0.89222E-007
    3355  0.90100E-007
    3356  0.91009E-007
    3357  0.91930E-007
    3358  0.92859E-007
    3359  0.93789E-007
    3360  0.94719E-007
    3361  0.95648E-007
    3362  0.96576E-007
    3363  0.97502E-007
    3364  0.98426E-007
    3365  0.99348E-007
    3366  0.10027E-006
    3367  0.10119E-006
    3368  0.10210E-006
    3369  0.10302E-006
    3370  0.10393E-006
    3371  0.10484E-006
    3372  0.82582E-007
    3373  0.83762E-007
    3374  0.85405E-007
    3375  0.87256E-007
    3376  0.89171E-007
    3377  0.91095E-007
    3378  0.93014E-007
    3379  0.94924E-007
    3380  0.96826E-007
    3381  0.98719E-007
    3382  0.10060E-006
    3383  0.78371E-007
    3384  0.78704E-007
    3385  0.79236E-007
    3386  0.79926E-007
    3387  0.80734E-007
    3388  0.81626E-007
    3389  0.82568E-007
    3390  0.83541E-007
    3391  0.84527E-007
    3392  0.85521E-007
    3393  0.86515E-007
    3394  0.87510E-007
    3395  0.88501E-007
    3396  0.89491E-007
    3397  0.90478E-007
    3398  0.91463E-007
    3399  0.92444E-007
    3400  0.93424E-007
    3401  0.94401E-007
    3402  0.95375E-007
    3403  0.96347E-007
    3404  0.97317E-007
    3405  0.98287E-007
    3406  0.74866E-007
    3407  0.76130E-007
    3408  0.77889E-007
    3409  0.79868E-007
    3410  0.81914E-007
    3411  0.83967E-007
    3412  0.86011E-007
    3413  0.88044E-007
    3414  0.90065E-007
    3415  0.92074E-007
    3416  0.94072E-007
    3417  0.70719E-007
    3418  0.71074E-007
    3419  0.71644E-007
    3420  0.72381E-007
    3421  0.73245E-007
    3422  0.74198E-007
    3423  0.75203E-007
    3424  0.76242E-007
    3425  0.77293E-007
    3426  0.78353E-007
    3427  0.79412E-007
    3428  0.80470E-007
    3429  0.81525E-007
    3430  0.82577E-007
    3431  0.83626E-007
    3432  0.84671E-007
    3433  0.85713E-007
    3434  0.86752E-007
    3435  0.87787E-007
    3436  0.88819E-007
    3437  0.89847E-007
    3438  0.90873E-007
    3439  0.91898E-007
    3440  0.67332E-007
    3441  0.68681E-007
    3442  0.70557E-007
    3443  0.72666E-007
    3444  0.74842E-007
    3445  0.77024E-007
    3446  0.79194E-007
    3447  0.81350E-007
    3448  0.83490E-007
    3449  0.85615E-007
    3450  0.87726E-007
    3451  0.63267E-007
    3452  0.63645E-007
    3453  0.64252E-007
    3454  0.65037E-007
    3455  0.65956E-007
    3456  0.66971E-007
    3457  0.68040E-007
    3458  0.69144E-007
    3459  0.70261E-007
    3460  0.71387E-007
    3461  0.72510E-007
    3462  0.73633E-007
    3463  0.74751E-007
    3464  0.75866E-007
    3465  0.76976E-007
    3466  0.78082E-007
    3467  0.79184E-007
    3468  0.80282E-007
    3469  0.81375E-007
    3470  0.82465E-007
    3471  0.83550E-007
    3472  0.84633E-007
    3473  0.85713E-007
    3474  0.60018E-007
    3475  0.61452E-007
    3476  0.63444E-007
    3477  0.65682E-007
    3478  0.67990E-007
    3479  0.70300E-007
    3480  0.72596E-007
    3481  0.74873E-007
    3482  0.77132E-007
    3483  0.79373E-007
    3484  0.81597E-007
    3485  0.56053E-007
    3486  0.56455E-007
    3487  0.57099E-007
    3488  0.57931E-007
    3489  0.58906E-007
    3490  0.59981E-007
    3491  0.61113E-007
    3492  0.62283E-007
    3493  0.63466E-007
    3494  0.64656E-007
    3495  0.65844E-007
    3496  0.67031E-007
    3497  0.68212E-007
    3498  0.69388E-007
    3499  0.70560E-007
    3500  0.71726E-007
    3501  0.72888E-007
    3502  0.74044E-007
    3503  0.75196E-007
    3504  0.76342E-007
    3505  0.77484E-007
    3506  0.78622E-007
    3507  0.79755E-007
    3508  0.52961E-007
    3509  0.54479E-007
    3510  0.56587E-007
    3511  0.58953E-007
    3512  0.61390E-007
    3513  0.63828E-007
    3514  0.66247E-007
    3515  0.68645E-007
    3516  0.71022E-007
    3517  0.73376E-007
    3518  0.75711E-007
    3519  0.49116E-007
    3520  0.49541E-007
    3521  0.50221E-007
    3522  0.51100E-007
    3523  0.52130E-007
    3524  0.53265E-007
    3525  0.54460E-007
    3526  0.55694E-007
    3527  0.56941E-007
    3528  0.58196E-007
    3529  0.59447E-007
    3530  0.60696E-007
    3531  0.61939E-007
    3532  0.63177E-007
    3533  0.64408E-007
    3534  0.65634E-007
    3535  0.66854E-007
    3536  0.68068E-007
    3537  0.69276E-007
    3538  0.70479E-007
    3539  0.71676E-007
    3540  0.72868E-007
    3541  0.74057E-007
    3542  0.46200E-007
    3543  0.47800E-007
    3544  0.50021E-007
    3545  0.52513E-007
    3546  0.55077E-007
    3547  0.57640E-007
    3548  0.60181E-007
    3549  0.62697E-007
    3550  0.65188E-007
    3551  0.67654E-007
    3552  0.70097E-007
    3553  0.42495E-007
    3554  0.42942E-007
    3555  0.43657E-007
    3556  0.44582E-007
    3557  0.45666E-007
    3558  0.46859E-007
    3559  0.48116E-007
    3560  0.49413E-007
    3561  0.50722E-007
    3562  0.52039E-007
    3563  0.53353E-007
    3564  0.54663E-007
    3565  0.55966E-007
    3566  0.57264E-007
    3567  0.58554E-007
    3568  0.59837E-007
    3569  0.61114E-007
    3570  0.62384E-007
    3571  0.63648E-007
    3572  0.64905E-007
    3573  0.66155E-007
    3574  0.67400E-007
    3575  0.68640E-007
    3576  0.39772E-007
    3577  0.41453E-007
    3578  0.43784E-007
    3579  0.46398E-007
    3580  0.49086E-007
    3581  0.51770E-007
    3582  0.54429E-007
    3583  0.57059E-007
    3584  0.59661E-007
    3585  0.62236E-007
    3586  0.64784E-007
    3587  0.36227E-007
    3588  0.36696E-007
    3589  0.37446E-007
    3590  0.38415E-007
    3591  0.39550E-007
    3592  0.40801E-007
    3593  0.42116E-007
    3594  0.43474E-007
    3595  0.44844E-007
    3596  0.46222E-007
    3597  0.47595E-007
    3598  0.48964E-007
    3599  0.50326E-007
    3600  0.51680E-007
    3601  0.53027E-007
    3602  0.54366E-007
    3603  0.55698E-007
    3604  0.57022E-007
    3605  0.58339E-007
    3606  0.59649E-007
    3607  0.60952E-007
    3608  0.62249E-007
    3609  0.63541E-007
    3610  0.33717E-007
    3611  0.35475E-007
    3612  0.37913E-007
    3613  0.40644E-007
    3614  0.43450E-007
    3615  0.46250E-007
    3616  0.49022E-007
    3617  0.51763E-007
    3618  0.54471E-007
    3619  0.57149E-007
    3620  0.59799E-007
    3621  0.30352E-007
    3622  0.30841E-007
    3623  0.31624E-007
    3624  0.32636E-007
    3625  0.33820E-007
    3626  0.35125E-007
    3627  0.36497E-007
    3628  0.37912E-007
    3629  0.39341E-007
    3630  0.40776E-007
    3631  0.42207E-007
    3632  0.43632E-007
    3633  0.45049E-007
    3634  0.46459E-007
    3635  0.47859E-007
    3636  0.49252E-007
    3637  0.50636E-007
    3638  0.52012E-007
    3639  0.53380E-007
    3640  0.54740E-007
    3641  0.56092E-007
    3642  0.57438E-007
    3643  0.58778E-007
    3644  0.28073E-007
    3645  0.29903E-007
    3646  0.32442E-007
    3647  0.35284E-007
    3648  0.38203E-007
    3649  0.41114E-007
    3650  0.43993E-007
    3651  0.46837E-007
    3652  0.49647E-007
    3653  0.52424E-007
    3654  0.55169E-007
    3655  0.24907E-007
    3656  0.25415E-007
    3657  0.26229E-007
    3658  0.27281E-007
    3659  0.28512E-007
    3660  0.29867E-007
    3661  0.31293E-007
    3662  0.32763E-007
    3663  0.34245E-007
    3664  0.35736E-007
    3665  0.37220E-007
    3666  0.38699E-007
    3667  0.40168E-007
    3668  0.41629E-007
    3669  0.43080E-007
    3670  0.44523E-007
    3671  0.45956E-007
    3672  0.47380E-007
    3673  0.48796E-007
    3674  0.50204E-007
    3675  0.51602E-007
    3676  0.52994E-007
    3677  0.54382E-007
    3678  0.22874E-007
    3679  0.24773E-007
    3680  0.27406E-007
    3681  0.30353E-007
    3682  0.33377E-007
    3683  0.36391E-007
    3684  0.39370E-007
    3685  0.42311E-007
    3686  0.45215E-007
    3687  0.48083E-007
    3688  0.50917E-007
    3689  0.19927E-007
    3690  0.20453E-007
    3691  0.21296E-007
    3692  0.22385E-007
    3693  0.23659E-007
    3694  0.25062E-007
    3695  0.26537E-007
    3696  0.28057E-007
    3697  0.29591E-007
    3698  0.31131E-007
    3699  0.32665E-007
    3700  0.34193E-007
    3701  0.35711E-007
    3702  0.37220E-007
    3703  0.38718E-007
    3704  0.40207E-007
    3705  0.41686E-007
    3706  0.43155E-007
    3707  0.44615E-007
    3708  0.46066E-007
    3709  0.47508E-007
    3710  0.48941E-007
    3711  0.50368E-007
    3712  0.18157E-007
    3713  0.20119E-007
    3714  0.22839E-007
    3715  0.25881E-007
    3716  0.29002E-007
    3717  0.32111E-007
    3718  0.35182E-007
    3719  0.38213E-007
    3720  0.41204E-007
    3721  0.44156E-007
    3722  0.47072E-007
    3723  0.15446E-007
    3724  0.15989E-007
    3725  0.16858E-007
    3726  0.17980E-007
    3727  0.19294E-007
    3728  0.20740E-007
    3729  0.22260E-007
    3730  0.23827E-007
    3731  0.25406E-007
    3732  0.26993E-007
    3733  0.28572E-007
    3734  0.30145E-007
    3735  0.31707E-007
    3736  0.33260E-007
    3737  0.34801E-007
    3738  0.36332E-007
    3739  0.37852E-007
    3740  0.39363E-007
    3741  0.40863E-007
    3742  0.42354E-007
    3743  0.43835E-007
    3744  0.45309E-007
    3745  0.46776E-007
    3746  0.13953E-007
    3747  0.15972E-007
    3748  0.18770E-007
    3749  0.21899E-007
    3750  0.25107E-007
    3751  0.28301E-007
    3752  0.31455E-007
    3753  0.34567E-007
    3754  0.37636E-007
    3755  0.40664E-007
    3756  0.43654E-007
    3757  0.11495E-007
    3758  0.12053E-007
    3759  0.12945E-007
    3760  0.14098E-007
    3761  0.15447E-007
    3762  0.16931E-007
    3763  0.18491E-007
    3764  0.20099E-007
    3765  0.21720E-007
    3766  0.23348E-007
    3767  0.24967E-007
    3768  0.26580E-007
    3769  0.28182E-007
    3770  0.29772E-007
    3771  0.31352E-007
    3772  0.32920E-007
    3773  0.34478E-007
    3774  0.36025E-007
    3775  0.37561E-007
    3776  0.39087E-007
    3777  0.40603E-007
    3778  0.42111E-007
    3779  0.43609E-007
    3780  0.10291E-007
    3781  0.12361E-007
    3782  0.15227E-007
    3783  0.18432E-007
    3784  0.21717E-007
    3785  0.24986E-007
    3786  0.28213E-007
    3787  0.31395E-007
    3788  0.34532E-007
    3789  0.37627E-007
    3790  0.40682E-007
    3791  0.81017E-008
    3792  0.86721E-008
    3793  0.95849E-008
    3794  0.10764E-007
    3795  0.12143E-007
    3796  0.13661E-007
    3797  0.15256E-007
    3798  0.16900E-007
    3799  0.18556E-007
    3800  0.20219E-007
    3801  0.21874E-007
    3802  0.23521E-007
    3803  0.25156E-007
    3804  0.26781E-007
    3805  0.28393E-007
    3806  0.29994E-007
    3807  0.31583E-007
    3808  0.33161E-007
    3809  0.34728E-007
    3810  0.36285E-007
    3811  0.37830E-007
    3812  0.39367E-007
    3813  0.40898E-007
    3814  0.71981E-008
    3815  0.93104E-008
    3816  0.12236E-007
    3817  0.15505E-007
    3818  0.18855E-007
    3819  0.22188E-007
    3820  0.25477E-007
    3821  0.28718E-007
    3822  0.31913E-007
    3823  0.35063E-007
    3824  0.38170E-007
    3825  0.52907E-008
    3826  0.58718E-008
    3827  0.68015E-008
    3828  0.80024E-008
    3829  0.94070E-008
    3830  0.10953E-007
    3831  0.12577E-007
    3832  0.14250E-007
    3833  0.15936E-007
    3834  0.17629E-007
    3835  0.19313E-007
    3836  0.20989E-007
    3837  0.22652E-007
    3838  0.24304E-007
    3839  0.25944E-007
    3840  0.27571E-007
    3841  0.29187E-007
    3842  0.30791E-007
    3843  0.32383E-007
    3844  0.33964E-007
    3845  0.35533E-007
    3846  0.37093E-007
    3847  0.38645E-007
    3848  0.46957E-008
    3849  0.68427E-008
    3850  0.98157E-008
    3851  0.13138E-007
    3852  0.16541E-007
    3853  0.19926E-007
    3854  0.23265E-007
    3855  0.26555E-007
    3856  0.29796E-007
    3857  0.32990E-007
    3858  0.36142E-007
    3859  0.30823E-008
    3860  0.36718E-008
    3861  0.46150E-008
    3862  0.58332E-008
    3863  0.72579E-008
    3864  0.88259E-008
    3865  0.10473E-007
    3866  0.12170E-007
    3867  0.13879E-007
    3868  0.15595E-007
    3869  0.17302E-007
    3870  0.19001E-007
    3871  0.20687E-007
    3872  0.22361E-007
    3873  0.24022E-007
    3874  0.25670E-007
    3875  0.27307E-007
    3876  0.28931E-007
    3877  0.30544E-007
    3878  0.32144E-007
    3879  0.33733E-007
    3880  0.35313E-007
    3881  0.36885E-007
    3882  0.28023E-008
    3883  0.49759E-008
    3884  0.79853E-008
    3885  0.11347E-007
    3886  0.14792E-007
    3887  0.18216E-007
    3888  0.21593E-007
    3889  0.24920E-007
    3890  0.28197E-007
    3891  0.31426E-007
    3892  0.34610E-007
    3893  0.14931E-008
    3894  0.20887E-008
    3895  0.30416E-008
    3896  0.42722E-008
    3897  0.57115E-008
    3898  0.72954E-008
    3899  0.89589E-008
    3900  0.10673E-007
    3901  0.12399E-007
    3902  0.14132E-007
    3903  0.15856E-007
    3904  0.17571E-007
    3905  0.19273E-007
    3906  0.20963E-007
    3907  0.22640E-007
    3908  0.24304E-007
    3909  0.25955E-007
    3910  0.27594E-007
    3911  0.29221E-007
    3912  0.30836E-007
    3913  0.32439E-007
    3914  0.34031E-007
    3915  0.35613E-007
    3916  0.15323E-008
    3917  0.37237E-008
    3918  0.67576E-008
    3919  0.10147E-007
    3920  0.13618E-007
    3921  0.17069E-007
    3922  0.20472E-007
    3923  0.23824E-007
    3924  0.27125E-007
    3925  0.30377E-007
    3926  0.33582E-007
    3927  0.53489E-009
    3928  0.11341E-008
    3929  0.20929E-008
    3930  0.33312E-008
    3931  0.47793E-008
    3932  0.63728E-008
    3933  0.80463E-008
    3934  0.97705E-008
    3935  0.11507E-007
    3936  0.13251E-007
    3937  0.14984E-007
    3938  0.16709E-007
    3939  0.18421E-007
    3940  0.20121E-007
    3941  0.21807E-007
    3942  0.23480E-007
    3943  0.25141E-007
    3944  0.26789E-007
    3945  0.28425E-007
    3946  0.30049E-007
    3947  0.31660E-007
    3948  0.33261E-007
    3949  0.34853E-007
    3950  0.89502E-009
    3951  0.30954E-008
    3952  0.61417E-008
    3953  0.95445E-008
    3954  0.13030E-007
    3955  0.16494E-007
    3956  0.19910E-007
    3957  0.23274E-007
    3958  0.26588E-007
    3959  0.29852E-007
    3960  0.33069E-007
