       1  0.19558E-006
      14  0.16282E-006
      15  0.16289E-006
      16  0.16309E-006
      17  0.16344E-006
      18  0.16393E-006
      19  0.16455E-006
      20  0.16531E-006
      21  0.16619E-006
      22  0.16720E-006
      23  0.16832E-006
      24  0.16956E-006
      25  0.17091E-006
      26  0.17236E-006
      27  0.17391E-006
      28  0.17555E-006
      29  0.17728E-006
      30  0.17908E-006
      31  0.18096E-006
      32  0.18290E-006
      33  0.18490E-006
      34  0.18695E-006
      35  0.18905E-006
      36  0.19119E-006
      37  0.19337E-006
     279   0.0000     
     291  0.13757E-006
     292  0.44408E-009
     293  0.17458E-008
     294  0.39065E-008
     295  0.68702E-008
     296  0.10610E-007
     297  0.15050E-007
     298  0.20140E-007
     299  0.25795E-007
     300  0.31945E-007
     301  0.38507E-007
     302  0.45401E-007
     303  0.52551E-007
     304  0.59877E-007
     305  0.67318E-007
     306  0.74801E-007
     307  0.82279E-007
     308  0.89692E-007
     309  0.97012E-007
     310  0.10420E-006
     311  0.11122E-006
     312  0.11807E-006
     313  0.12473E-006
     314  0.13125E-006
     938  0.15808E-006
     939  0.15317E-006
     940  0.14808E-006
     941  0.14279E-006
     942  0.13729E-006
     943  0.13156E-006
     944  0.12559E-006
     945  0.11935E-006
     946  0.11282E-006
     947  0.10598E-006
     948  0.98803E-007
     949  0.91260E-007
     950  0.83312E-007
     951  0.74960E-007
     952  0.66157E-007
     953  0.56987E-007
     954  0.47454E-007
     955  0.37826E-007
     956  0.28295E-007
     957  0.19364E-007
     958  0.11525E-007
     959  0.53304E-008
     960  0.14215E-008
     961  0.13776E-006
     962  0.13840E-006
     963  0.13948E-006
     964  0.14091E-006
     965  0.14268E-006
     966  0.14470E-006
     967  0.14694E-006
     968  0.14936E-006
     969  0.15193E-006
     970  0.15461E-006
     971  0.15738E-006
     972  0.16021E-006
     973  0.16310E-006
     974  0.16603E-006
     975  0.16898E-006
     976  0.17196E-006
     977  0.17494E-006
     978  0.17793E-006
     979  0.18091E-006
     980  0.18388E-006
     981  0.18683E-006
     982  0.18977E-006
     983  0.19269E-006
     984  0.13225E-006
     985  0.13513E-006
     986  0.13939E-006
     987  0.14455E-006
     988  0.15025E-006
     989  0.15628E-006
     990  0.16247E-006
     991  0.16874E-006
     992  0.17500E-006
     993  0.18122E-006
     994  0.18735E-006
     995  0.12504E-006
     996  0.12591E-006
     997  0.12732E-006
     998  0.12918E-006
     999  0.13142E-006
    1000  0.13395E-006
    1001  0.13671E-006
    1002  0.13964E-006
    1003  0.14269E-006
    1004  0.14584E-006
    1005  0.14905E-006
    1006  0.15231E-006
    1007  0.15560E-006
    1008  0.15890E-006
    1009  0.16221E-006
    1010  0.16552E-006
    1011  0.16881E-006
    1012  0.17209E-006
    1013  0.17535E-006
    1014  0.17859E-006
    1015  0.18179E-006
    1016  0.18496E-006
    1017  0.18809E-006
    1018  0.11940E-006
    1019  0.12308E-006
    1020  0.12840E-006
    1021  0.13465E-006
    1022  0.14138E-006
    1023  0.14832E-006
    1024  0.15533E-006
    1025  0.16231E-006
    1026  0.16921E-006
    1027  0.17598E-006
    1028  0.18260E-006
    1029  0.11161E-006
    1030  0.11272E-006
    1031  0.11450E-006
    1032  0.11684E-006
    1033  0.11962E-006
    1034  0.12274E-006
    1035  0.12609E-006
    1036  0.12960E-006
    1037  0.13321E-006
    1038  0.13689E-006
    1039  0.14059E-006
    1040  0.14432E-006
    1041  0.14805E-006
    1042  0.15176E-006
    1043  0.15546E-006
    1044  0.15912E-006
    1045  0.16276E-006
    1046  0.16635E-006
    1047  0.16990E-006
    1048  0.17341E-006
    1049  0.17687E-006
    1050  0.18028E-006
    1051  0.18364E-006
    1052  0.10587E-006
    1053  0.11047E-006
    1054  0.11699E-006
    1055  0.12449E-006
    1056  0.13237E-006
    1057  0.14033E-006
    1058  0.14822E-006
    1059  0.15597E-006
    1060  0.16353E-006
    1061  0.17088E-006
    1062  0.17801E-006
    1063  0.97503E-007
    1064  0.98884E-007
    1065  0.10110E-006
    1066  0.10399E-006
    1067  0.10740E-006
    1068  0.11118E-006
    1069  0.11519E-006
    1070  0.11936E-006
    1071  0.12359E-006
    1072  0.12786E-006
    1073  0.13212E-006
    1074  0.13635E-006
    1075  0.14055E-006
    1076  0.14471E-006
    1077  0.14881E-006
    1078  0.15286E-006
    1079  0.15684E-006
    1080  0.16076E-006
    1081  0.16462E-006
    1082  0.16841E-006
    1083  0.17213E-006
    1084  0.17579E-006
    1085  0.17938E-006
    1086  0.91773E-007
    1087  0.97423E-007
    1088  0.10532E-006
    1089  0.11421E-006
    1090  0.12336E-006
    1091  0.13242E-006
    1092  0.14125E-006
    1093  0.14980E-006
    1094  0.15805E-006
    1095  0.16599E-006
    1096  0.17363E-006
    1097  0.82884E-007
    1098  0.84579E-007
    1099  0.87294E-007
    1100  0.90804E-007
    1101  0.94916E-007
    1102  0.99442E-007
    1103  0.10420E-006
    1104  0.10909E-006
    1105  0.11400E-006
    1106  0.11890E-006
    1107  0.12375E-006
    1108  0.12853E-006
    1109  0.13323E-006
    1110  0.13785E-006
    1111  0.14238E-006
    1112  0.14681E-006
    1113  0.15116E-006
    1114  0.15541E-006
    1115  0.15958E-006
    1116  0.16365E-006
    1117  0.16764E-006
    1118  0.17154E-006
    1119  0.17535E-006
    1120  0.77334E-007
    1121  0.84165E-007
    1122  0.93580E-007
    1123  0.10400E-006
    1124  0.11451E-006
    1125  0.12472E-006
    1126  0.13453E-006
    1127  0.14391E-006
    1128  0.15285E-006
    1129  0.16138E-006
    1130  0.16952E-006
    1131  0.68051E-007
    1132  0.70093E-007
    1133  0.73356E-007
    1134  0.77553E-007
    1135  0.82436E-007
    1136  0.87773E-007
    1137  0.93328E-007
    1138  0.98991E-007
    1139  0.10462E-006
    1140  0.11020E-006
    1141  0.11566E-006
    1142  0.12101E-006
    1143  0.12622E-006
    1144  0.13131E-006
    1145  0.13626E-006
    1146  0.14109E-006
    1147  0.14580E-006
    1148  0.15038E-006
    1149  0.15485E-006
    1150  0.15920E-006
    1151  0.16345E-006
    1152  0.16758E-006
    1153  0.17162E-006
    1154  0.62903E-007
    1155  0.71011E-007
    1156  0.82057E-007
    1157  0.94088E-007
    1158  0.10601E-006
    1159  0.11741E-006
    1160  0.12820E-006
    1161  0.13839E-006
    1162  0.14802E-006
    1163  0.15712E-006
    1164  0.16574E-006
    1165  0.53419E-007
    1166  0.55831E-007
    1167  0.59675E-007
    1168  0.64599E-007
    1169  0.70295E-007
    1170  0.76480E-007
    1171  0.82867E-007
    1172  0.89329E-007
    1173  0.95702E-007
    1174  0.10196E-006
    1175  0.10804E-006
    1176  0.11395E-006
    1177  0.11967E-006
    1178  0.12522E-006
    1179  0.13060E-006
    1180  0.13581E-006
    1181  0.14087E-006
    1182  0.14577E-006
    1183  0.15053E-006
    1184  0.15515E-006
    1185  0.15963E-006
    1186  0.16400E-006
    1187  0.16824E-006
    1188  0.48938E-007
    1189  0.58369E-007
    1190  0.71087E-007
    1191  0.84752E-007
    1192  0.98085E-007
    1193  0.11065E-006
    1194  0.12240E-006
    1195  0.13337E-006
    1196  0.14365E-006
    1197  0.15329E-006
    1198  0.16236E-006
    1199  0.39513E-007
    1200  0.42299E-007
    1201  0.46731E-007
    1202  0.52386E-007
    1203  0.58898E-007
    1204  0.65930E-007
    1205  0.73144E-007
    1206  0.80395E-007
    1207  0.87492E-007
    1208  0.94414E-007
    1209  0.10109E-006
    1210  0.10754E-006
    1211  0.11375E-006
    1212  0.11974E-006
    1213  0.12551E-006
    1214  0.13109E-006
    1215  0.13646E-006
    1216  0.14166E-006
    1217  0.14669E-006
    1218  0.15155E-006
    1219  0.15627E-006
    1220  0.16083E-006
    1221  0.16526E-006
    1222  0.35986E-007
    1223  0.46713E-007
    1224  0.61060E-007
    1225  0.76299E-007
    1226  0.90977E-007
    1227  0.10464E-006
    1228  0.11727E-006
    1229  0.12897E-006
    1230  0.13983E-006
    1231  0.14996E-006
    1232  0.15943E-006
    1233  0.26932E-007
    1234  0.30074E-007
    1235  0.35065E-007
    1236  0.41414E-007
    1237  0.48696E-007
    1238  0.56527E-007
    1239  0.64516E-007
    1240  0.72502E-007
    1241  0.80270E-007
    1242  0.87804E-007
    1243  0.95030E-007
    1244  0.10197E-006
    1245  0.10862E-006
    1246  0.11501E-006
    1247  0.12114E-006
    1248  0.12703E-006
    1249  0.13270E-006
    1250  0.13816E-006
    1251  0.14342E-006
    1252  0.14850E-006
    1253  0.15341E-006
    1254  0.15815E-006
    1255  0.16275E-006
    1256  0.24642E-007
    1257  0.36556E-007
    1258  0.52385E-007
    1259  0.69045E-007
    1260  0.84925E-007
    1261  0.99559E-007
    1262  0.11297E-006
    1263  0.12528E-006
    1264  0.13665E-006
    1265  0.14719E-006
    1266  0.15701E-006
    1267  0.16303E-007
    1268  0.19757E-007
    1269  0.25239E-007
    1270  0.32196E-007
    1271  0.40152E-007
    1272  0.48679E-007
    1273  0.57340E-007
    1274  0.65962E-007
    1275  0.74308E-007
    1276  0.82367E-007
    1277  0.90059E-007
    1278  0.97420E-007
    1279  0.10444E-006
    1280  0.11116E-006
    1281  0.11759E-006
    1282  0.12374E-006
    1283  0.12965E-006
    1284  0.13533E-006
    1285  0.14079E-006
    1286  0.14605E-006
    1287  0.15112E-006
    1288  0.15601E-006
    1289  0.16074E-006
    1290  0.15498E-007
    1291  0.28400E-007
    1292  0.45459E-007
    1293  0.63291E-007
    1294  0.80155E-007
    1295  0.95576E-007
    1296  0.10961E-006
    1297  0.12242E-006
    1298  0.13419E-006
    1299  0.14506E-006
    1300  0.15515E-006
    1301  0.82140E-008
    1302  0.11913E-007
    1303  0.17778E-007
    1304  0.25210E-007
    1305  0.33692E-007
    1306  0.42761E-007
    1307  0.51944E-007
    1308  0.61058E-007
    1309  0.69850E-007
    1310  0.78312E-007
    1311  0.86362E-007
    1312  0.94042E-007
    1313  0.10135E-006
    1314  0.10832E-006
    1315  0.11497E-006
    1316  0.12133E-006
    1317  0.12742E-006
    1318  0.13325E-006
    1319  0.13886E-006
    1320  0.14425E-006
    1321  0.14944E-006
    1322  0.15444E-006
    1323  0.15927E-006
    1324  0.90723E-008
    1325  0.22685E-007
    1326  0.40627E-007
    1327  0.59295E-007
    1328  0.76858E-007
    1329  0.92835E-007
    1330  0.10730E-006
    1331  0.12047E-006
    1332  0.13252E-006
    1333  0.14361E-006
    1334  0.15389E-006
    1335  0.31474E-008
    1336  0.70025E-008
    1337  0.13113E-007
    1338  0.20848E-007
    1339  0.29664E-007
    1340  0.39077E-007
    1341  0.48592E-007
    1342  0.58017E-007
    1343  0.67091E-007
    1344  0.75807E-007
    1345  0.84082E-007
    1346  0.91962E-007
    1347  0.99445E-007
    1348  0.10657E-006
    1349  0.11336E-006
    1350  0.11985E-006
    1351  0.12605E-006
    1352  0.13199E-006
    1353  0.13768E-006
    1354  0.14316E-006
    1355  0.14842E-006
    1356  0.15349E-006
    1357  0.15838E-006
    1358  0.57554E-008
    1359  0.19740E-007
    1360  0.38143E-007
    1361  0.57247E-007
    1362  0.75173E-007
    1363  0.91437E-007
    1364  0.10613E-006
    1365  0.11947E-006
    1366  0.13167E-006
    1367  0.14288E-006
    1368  0.15325E-006
