       1  0.17012E-008
      14  0.14164E-008
      15  0.14169E-008
      16  0.14187E-008
      17  0.14218E-008
      18  0.14260E-008
      19  0.14314E-008
      20  0.14380E-008
      21  0.14456E-008
      22  0.14544E-008
      23  0.14642E-008
      24  0.14750E-008
      25  0.14867E-008
      26  0.14994E-008
      27  0.15128E-008
      28  0.15271E-008
      29  0.15421E-008
      30  0.15578E-008
      31  0.15741E-008
      32  0.15910E-008
      33  0.16084E-008
      34  0.16262E-008
      35  0.16445E-008
      36  0.16631E-008
      37  0.16820E-008
     279   0.0000     
     291  0.11967E-008
     292  0.38637E-011
     293  0.15189E-010
     294  0.33988E-010
     295  0.59773E-010
     296  0.92307E-010
     297  0.13094E-009
     298  0.17522E-009
     299  0.22442E-009
     300  0.27793E-009
     301  0.33501E-009
     302  0.39498E-009
     303  0.45718E-009
     304  0.52092E-009
     305  0.58564E-009
     306  0.65074E-009
     307  0.71579E-009
     308  0.78027E-009
     309  0.84394E-009
     310  0.90643E-009
     311  0.96757E-009
     312  0.10271E-008
     313  0.10851E-008
     314  0.11418E-008
     938  0.13751E-008
     939  0.13324E-008
     940  0.12881E-008
     941  0.12421E-008
     942  0.11943E-008
     943  0.11445E-008
     944  0.10925E-008
     945  0.10382E-008
     946  0.98147E-009
     947  0.92198E-009
     948  0.85953E-009
     949  0.79392E-009
     950  0.72478E-009
     951  0.65213E-009
     952  0.57555E-009
     953  0.49578E-009
     954  0.41286E-009
     955  0.32910E-009
     956  0.24618E-009
     957  0.16848E-009
     958  0.10027E-009
     959  0.46379E-010
     960  0.12369E-010
     961  0.11983E-008
     962  0.12039E-008
     963  0.12133E-008
     964  0.12258E-008
     965  0.12411E-008
     966  0.12588E-008
     967  0.12783E-008
     968  0.12993E-008
     969  0.13216E-008
     970  0.13449E-008
     971  0.13690E-008
     972  0.13937E-008
     973  0.14188E-008
     974  0.14443E-008
     975  0.14700E-008
     976  0.14958E-008
     977  0.15218E-008
     978  0.15477E-008
     979  0.15737E-008
     980  0.15995E-008
     981  0.16252E-008
     982  0.16507E-008
     983  0.16761E-008
     984  0.11505E-008
     985  0.11755E-008
     986  0.12126E-008
     987  0.12574E-008
     988  0.13070E-008
     989  0.13594E-008
     990  0.14133E-008
     991  0.14678E-008
     992  0.15223E-008
     993  0.15764E-008
     994  0.16297E-008
     995  0.10878E-008
     996  0.10953E-008
     997  0.11075E-008
     998  0.11237E-008
     999  0.11432E-008
    1000  0.11653E-008
    1001  0.11892E-008
    1002  0.12147E-008
    1003  0.12413E-008
    1004  0.12687E-008
    1005  0.12966E-008
    1006  0.13249E-008
    1007  0.13535E-008
    1008  0.13822E-008
    1009  0.14110E-008
    1010  0.14398E-008
    1011  0.14685E-008
    1012  0.14970E-008
    1013  0.15254E-008
    1014  0.15535E-008
    1015  0.15813E-008
    1016  0.16089E-008
    1017  0.16362E-008
    1018  0.10387E-008
    1019  0.10707E-008
    1020  0.11169E-008
    1021  0.11714E-008
    1022  0.12299E-008
    1023  0.12902E-008
    1024  0.13512E-008
    1025  0.14119E-008
    1026  0.14719E-008
    1027  0.15308E-008
    1028  0.15884E-008
    1029  0.97096E-009
    1030  0.98058E-009
    1031  0.99610E-009
    1032  0.10164E-008
    1033  0.10406E-008
    1034  0.10677E-008
    1035  0.10968E-008
    1036  0.11274E-008
    1037  0.11588E-008
    1038  0.11908E-008
    1039  0.12230E-008
    1040  0.12555E-008
    1041  0.12879E-008
    1042  0.13202E-008
    1043  0.13523E-008
    1044  0.13842E-008
    1045  0.14158E-008
    1046  0.14471E-008
    1047  0.14779E-008
    1048  0.15085E-008
    1049  0.15385E-008
    1050  0.15682E-008
    1051  0.15974E-008
    1052  0.92102E-009
    1053  0.96100E-009
    1054  0.10177E-008
    1055  0.10830E-008
    1056  0.11515E-008
    1057  0.12207E-008
    1058  0.12893E-008
    1059  0.13568E-008
    1060  0.14225E-008
    1061  0.14865E-008
    1062  0.15484E-008
    1063  0.84821E-009
    1064  0.86023E-009
    1065  0.87953E-009
    1066  0.90464E-009
    1067  0.93427E-009
    1068  0.96717E-009
    1069  0.10021E-008
    1070  0.10383E-008
    1071  0.10751E-008
    1072  0.11122E-008
    1073  0.11493E-008
    1074  0.11861E-008
    1075  0.12227E-008
    1076  0.12588E-008
    1077  0.12945E-008
    1078  0.13297E-008
    1079  0.13644E-008
    1080  0.13985E-008
    1081  0.14320E-008
    1082  0.14650E-008
    1083  0.14973E-008
    1084  0.15291E-008
    1085  0.15603E-008
    1086  0.79837E-009
    1087  0.84752E-009
    1088  0.91619E-009
    1089  0.99357E-009
    1090  0.10731E-008
    1091  0.11519E-008
    1092  0.12287E-008
    1093  0.13031E-008
    1094  0.13749E-008
    1095  0.14440E-008
    1096  0.15103E-008
    1097  0.72105E-009
    1098  0.73580E-009
    1099  0.75941E-009
    1100  0.78995E-009
    1101  0.82571E-009
    1102  0.86508E-009
    1103  0.90644E-009
    1104  0.94897E-009
    1105  0.99169E-009
    1106  0.10344E-008
    1107  0.10765E-008
    1108  0.11181E-008
    1109  0.11590E-008
    1110  0.11992E-008
    1111  0.12385E-008
    1112  0.12771E-008
    1113  0.13149E-008
    1114  0.13519E-008
    1115  0.13881E-008
    1116  0.14236E-008
    1117  0.14582E-008
    1118  0.14921E-008
    1119  0.15253E-008
    1120  0.67277E-009
    1121  0.73219E-009
    1122  0.81409E-009
    1123  0.90474E-009
    1124  0.99612E-009
    1125  0.10850E-008
    1126  0.11703E-008
    1127  0.12518E-008
    1128  0.13296E-008
    1129  0.14038E-008
    1130  0.14746E-008
    1131  0.59202E-009
    1132  0.60979E-009
    1133  0.63817E-009
    1134  0.67468E-009
    1135  0.71716E-009
    1136  0.76358E-009
    1137  0.81190E-009
    1138  0.86116E-009
    1139  0.91016E-009
    1140  0.95866E-009
    1141  0.10062E-008
    1142  0.10527E-008
    1143  0.10980E-008
    1144  0.11423E-008
    1145  0.11854E-008
    1146  0.12274E-008
    1147  0.12683E-008
    1148  0.13082E-008
    1149  0.13470E-008
    1150  0.13849E-008
    1151  0.14218E-008
    1152  0.14578E-008
    1153  0.14929E-008
    1154  0.54724E-009
    1155  0.61777E-009
    1156  0.71386E-009
    1157  0.81851E-009
    1158  0.92220E-009
    1159  0.10214E-008
    1160  0.11152E-008
    1161  0.12039E-008
    1162  0.12876E-008
    1163  0.13668E-008
    1164  0.14417E-008
    1165  0.46474E-009
    1166  0.48572E-009
    1167  0.51916E-009
    1168  0.56199E-009
    1169  0.61154E-009
    1170  0.66535E-009
    1171  0.72091E-009
    1172  0.77712E-009
    1173  0.83255E-009
    1174  0.88699E-009
    1175  0.93987E-009
    1176  0.99128E-009
    1177  0.10411E-008
    1178  0.10893E-008
    1179  0.11361E-008
    1180  0.11814E-008
    1181  0.12254E-008
    1182  0.12680E-008
    1183  0.13094E-008
    1184  0.13496E-008
    1185  0.13886E-008
    1186  0.14266E-008
    1187  0.14635E-008
    1188  0.42575E-009
    1189  0.50780E-009
    1190  0.61844E-009
    1191  0.73730E-009
    1192  0.85328E-009
    1193  0.96260E-009
    1194  0.10648E-008
    1195  0.11602E-008
    1196  0.12496E-008
    1197  0.13334E-008
    1198  0.14123E-008
    1199  0.34376E-009
    1200  0.36800E-009
    1201  0.40656E-009
    1202  0.45575E-009
    1203  0.51240E-009
    1204  0.57358E-009
    1205  0.63633E-009
    1206  0.69940E-009
    1207  0.76114E-009
    1208  0.82135E-009
    1209  0.87944E-009
    1210  0.93555E-009
    1211  0.98956E-009
    1212  0.10417E-008
    1213  0.10919E-008
    1214  0.11403E-008
    1215  0.11871E-008
    1216  0.12323E-008
    1217  0.12760E-008
    1218  0.13184E-008
    1219  0.13593E-008
    1220  0.13991E-008
    1221  0.14376E-008
    1222  0.31308E-009
    1223  0.40640E-009
    1224  0.53121E-009
    1225  0.66377E-009
    1226  0.79146E-009
    1227  0.91031E-009
    1228  0.10202E-008
    1229  0.11219E-008
    1230  0.12164E-008
    1231  0.13045E-008
    1232  0.13869E-008
    1233  0.23432E-009
    1234  0.26165E-009
    1235  0.30507E-009
    1236  0.36030E-009
    1237  0.42366E-009
    1238  0.49178E-009
    1239  0.56127E-009
    1240  0.63074E-009
    1241  0.69832E-009
    1242  0.76386E-009
    1243  0.82671E-009
    1244  0.88710E-009
    1245  0.94495E-009
    1246  0.10005E-008
    1247  0.10538E-008
    1248  0.11050E-008
    1249  0.11543E-008
    1250  0.12018E-008
    1251  0.12476E-008
    1252  0.12918E-008
    1253  0.13345E-008
    1254  0.13758E-008
    1255  0.14157E-008
    1256  0.21439E-009
    1257  0.31804E-009
    1258  0.45575E-009
    1259  0.60067E-009
    1260  0.73882E-009
    1261  0.86611E-009
    1262  0.98272E-009
    1263  0.10899E-008
    1264  0.11887E-008
    1265  0.12804E-008
    1266  0.13658E-008
    1267  0.14184E-009
    1268  0.17190E-009
    1269  0.21958E-009
    1270  0.28011E-009
    1271  0.34933E-009
    1272  0.42351E-009
    1273  0.49885E-009
    1274  0.57385E-009
    1275  0.64646E-009
    1276  0.71656E-009
    1277  0.78347E-009
    1278  0.84750E-009
    1279  0.90859E-009
    1280  0.96701E-009
    1281  0.10229E-008
    1282  0.10765E-008
    1283  0.11279E-008
    1284  0.11772E-008
    1285  0.12247E-008
    1286  0.12705E-008
    1287  0.13145E-008
    1288  0.13571E-008
    1289  0.13982E-008
    1290  0.13484E-009
    1291  0.24709E-009
    1292  0.39550E-009
    1293  0.55062E-009
    1294  0.69732E-009
    1295  0.83146E-009
    1296  0.95350E-009
    1297  0.10650E-008
    1298  0.11674E-008
    1299  0.12619E-008
    1300  0.13496E-008
    1301  0.71465E-010
    1302  0.10365E-009
    1303  0.15468E-009
    1304  0.21934E-009
    1305  0.29313E-009
    1306  0.37202E-009
    1307  0.45191E-009
    1308  0.53120E-009
    1309  0.60768E-009
    1310  0.68129E-009
    1311  0.75131E-009
    1312  0.81812E-009
    1313  0.88166E-009
    1314  0.94228E-009
    1315  0.10001E-008
    1316  0.10554E-008
    1317  0.11084E-008
    1318  0.11592E-008
    1319  0.12080E-008
    1320  0.12548E-008
    1321  0.13000E-008
    1322  0.13435E-008
    1323  0.13855E-008
    1324  0.78934E-010
    1325  0.19737E-009
    1326  0.35346E-009
    1327  0.51586E-009
    1328  0.66864E-009
    1329  0.80761E-009
    1330  0.93347E-009
    1331  0.10480E-008
    1332  0.11528E-008
    1333  0.12493E-008
    1334  0.13387E-008
    1335  0.27384E-010
    1336  0.60927E-010
    1337  0.11409E-009
    1338  0.18139E-009
    1339  0.25809E-009
    1340  0.33998E-009
    1341  0.42275E-009
    1342  0.50475E-009
    1343  0.58368E-009
    1344  0.65950E-009
    1345  0.73148E-009
    1346  0.80003E-009
    1347  0.86511E-009
    1348  0.92710E-009
    1349  0.98617E-009
    1350  0.10426E-008
    1351  0.10965E-008
    1352  0.11482E-008
    1353  0.11977E-008
    1354  0.12453E-008
    1355  0.12911E-008
    1356  0.13352E-008
    1357  0.13777E-008
    1358  0.50077E-010
    1359  0.17175E-009
    1360  0.33185E-009
    1361  0.49805E-009
    1362  0.65399E-009
    1363  0.79546E-009
    1364  0.92327E-009
    1365  0.10393E-008
    1366  0.11454E-008
    1367  0.12429E-008
    1368  0.13331E-008
