       1  0.21564E-008
      14  0.22665E-009
      15  0.22694E-009
      16  0.22806E-009
      17  0.22981E-009
      18  0.23225E-009
      19  0.23541E-009
      20  0.23926E-009
      21  0.24371E-009
      22  0.24890E-009
      23  0.25478E-009
      24  0.26139E-009
      25  0.26858E-009
      26  0.27644E-009
      27  0.28497E-009
      28  0.29416E-009
      29  0.30391E-009
      30  0.31433E-009
      31  0.32538E-009
      32  0.33706E-009
      33  0.34928E-009
      34  0.36211E-009
      35  0.37552E-009
      36  0.38954E-009
      37  0.40405E-009
      38  0.41913E-009
      39  0.43478E-009
      40  0.45096E-009
      41  0.46761E-009
      42  0.48476E-009
      43  0.50241E-009
      44  0.52054E-009
      45  0.53908E-009
      46  0.55806E-009
      47  0.57750E-009
      48  0.59736E-009
      49  0.61758E-009
      50  0.63820E-009
      51  0.65920E-009
      52  0.68059E-009
      53  0.70229E-009
      54  0.72432E-009
      55  0.74669E-009
      56  0.76937E-009
      57  0.79233E-009
      58  0.81554E-009
      59  0.83904E-009
      60  0.86281E-009
      61  0.88679E-009
      62  0.91097E-009
      63  0.93539E-009
      64  0.96000E-009
      65  0.98478E-009
      66  0.10097E-008
      67  0.10349E-008
      68  0.10602E-008
      69  0.10856E-008
      70  0.11111E-008
      71  0.11368E-008
      72  0.11626E-008
      73  0.11885E-008
      74  0.12144E-008
      75  0.12405E-008
      76  0.12666E-008
      77  0.12928E-008
      78  0.13190E-008
      79  0.13453E-008
      80  0.13716E-008
      81  0.13979E-008
      82  0.14243E-008
      83  0.14507E-008
      84  0.14771E-008
      85  0.15035E-008
      86  0.15299E-008
      87  0.15563E-008
      88  0.15827E-008
      89  0.16091E-008
      90  0.16355E-008
      91  0.16619E-008
      92  0.16882E-008
      93  0.17145E-008
      94  0.17408E-008
      95  0.17671E-008
      96  0.17933E-008
      97  0.18195E-008
      98  0.18456E-008
      99  0.18718E-008
     100  0.18979E-008
     101  0.19239E-008
     102  0.19499E-008
     103  0.19759E-008
     104  0.20018E-008
     105  0.20277E-008
     106  0.20536E-008
     107  0.20794E-008
     108  0.21051E-008
     109  0.21308E-008
    1071   0.0000     
    1083  0.21397E-008
    1084  0.41140E-012
    1085  0.16444E-011
    1086  0.36986E-011
    1087  0.65713E-011
    1088  0.10260E-010
    1089  0.14761E-010
    1090  0.20070E-010
    1091  0.26180E-010
    1092  0.33086E-010
    1093  0.40779E-010
    1094  0.49254E-010
    1095  0.58499E-010
    1096  0.68507E-010
    1097  0.79267E-010
    1098  0.90770E-010
    1099  0.10300E-009
    1100  0.11596E-009
    1101  0.12962E-009
    1102  0.14397E-009
    1103  0.15900E-009
    1104  0.17471E-009
    1105  0.19106E-009
    1106  0.20805E-009
    1107  0.22566E-009
    1108  0.24388E-009
    1109  0.26269E-009
    1110  0.28207E-009
    1111  0.30200E-009
    1112  0.32248E-009
    1113  0.34347E-009
    1114  0.36497E-009
    1115  0.38695E-009
    1116  0.40940E-009
    1117  0.43231E-009
    1118  0.45564E-009
    1119  0.47938E-009
    1120  0.50353E-009
    1121  0.52805E-009
    1122  0.55292E-009
    1123  0.57814E-009
    1124  0.60369E-009
    1125  0.62954E-009
    1126  0.65568E-009
    1127  0.68210E-009
    1128  0.70877E-009
    1129  0.73568E-009
    1130  0.76281E-009
    1131  0.79015E-009
    1132  0.81768E-009
    1133  0.84538E-009
    1134  0.87325E-009
    1135  0.90126E-009
    1136  0.92941E-009
    1137  0.95767E-009
    1138  0.98604E-009
    1139  0.10145E-008
    1140  0.10430E-008
    1141  0.10716E-008
    1142  0.11003E-008
    1143  0.11290E-008
    1144  0.11577E-008
    1145  0.11865E-008
    1146  0.12153E-008
    1147  0.12440E-008
    1148  0.12728E-008
    1149  0.13016E-008
    1150  0.13303E-008
    1151  0.13590E-008
    1152  0.13877E-008
    1153  0.14163E-008
    1154  0.14449E-008
    1155  0.14735E-008
    1156  0.15019E-008
    1157  0.15304E-008
    1158  0.15587E-008
    1159  0.15870E-008
    1160  0.16152E-008
    1161  0.16434E-008
    1162  0.16714E-008
    1163  0.16994E-008
    1164  0.17273E-008
    1165  0.17552E-008
    1166  0.17829E-008
    1167  0.18106E-008
    1168  0.18382E-008
    1169  0.18658E-008
    1170  0.18932E-008
    1171  0.19207E-008
    1172  0.19480E-008
    1173  0.19753E-008
    1174  0.20026E-008
    1175  0.20299E-008
    1176  0.20572E-008
    1177  0.20845E-008
    1178  0.21120E-008
    3602  0.21649E-009
    3603  0.20629E-009
    3604  0.19607E-009
    3605  0.18580E-009
    3606  0.17547E-009
    3607  0.16508E-009
    3608  0.15464E-009
    3609  0.14415E-009
    3610  0.13359E-009
    3611  0.12298E-009
    3612  0.11230E-009
    3613  0.10158E-009
    3614  0.90793E-010
    3615  0.79978E-010
    3616  0.69130E-010
    3617  0.58342E-010
    3618  0.47657E-010
    3619  0.37304E-010
    3620  0.27463E-010
    3621  0.18532E-010
    3622  0.10905E-010
    3623  0.50037E-011
    3624  0.13175E-011
    3625  0.21398E-008
    3626  0.21399E-008
    3627  0.21402E-008
    3628  0.21406E-008
    3629  0.21410E-008
    3630  0.21415E-008
    3631  0.21421E-008
    3632  0.21427E-008
    3633  0.21434E-008
    3634  0.21440E-008
    3635  0.21447E-008
    3636  0.21455E-008
    3637  0.21462E-008
    3638  0.21470E-008
    3639  0.21479E-008
    3640  0.21487E-008
    3641  0.21496E-008
    3642  0.21505E-008
    3643  0.21514E-008
    3644  0.21524E-008
    3645  0.21533E-008
    3646  0.21543E-008
    3647  0.21554E-008
    3648  0.21123E-008
    3649  0.21132E-008
    3650  0.21144E-008
    3651  0.21158E-008
    3652  0.21174E-008
    3653  0.21190E-008
    3654  0.21207E-008
    3655  0.21226E-008
    3656  0.21245E-008
    3657  0.21265E-008
    3658  0.21286E-008
    3659  0.20846E-008
    3660  0.20849E-008
    3661  0.20853E-008
    3662  0.20859E-008
    3663  0.20865E-008
    3664  0.20873E-008
    3665  0.20881E-008
    3666  0.20889E-008
    3667  0.20897E-008
    3668  0.20906E-008
    3669  0.20915E-008
    3670  0.20925E-008
    3671  0.20934E-008
    3672  0.20944E-008
    3673  0.20953E-008
    3674  0.20963E-008
    3675  0.20974E-008
    3676  0.20984E-008
    3677  0.20995E-008
    3678  0.21006E-008
    3679  0.21017E-008
    3680  0.21028E-008
    3681  0.21039E-008
    3682  0.20576E-008
    3683  0.20587E-008
    3684  0.20602E-008
    3685  0.20620E-008
    3686  0.20639E-008
    3687  0.20659E-008
    3688  0.20679E-008
    3689  0.20701E-008
    3690  0.20723E-008
    3691  0.20745E-008
    3692  0.20769E-008
    3693  0.20300E-008
    3694  0.20303E-008
    3695  0.20308E-008
    3696  0.20315E-008
    3697  0.20323E-008
    3698  0.20331E-008
    3699  0.20341E-008
    3700  0.20351E-008
    3701  0.20361E-008
    3702  0.20371E-008
    3703  0.20382E-008
    3704  0.20392E-008
    3705  0.20403E-008
    3706  0.20414E-008
    3707  0.20426E-008
    3708  0.20437E-008
    3709  0.20449E-008
    3710  0.20461E-008
    3711  0.20473E-008
    3712  0.20485E-008
    3713  0.20497E-008
    3714  0.20510E-008
    3715  0.20523E-008
    3716  0.20031E-008
    3717  0.20043E-008
    3718  0.20061E-008
    3719  0.20081E-008
    3720  0.20103E-008
    3721  0.20126E-008
    3722  0.20149E-008
    3723  0.20173E-008
    3724  0.20198E-008
    3725  0.20224E-008
    3726  0.20250E-008
    3727  0.19755E-008
    3728  0.19758E-008
    3729  0.19764E-008
    3730  0.19771E-008
    3731  0.19780E-008
    3732  0.19790E-008
    3733  0.19801E-008
    3734  0.19812E-008
    3735  0.19823E-008
    3736  0.19835E-008
    3737  0.19847E-008
    3738  0.19859E-008
    3739  0.19871E-008
    3740  0.19884E-008
    3741  0.19896E-008
    3742  0.19909E-008
    3743  0.19922E-008
    3744  0.19935E-008
    3745  0.19949E-008
    3746  0.19962E-008
    3747  0.19976E-008
    3748  0.19990E-008
    3749  0.20004E-008
    3750  0.19485E-008
    3751  0.19499E-008
    3752  0.19519E-008
    3753  0.19542E-008
    3754  0.19566E-008
    3755  0.19592E-008
    3756  0.19618E-008
    3757  0.19644E-008
    3758  0.19672E-008
    3759  0.19700E-008
    3760  0.19729E-008
    3761  0.19208E-008
    3762  0.19212E-008
    3763  0.19218E-008
    3764  0.19227E-008
    3765  0.19237E-008
    3766  0.19248E-008
    3767  0.19259E-008
    3768  0.19272E-008
    3769  0.19284E-008
    3770  0.19297E-008
    3771  0.19310E-008
    3772  0.19324E-008
    3773  0.19337E-008
    3774  0.19351E-008
    3775  0.19365E-008
    3776  0.19379E-008
    3777  0.19394E-008
    3778  0.19408E-008
    3779  0.19423E-008
    3780  0.19438E-008
    3781  0.19453E-008
    3782  0.19468E-008
    3783  0.19484E-008
    3784  0.18938E-008
    3785  0.18954E-008
    3786  0.18976E-008
    3787  0.19001E-008
    3788  0.19028E-008
    3789  0.19056E-008
    3790  0.19084E-008
    3791  0.19114E-008
    3792  0.19144E-008
    3793  0.19175E-008
    3794  0.19207E-008
    3795  0.18659E-008
    3796  0.18664E-008
    3797  0.18671E-008
    3798  0.18680E-008
    3799  0.18691E-008
    3800  0.18703E-008
    3801  0.18716E-008
    3802  0.18730E-008
    3803  0.18744E-008
    3804  0.18758E-008
    3805  0.18772E-008
    3806  0.18787E-008
    3807  0.18802E-008
    3808  0.18817E-008
    3809  0.18832E-008
    3810  0.18848E-008
    3811  0.18864E-008
    3812  0.18880E-008
    3813  0.18896E-008
    3814  0.18912E-008
    3815  0.18928E-008
    3816  0.18945E-008
    3817  0.18962E-008
    3818  0.18389E-008
    3819  0.18406E-008
    3820  0.18430E-008
    3821  0.18458E-008
    3822  0.18487E-008
    3823  0.18518E-008
    3824  0.18549E-008
    3825  0.18582E-008
    3826  0.18615E-008
    3827  0.18648E-008
    3828  0.18683E-008
    3829  0.18108E-008
    3830  0.18113E-008
    3831  0.18121E-008
    3832  0.18131E-008
    3833  0.18143E-008
    3834  0.18156E-008
    3835  0.18170E-008
    3836  0.18185E-008
    3837  0.18201E-008
    3838  0.18216E-008
    3839  0.18232E-008
    3840  0.18248E-008
    3841  0.18265E-008
    3842  0.18281E-008
    3843  0.18298E-008
    3844  0.18315E-008
    3845  0.18332E-008
    3846  0.18349E-008
    3847  0.18366E-008
    3848  0.18384E-008
    3849  0.18402E-008
    3850  0.18420E-008
    3851  0.18438E-008
    3852  0.17836E-008
    3853  0.17855E-008
    3854  0.17882E-008
    3855  0.17912E-008
    3856  0.17945E-008
    3857  0.17978E-008
    3858  0.18012E-008
    3859  0.18047E-008
    3860  0.18083E-008
    3861  0.18120E-008
    3862  0.18157E-008
    3863  0.17554E-008
    3864  0.17559E-008
    3865  0.17568E-008
    3866  0.17579E-008
    3867  0.17592E-008
    3868  0.17606E-008
    3869  0.17622E-008
    3870  0.17638E-008
    3871  0.17655E-008
    3872  0.17672E-008
    3873  0.17690E-008
    3874  0.17707E-008
    3875  0.17725E-008
    3876  0.17743E-008
    3877  0.17761E-008
    3878  0.17780E-008
    3879  0.17798E-008
    3880  0.17817E-008
    3881  0.17836E-008
    3882  0.17855E-008
    3883  0.17874E-008
    3884  0.17893E-008
    3885  0.17913E-008
    3886  0.17281E-008
    3887  0.17302E-008
    3888  0.17331E-008
    3889  0.17364E-008
    3890  0.17400E-008
    3891  0.17436E-008
    3892  0.17473E-008
    3893  0.17511E-008
    3894  0.17550E-008
    3895  0.17590E-008
    3896  0.17630E-008
    3897  0.16996E-008
    3898  0.17002E-008
    3899  0.17012E-008
    3900  0.17024E-008
    3901  0.17038E-008
    3902  0.17054E-008
    3903  0.17071E-008
    3904  0.17089E-008
    3905  0.17107E-008
    3906  0.17126E-008
    3907  0.17145E-008
    3908  0.17164E-008
    3909  0.17183E-008
    3910  0.17203E-008
    3911  0.17223E-008
    3912  0.17243E-008
    3913  0.17263E-008
    3914  0.17283E-008
    3915  0.17303E-008
    3916  0.17324E-008
    3917  0.17345E-008
    3918  0.17366E-008
    3919  0.17387E-008
    3920  0.16723E-008
    3921  0.16745E-008
    3922  0.16777E-008
    3923  0.16813E-008
    3924  0.16852E-008
    3925  0.16892E-008
    3926  0.16932E-008
    3927  0.16973E-008
    3928  0.17015E-008
    3929  0.17058E-008
    3930  0.17101E-008
    3931  0.16436E-008
    3932  0.16442E-008
    3933  0.16453E-008
    3934  0.16466E-008
    3935  0.16482E-008
    3936  0.16499E-008
    3937  0.16518E-008
    3938  0.16537E-008
    3939  0.16557E-008
    3940  0.16577E-008
    3941  0.16598E-008
    3942  0.16619E-008
    3943  0.16640E-008
    3944  0.16661E-008
    3945  0.16682E-008
    3946  0.16704E-008
    3947  0.16725E-008
    3948  0.16747E-008
    3949  0.16769E-008
    3950  0.16792E-008
    3951  0.16814E-008
    3952  0.16837E-008
    3953  0.16859E-008
    3954  0.16161E-008
    3955  0.16186E-008
    3956  0.16221E-008
    3957  0.16260E-008
    3958  0.16302E-008
    3959  0.16345E-008
    3960  0.16389E-008
    3961  0.16434E-008
    3962  0.16479E-008
    3963  0.16525E-008
    3964  0.16571E-008
    3965  0.15873E-008
    3966  0.15880E-008
    3967  0.15891E-008
    3968  0.15905E-008
    3969  0.15922E-008
    3970  0.15941E-008
    3971  0.15962E-008
    3972  0.15983E-008
    3973  0.16005E-008
    3974  0.16027E-008
    3975  0.16049E-008
    3976  0.16071E-008
    3977  0.16094E-008
    3978  0.16117E-008
    3979  0.16140E-008
    3980  0.16163E-008
    3981  0.16187E-008
    3982  0.16210E-008
    3983  0.16234E-008
    3984  0.16258E-008
    3985  0.16282E-008
    3986  0.16306E-008
    3987  0.16331E-008
    3988  0.15597E-008
    3989  0.15624E-008
    3990  0.15662E-008
    3991  0.15705E-008
    3992  0.15750E-008
    3993  0.15797E-008
    3994  0.15844E-008
    3995  0.15892E-008
    3996  0.15941E-008
    3997  0.15991E-008
    3998  0.16041E-008
    3999  0.15306E-008
    4000  0.15314E-008
    4001  0.15326E-008
    4002  0.15342E-008
    4003  0.15361E-008
    4004  0.15381E-008
    4005  0.15403E-008
    4006  0.15426E-008
    4007  0.15450E-008
    4008  0.15474E-008
    4009  0.15498E-008
    4010  0.15522E-008
    4011  0.15547E-008
    4012  0.15571E-008
    4013  0.15596E-008
    4014  0.15621E-008
    4015  0.15647E-008
    4016  0.15672E-008
    4017  0.15697E-008
    4018  0.15723E-008
    4019  0.15749E-008
    4020  0.15775E-008
    4021  0.15801E-008
    4022  0.15030E-008
    4023  0.15059E-008
    4024  0.15100E-008
    4025  0.15147E-008
    4026  0.15197E-008
    4027  0.15247E-008
    4028  0.15298E-008
    4029  0.15350E-008
    4030  0.15402E-008
    4031  0.15455E-008
    4032  0.15509E-008
    4033  0.14738E-008
    4034  0.14746E-008
    4035  0.14759E-008
    4036  0.14776E-008
    4037  0.14797E-008
    4038  0.14819E-008
    4039  0.14843E-008
    4040  0.14868E-008
    4041  0.14893E-008
    4042  0.14919E-008
    4043  0.14945E-008
    4044  0.14971E-008
    4045  0.14998E-008
    4046  0.15024E-008
    4047  0.15051E-008
    4048  0.15078E-008
    4049  0.15105E-008
    4050  0.15133E-008
    4051  0.15160E-008
    4052  0.15187E-008
    4053  0.15215E-008
    4054  0.15243E-008
    4055  0.15271E-008
    4056  0.14461E-008
    4057  0.14493E-008
    4058  0.14537E-008
    4059  0.14588E-008
    4060  0.14641E-008
    4061  0.14695E-008
    4062  0.14751E-008
    4063  0.14806E-008
    4064  0.14863E-008
    4065  0.14919E-008
    4066  0.14977E-008
    4067  0.14167E-008
    4068  0.14176E-008
    4069  0.14190E-008
    4070  0.14208E-008
    4071  0.14230E-008
    4072  0.14255E-008
    4073  0.14281E-008
    4074  0.14308E-008
    4075  0.14335E-008
    4076  0.14363E-008
    4077  0.14391E-008
    4078  0.14419E-008
    4079  0.14448E-008
    4080  0.14476E-008
    4081  0.14505E-008
    4082  0.14534E-008
    4083  0.14563E-008
    4084  0.14593E-008
    4085  0.14622E-008
    4086  0.14651E-008
    4087  0.14681E-008
    4088  0.14711E-008
    4089  0.14741E-008
    4090  0.13890E-008
    4091  0.13924E-008
    4092  0.13972E-008
    4093  0.14027E-008
    4094  0.14084E-008
    4095  0.14143E-008
    4096  0.14202E-008
    4097  0.14262E-008
    4098  0.14322E-008
    4099  0.14383E-008
    4100  0.14445E-008
    4101  0.13594E-008
    4102  0.13603E-008
    4103  0.13619E-008
    4104  0.13639E-008
    4105  0.13663E-008
    4106  0.13689E-008
    4107  0.13717E-008
    4108  0.13746E-008
    4109  0.13776E-008
    4110  0.13806E-008
    4111  0.13836E-008
    4112  0.13866E-008
    4113  0.13897E-008
    4114  0.13928E-008
    4115  0.13959E-008
    4116  0.13990E-008
    4117  0.14021E-008
    4118  0.14052E-008
    4119  0.14084E-008
    4120  0.14115E-008
    4121  0.14147E-008
    4122  0.14179E-008
    4123  0.14211E-008
    4124  0.13317E-008
    4125  0.13354E-008
    4126  0.13406E-008
    4127  0.13465E-008
    4128  0.13527E-008
    4129  0.13590E-008
    4130  0.13653E-008
    4131  0.13718E-008
    4132  0.13782E-008
    4133  0.13847E-008
    4134  0.13913E-008
    4135  0.13019E-008
    4136  0.13030E-008
    4137  0.13047E-008
    4138  0.13068E-008
    4139  0.13094E-008
    4140  0.13122E-008
    4141  0.13152E-008
    4142  0.13184E-008
    4143  0.13216E-008
    4144  0.13248E-008
    4145  0.13280E-008
    4146  0.13313E-008
    4147  0.13346E-008
    4148  0.13379E-008
    4149  0.13412E-008
    4150  0.13445E-008
    4151  0.13479E-008
    4152  0.13512E-008
    4153  0.13546E-008
    4154  0.13580E-008
    4155  0.13613E-008
    4156  0.13647E-008
    4157  0.13682E-008
    4158  0.12743E-008
    4159  0.12783E-008
    4160  0.12839E-008
    4161  0.12902E-008
    4162  0.12969E-008
    4163  0.13037E-008
    4164  0.13105E-008
    4165  0.13173E-008
    4166  0.13243E-008
    4167  0.13312E-008
    4168  0.13382E-008
    4169  0.12444E-008
    4170  0.12456E-008
    4171  0.12474E-008
    4172  0.12497E-008
    4173  0.12525E-008
    4174  0.12555E-008
    4175  0.12588E-008
    4176  0.12621E-008
    4177  0.12655E-008
    4178  0.12690E-008
    4179  0.12725E-008
    4180  0.12760E-008
    4181  0.12795E-008
    4182  0.12831E-008
    4183  0.12866E-008
    4184  0.12902E-008
    4185  0.12937E-008
    4186  0.12973E-008
    4187  0.13009E-008
    4188  0.13045E-008
    4189  0.13081E-008
    4190  0.13117E-008
    4191  0.13153E-008
    4192  0.12169E-008
    4193  0.12211E-008
    4194  0.12272E-008
    4195  0.12340E-008
    4196  0.12411E-008
    4197  0.12484E-008
    4198  0.12557E-008
    4199  0.12630E-008
    4200  0.12704E-008
    4201  0.12778E-008
    4202  0.12853E-008
    4203  0.11869E-008
    4204  0.11881E-008
    4205  0.11901E-008
    4206  0.11926E-008
    4207  0.11955E-008
    4208  0.11988E-008
    4209  0.12023E-008
    4210  0.12059E-008
    4211  0.12096E-008
    4212  0.12133E-008
    4213  0.12170E-008
    4214  0.12208E-008
    4215  0.12245E-008
    4216  0.12283E-008
    4217  0.12321E-008
    4218  0.12359E-008
    4219  0.12397E-008
    4220  0.12435E-008
    4221  0.12473E-008
    4222  0.12512E-008
    4223  0.12550E-008
    4224  0.12588E-008
    4225  0.12627E-008
    4226  0.11594E-008
    4227  0.11640E-008
    4228  0.11705E-008
    4229  0.11778E-008
    4230  0.11855E-008
    4231  0.11932E-008
    4232  0.12010E-008
    4233  0.12088E-008
    4234  0.12167E-008
    4235  0.12246E-008
    4236  0.12325E-008
    4237  0.11295E-008
    4238  0.11308E-008
    4239  0.11328E-008
    4240  0.11355E-008
    4241  0.11387E-008
    4242  0.11422E-008
    4243  0.11459E-008
    4244  0.11498E-008
    4245  0.11537E-008
    4246  0.11577E-008
    4247  0.11617E-008
    4248  0.11657E-008
    4249  0.11697E-008
    4250  0.11737E-008
    4251  0.11778E-008
    4252  0.11818E-008
    4253  0.11859E-008
    4254  0.11899E-008
    4255  0.11940E-008
    4256  0.11980E-008
    4257  0.12021E-008
    4258  0.12062E-008
    4259  0.12103E-008
    4260  0.11021E-008
    4261  0.11071E-008
    4262  0.11140E-008
    4263  0.11218E-008
    4264  0.11300E-008
    4265  0.11382E-008
    4266  0.11465E-008
    4267  0.11549E-008
    4268  0.11632E-008
    4269  0.11716E-008
    4270  0.11800E-008
    4271  0.10721E-008
    4272  0.10735E-008
    4273  0.10757E-008
    4274  0.10786E-008
    4275  0.10820E-008
    4276  0.10858E-008
    4277  0.10897E-008
    4278  0.10939E-008
    4279  0.10981E-008
    4280  0.11023E-008
    4281  0.11065E-008
    4282  0.11108E-008
    4283  0.11151E-008
    4284  0.11194E-008
    4285  0.11237E-008
    4286  0.11280E-008
    4287  0.11323E-008
    4288  0.11366E-008
    4289  0.11409E-008
    4290  0.11452E-008
    4291  0.11496E-008
    4292  0.11539E-008
    4293  0.11582E-008
    4294  0.10450E-008
    4295  0.10503E-008
    4296  0.10576E-008
    4297  0.10660E-008
    4298  0.10747E-008
    4299  0.10835E-008
    4300  0.10923E-008
    4301  0.11012E-008
    4302  0.11101E-008
    4303  0.11189E-008
    4304  0.11279E-008
    4305  0.10150E-008
    4306  0.10165E-008
    4307  0.10189E-008
    4308  0.10220E-008
    4309  0.10256E-008
    4310  0.10296E-008
    4311  0.10338E-008
    4312  0.10382E-008
    4313  0.10427E-008
    4314  0.10472E-008
    4315  0.10517E-008
    4316  0.10563E-008
    4317  0.10608E-008
    4318  0.10654E-008
    4319  0.10699E-008
    4320  0.10745E-008
    4321  0.10791E-008
    4322  0.10836E-008
    4323  0.10882E-008
    4324  0.10928E-008
    4325  0.10973E-008
    4326  0.11019E-008
    4327  0.11065E-008
    4328  0.98811E-009
    4329  0.99375E-009
    4330  0.10016E-008
    4331  0.10105E-008
    4332  0.10198E-008
    4333  0.10291E-008
    4334  0.10385E-008
    4335  0.10479E-008
    4336  0.10573E-008
    4337  0.10667E-008
    4338  0.10761E-008
    4339  0.95823E-009
    4340  0.95981E-009
    4341  0.96235E-009
    4342  0.96563E-009
    4343  0.96948E-009
    4344  0.97374E-009
    4345  0.97825E-009
    4346  0.98292E-009
    4347  0.98766E-009
    4348  0.99246E-009
    4349  0.99727E-009
    4350  0.10021E-008
    4351  0.10069E-008
    4352  0.10118E-008
    4353  0.10166E-008
    4354  0.10214E-008
    4355  0.10263E-008
    4356  0.10311E-008
    4357  0.10359E-008
    4358  0.10408E-008
    4359  0.10456E-008
    4360  0.10504E-008
    4361  0.10553E-008
    4362  0.93162E-009
    4363  0.93761E-009
    4364  0.94598E-009
    4365  0.95544E-009
    4366  0.96527E-009
    4367  0.97519E-009
    4368  0.98513E-009
    4369  0.99507E-009
    4370  0.10050E-008
    4371  0.10150E-008
    4372  0.10249E-008
    4373  0.90186E-009
    4374  0.90354E-009
    4375  0.90623E-009
    4376  0.90972E-009
    4377  0.91382E-009
    4378  0.91834E-009
    4379  0.92313E-009
    4380  0.92809E-009
    4381  0.93312E-009
    4382  0.93821E-009
    4383  0.94330E-009
    4384  0.94842E-009
    4385  0.95353E-009
    4386  0.95864E-009
    4387  0.96375E-009
    4388  0.96886E-009
    4389  0.97397E-009
    4390  0.97908E-009
    4391  0.98419E-009
    4392  0.98929E-009
    4393  0.99440E-009
    4394  0.99950E-009
    4395  0.10046E-008
    4396  0.87560E-009
    4397  0.88196E-009
    4398  0.89084E-009
    4399  0.90087E-009
    4400  0.91129E-009
    4401  0.92179E-009
    4402  0.93230E-009
    4403  0.94281E-009
    4404  0.95330E-009
    4405  0.96379E-009
    4406  0.97428E-009
    4407  0.84602E-009
    4408  0.84780E-009
    4409  0.85066E-009
    4410  0.85436E-009
    4411  0.85870E-009
    4412  0.86350E-009
    4413  0.86856E-009
    4414  0.87382E-009
    4415  0.87914E-009
    4416  0.88453E-009
    4417  0.88992E-009
    4418  0.89532E-009
    4419  0.90073E-009
    4420  0.90613E-009
    4421  0.91152E-009
    4422  0.91692E-009
    4423  0.92231E-009
    4424  0.92770E-009
    4425  0.93308E-009
    4426  0.93846E-009
    4427  0.94384E-009
    4428  0.94922E-009
    4429  0.95461E-009
    4430  0.82017E-009
    4431  0.82691E-009
    4432  0.83631E-009
    4433  0.84693E-009
    4434  0.85794E-009
    4435  0.86903E-009
    4436  0.88013E-009
    4437  0.89121E-009
    4438  0.90227E-009
    4439  0.91332E-009
    4440  0.92435E-009
    4441  0.79082E-009
    4442  0.79271E-009
    4443  0.79573E-009
    4444  0.79964E-009
    4445  0.80424E-009
    4446  0.80931E-009
    4447  0.81467E-009
    4448  0.82022E-009
    4449  0.82585E-009
    4450  0.83153E-009
    4451  0.83722E-009
    4452  0.84293E-009
    4453  0.84862E-009
    4454  0.85432E-009
    4455  0.86000E-009
    4456  0.86569E-009
    4457  0.87136E-009
    4458  0.87703E-009
    4459  0.88270E-009
    4460  0.88836E-009
    4461  0.89401E-009
    4462  0.89966E-009
    4463  0.90531E-009
    4464  0.76544E-009
    4465  0.77257E-009
    4466  0.78250E-009
    4467  0.79371E-009
    4468  0.80532E-009
    4469  0.81702E-009
    4470  0.82871E-009
    4471  0.84037E-009
    4472  0.85200E-009
    4473  0.86361E-009
    4474  0.87519E-009
    4475  0.73639E-009
    4476  0.73838E-009
    4477  0.74157E-009
    4478  0.74570E-009
    4479  0.75055E-009
    4480  0.75590E-009
    4481  0.76156E-009
    4482  0.76741E-009
    4483  0.77334E-009
    4484  0.77933E-009
    4485  0.78533E-009
    4486  0.79133E-009
    4487  0.79732E-009
    4488  0.80331E-009
    4489  0.80929E-009
    4490  0.81527E-009
    4491  0.82123E-009
    4492  0.82719E-009
    4493  0.83314E-009
    4494  0.83908E-009
    4495  0.84501E-009
    4496  0.85094E-009
    4497  0.85687E-009
    4498  0.71154E-009
    4499  0.71906E-009
    4500  0.72953E-009
    4501  0.74134E-009
    4502  0.75357E-009
    4503  0.76587E-009
    4504  0.77815E-009
    4505  0.79040E-009
    4506  0.80261E-009
    4507  0.81478E-009
    4508  0.82691E-009
    4509  0.68285E-009
    4510  0.68494E-009
    4511  0.68831E-009
    4512  0.69266E-009
    4513  0.69776E-009
    4514  0.70340E-009
    4515  0.70935E-009
    4516  0.71551E-009
    4517  0.72175E-009
    4518  0.72804E-009
    4519  0.73435E-009
    4520  0.74065E-009
    4521  0.74695E-009
    4522  0.75324E-009
    4523  0.75951E-009
    4524  0.76578E-009
    4525  0.77203E-009
    4526  0.77827E-009
    4527  0.78451E-009
    4528  0.79073E-009
    4529  0.79694E-009
    4530  0.80314E-009
    4531  0.80934E-009
    4532  0.65860E-009
    4533  0.66651E-009
    4534  0.67753E-009
    4535  0.68994E-009
    4536  0.70278E-009
    4537  0.71570E-009
    4538  0.72858E-009
    4539  0.74142E-009
    4540  0.75420E-009
    4541  0.76694E-009
    4542  0.77963E-009
    4543  0.63033E-009
    4544  0.63253E-009
    4545  0.63607E-009
    4546  0.64064E-009
    4547  0.64600E-009
    4548  0.65193E-009
    4549  0.65817E-009
    4550  0.66464E-009
    4551  0.67119E-009
    4552  0.67779E-009
    4553  0.68440E-009
    4554  0.69102E-009
    4555  0.69761E-009
    4556  0.70420E-009
    4557  0.71077E-009
    4558  0.71733E-009
    4559  0.72388E-009
    4560  0.73041E-009
    4561  0.73693E-009
    4562  0.74343E-009
    4563  0.74992E-009
    4564  0.75641E-009
    4565  0.76289E-009
    4566  0.60676E-009
    4567  0.61506E-009
    4568  0.62662E-009
    4569  0.63963E-009
    4570  0.65310E-009
    4571  0.66663E-009
    4572  0.68011E-009
    4573  0.69354E-009
    4574  0.70690E-009
    4575  0.72021E-009
    4576  0.73346E-009
    4577  0.57897E-009
    4578  0.58128E-009
    4579  0.58499E-009
    4580  0.58978E-009
    4581  0.59541E-009
    4582  0.60161E-009
    4583  0.60816E-009
    4584  0.61493E-009
    4585  0.62179E-009
    4586  0.62871E-009
    4587  0.63562E-009
    4588  0.64254E-009
    4589  0.64944E-009
    4590  0.65633E-009
    4591  0.66320E-009
    4592  0.67005E-009
    4593  0.67689E-009
    4594  0.68370E-009
    4595  0.69051E-009
    4596  0.69729E-009
    4597  0.70406E-009
    4598  0.71082E-009
    4599  0.71757E-009
    4600  0.55614E-009
    4601  0.56483E-009
    4602  0.57694E-009
    4603  0.59056E-009
    4604  0.60464E-009
    4605  0.61878E-009
    4606  0.63287E-009
    4607  0.64688E-009
    4608  0.66083E-009
    4609  0.67470E-009
    4610  0.68850E-009
    4611  0.52891E-009
    4612  0.53133E-009
    4613  0.53521E-009
    4614  0.54022E-009
    4615  0.54610E-009
    4616  0.55260E-009
    4617  0.55944E-009
    4618  0.56652E-009
    4619  0.57369E-009
    4620  0.58091E-009
    4621  0.58813E-009
    4622  0.59536E-009
    4623  0.60256E-009
    4624  0.60974E-009
    4625  0.61691E-009
    4626  0.62405E-009
    4627  0.63118E-009
    4628  0.63828E-009
    4629  0.64537E-009
    4630  0.65244E-009
    4631  0.65949E-009
    4632  0.66652E-009
    4633  0.67355E-009
    4634  0.50688E-009
    4635  0.51597E-009
    4636  0.52862E-009
    4637  0.54284E-009
    4638  0.55754E-009
    4639  0.57229E-009
    4640  0.58697E-009
    4641  0.60158E-009
    4642  0.61609E-009
    4643  0.63053E-009
    4644  0.64489E-009
    4645  0.48029E-009
    4646  0.48281E-009
    4647  0.48686E-009
    4648  0.49210E-009
    4649  0.49824E-009
    4650  0.50501E-009
    4651  0.51215E-009
    4652  0.51953E-009
    4653  0.52701E-009
    4654  0.53454E-009
    4655  0.54207E-009
    4656  0.54959E-009
    4657  0.55709E-009
    4658  0.56457E-009
    4659  0.57203E-009
    4660  0.57947E-009
    4661  0.58688E-009
    4662  0.59427E-009
    4663  0.60164E-009
    4664  0.60898E-009
    4665  0.61631E-009
    4666  0.62361E-009
    4667  0.63090E-009
    4668  0.45914E-009
    4669  0.46862E-009
    4670  0.48180E-009
    4671  0.49662E-009
    4672  0.51193E-009
    4673  0.52728E-009
    4674  0.54255E-009
    4675  0.55774E-009
    4676  0.57283E-009
    4677  0.58782E-009
    4678  0.60273E-009
    4679  0.43325E-009
    4680  0.43588E-009
    4681  0.44009E-009
    4682  0.44555E-009
    4683  0.45194E-009
    4684  0.45899E-009
    4685  0.46642E-009
    4686  0.47411E-009
    4687  0.48188E-009
    4688  0.48972E-009
    4689  0.49754E-009
    4690  0.50537E-009
    4691  0.51316E-009
    4692  0.52094E-009
    4693  0.52868E-009
    4694  0.53641E-009
    4695  0.54410E-009
    4696  0.55178E-009
    4697  0.55942E-009
    4698  0.56705E-009
    4699  0.57464E-009
    4700  0.58222E-009
    4701  0.58979E-009
    4702  0.41305E-009
    4703  0.42291E-009
    4704  0.43661E-009
    4705  0.45202E-009
    4706  0.46793E-009
    4707  0.48387E-009
    4708  0.49973E-009
    4709  0.51549E-009
    4710  0.53113E-009
    4711  0.54668E-009
    4712  0.56212E-009
    4713  0.38793E-009
    4714  0.39067E-009
    4715  0.39505E-009
    4716  0.40071E-009
    4717  0.40735E-009
    4718  0.41468E-009
    4719  0.42240E-009
    4720  0.43038E-009
    4721  0.43845E-009
    4722  0.44658E-009
    4723  0.45470E-009
    4724  0.46281E-009
    4725  0.47090E-009
    4726  0.47896E-009
    4727  0.48699E-009
    4728  0.49499E-009
    4729  0.50297E-009
    4730  0.51091E-009
    4731  0.51883E-009
    4732  0.52672E-009
    4733  0.53459E-009
    4734  0.54243E-009
    4735  0.55026E-009
    4736  0.36875E-009
    4737  0.37898E-009
    4738  0.39321E-009
    4739  0.40919E-009
    4740  0.42568E-009
    4741  0.44220E-009
    4742  0.45863E-009
    4743  0.47494E-009
    4744  0.49113E-009
    4745  0.50720E-009
    4746  0.52318E-009
    4747  0.34449E-009
    4748  0.34732E-009
    4749  0.35186E-009
    4750  0.35774E-009
    4751  0.36462E-009
    4752  0.37221E-009
    4753  0.38021E-009
    4754  0.38847E-009
    4755  0.39683E-009
    4756  0.40525E-009
    4757  0.41366E-009
    4758  0.42206E-009
    4759  0.43042E-009
    4760  0.43876E-009
    4761  0.44707E-009
    4762  0.45534E-009
    4763  0.46358E-009
    4764  0.47180E-009
    4765  0.47998E-009
    4766  0.48814E-009
    4767  0.49626E-009
    4768  0.50436E-009
    4769  0.51246E-009
    4770  0.32639E-009
    4771  0.33699E-009
    4772  0.35171E-009
    4773  0.36825E-009
    4774  0.38531E-009
    4775  0.40239E-009
    4776  0.41937E-009
    4777  0.43622E-009
    4778  0.45294E-009
    4779  0.46953E-009
    4780  0.48601E-009
    4781  0.30305E-009
    4782  0.30599E-009
    4783  0.31068E-009
    4784  0.31676E-009
    4785  0.32387E-009
    4786  0.33172E-009
    4787  0.33999E-009
    4788  0.34854E-009
    4789  0.35717E-009
    4790  0.36587E-009
    4791  0.37455E-009
    4792  0.38323E-009
    4793  0.39186E-009
    4794  0.40047E-009
    4795  0.40904E-009
    4796  0.41758E-009
    4797  0.42608E-009
    4798  0.43456E-009
    4799  0.44299E-009
    4800  0.45140E-009
    4801  0.45977E-009
    4802  0.46812E-009
    4803  0.47645E-009
    4804  0.28611E-009
    4805  0.29706E-009
    4806  0.31227E-009
    4807  0.32934E-009
    4808  0.34695E-009
    4809  0.36457E-009
    4810  0.38208E-009
    4811  0.39945E-009
    4812  0.41667E-009
    4813  0.43376E-009
    4814  0.45072E-009
    4815  0.26377E-009
    4816  0.26680E-009
    4817  0.27164E-009
    4818  0.27791E-009
    4819  0.28526E-009
    4820  0.29335E-009
    4821  0.30188E-009
    4822  0.31069E-009
    4823  0.31960E-009
    4824  0.32856E-009
    4825  0.33751E-009
    4826  0.34645E-009
    4827  0.35535E-009
    4828  0.36421E-009
    4829  0.37304E-009
    4830  0.38183E-009
    4831  0.39058E-009
    4832  0.39930E-009
    4833  0.40798E-009
    4834  0.41663E-009
    4835  0.42524E-009
    4836  0.43383E-009
    4837  0.44239E-009
    4838  0.24805E-009
    4839  0.25933E-009
    4840  0.27500E-009
    4841  0.29260E-009
    4842  0.31073E-009
    4843  0.32887E-009
    4844  0.34689E-009
    4845  0.36475E-009
    4846  0.38246E-009
    4847  0.40002E-009
    4848  0.41745E-009
    4849  0.22678E-009
    4850  0.22989E-009
    4851  0.23488E-009
    4852  0.24134E-009
    4853  0.24890E-009
    4854  0.25723E-009
    4855  0.26601E-009
    4856  0.27507E-009
    4857  0.28423E-009
    4858  0.29346E-009
    4859  0.30266E-009
    4860  0.31185E-009
    4861  0.32100E-009
    4862  0.33011E-009
    4863  0.33918E-009
    4864  0.34821E-009
    4865  0.35720E-009
    4866  0.36616E-009
    4867  0.37507E-009
    4868  0.38395E-009
    4869  0.39278E-009
    4870  0.40159E-009
    4871  0.41036E-009
    4872  0.21234E-009
    4873  0.22394E-009
    4874  0.24005E-009
    4875  0.25813E-009
    4876  0.27676E-009
    4877  0.29540E-009
    4878  0.31390E-009
    4879  0.33223E-009
    4880  0.35041E-009
    4881  0.36842E-009
    4882  0.38629E-009
    4883  0.19220E-009
    4884  0.19541E-009
    4885  0.20053E-009
    4886  0.20716E-009
    4887  0.21492E-009
    4888  0.22348E-009
    4889  0.23249E-009
    4890  0.24180E-009
    4891  0.25120E-009
    4892  0.26067E-009
    4893  0.27011E-009
    4894  0.27954E-009
    4895  0.28892E-009
    4896  0.29827E-009
    4897  0.30757E-009
    4898  0.31683E-009
    4899  0.32605E-009
    4900  0.33522E-009
    4901  0.34436E-009
    4902  0.35346E-009
    4903  0.36251E-009
    4904  0.37154E-009
    4905  0.38054E-009
    4906  0.17911E-009
    4907  0.19101E-009
    4908  0.20753E-009
    4909  0.22608E-009
    4910  0.24518E-009
    4911  0.26428E-009
    4912  0.28323E-009
    4913  0.30201E-009
    4914  0.32062E-009
    4915  0.33906E-009
    4916  0.35735E-009
    4917  0.16018E-009
    4918  0.16346E-009
    4919  0.16871E-009
    4920  0.17550E-009
    4921  0.18345E-009
    4922  0.19222E-009
    4923  0.20145E-009
    4924  0.21099E-009
    4925  0.22062E-009
    4926  0.23031E-009
    4927  0.23998E-009
    4928  0.24963E-009
    4929  0.25924E-009
    4930  0.26880E-009
    4931  0.27832E-009
    4932  0.28779E-009
    4933  0.29722E-009
    4934  0.30661E-009
    4935  0.31595E-009
    4936  0.32525E-009
    4937  0.33451E-009
    4938  0.34373E-009
    4939  0.35293E-009
    4940  0.14847E-009
    4941  0.16065E-009
    4942  0.17757E-009
    4943  0.19654E-009
    4944  0.21608E-009
    4945  0.23561E-009
    4946  0.25499E-009
    4947  0.27418E-009
    4948  0.29320E-009
    4949  0.31204E-009
    4950  0.33072E-009
    4951  0.13081E-009
    4952  0.13417E-009
    4953  0.13954E-009
    4954  0.14648E-009
    4955  0.15461E-009
    4956  0.16357E-009
    4957  0.17301E-009
    4958  0.18275E-009
    4959  0.19259E-009
    4960  0.20250E-009
    4961  0.21237E-009
    4962  0.22223E-009
    4963  0.23204E-009
    4964  0.24181E-009
    4965  0.25152E-009
    4966  0.26120E-009
    4967  0.27082E-009
    4968  0.28040E-009
    4969  0.28994E-009
    4970  0.29943E-009
    4971  0.30887E-009
    4972  0.31829E-009
    4973  0.32769E-009
    4974  0.12055E-009
    4975  0.13299E-009
    4976  0.15026E-009
    4977  0.16963E-009
    4978  0.18957E-009
    4979  0.20950E-009
    4980  0.22927E-009
    4981  0.24884E-009
    4982  0.26823E-009
    4983  0.28743E-009
    4984  0.30647E-009
    4985  0.10423E-009
    4986  0.10765E-009
    4987  0.11312E-009
    4988  0.12020E-009
    4989  0.12850E-009
    4990  0.13764E-009
    4991  0.14726E-009
    4992  0.15719E-009
    4993  0.16723E-009
    4994  0.17732E-009
    4995  0.18739E-009
    4996  0.19743E-009
    4997  0.20743E-009
    4998  0.21738E-009
    4999  0.22728E-009
    5000  0.23713E-009
    5001  0.24693E-009
    5002  0.25669E-009
    5003  0.26640E-009
    5004  0.27606E-009
    5005  0.28567E-009
    5006  0.29525E-009
    5007  0.30480E-009
    5008  0.95456E-010
    5009  0.10813E-009
    5010  0.12572E-009
    5011  0.14545E-009
    5012  0.16575E-009
    5013  0.18604E-009
    5014  0.20616E-009
    5015  0.22607E-009
    5016  0.24580E-009
    5017  0.26532E-009
    5018  0.28468E-009
    5019  0.80512E-010
    5020  0.83993E-010
    5021  0.89567E-010
    5022  0.96773E-010
    5023  0.10521E-009
    5024  0.11451E-009
    5025  0.12430E-009
    5026  0.13440E-009
    5027  0.14461E-009
    5028  0.15488E-009
    5029  0.16511E-009
    5030  0.17533E-009
    5031  0.18549E-009
    5032  0.19561E-009
    5033  0.20567E-009
    5034  0.21568E-009
    5035  0.22565E-009
    5036  0.23556E-009
    5037  0.24542E-009
    5038  0.25524E-009
    5039  0.26501E-009
    5040  0.27474E-009
    5041  0.28445E-009
    5042  0.73270E-010
    5043  0.86151E-010
    5044  0.10403E-009
    5045  0.12408E-009
    5046  0.14470E-009
    5047  0.16531E-009
    5048  0.18574E-009
    5049  0.20597E-009
    5050  0.22599E-009
    5051  0.24581E-009
    5052  0.26545E-009
    5053  0.59762E-010
    5054  0.63297E-010
    5055  0.68956E-010
    5056  0.76271E-010
    5057  0.84838E-010
    5058  0.94279E-010
    5059  0.10421E-009
    5060  0.11447E-009
    5061  0.12483E-009
    5062  0.13524E-009
    5063  0.14563E-009
    5064  0.15600E-009
    5065  0.16631E-009
    5066  0.17657E-009
    5067  0.18677E-009
    5068  0.19693E-009
    5069  0.20703E-009
    5070  0.21709E-009
    5071  0.22709E-009
    5072  0.23704E-009
    5073  0.24694E-009
    5074  0.25681E-009
    5075  0.26663E-009
    5076  0.54084E-010
    5077  0.67145E-010
    5078  0.85273E-010
    5079  0.10560E-009
    5080  0.12651E-009
    5081  0.14739E-009
    5082  0.16809E-009
    5083  0.18858E-009
    5084  0.20886E-009
    5085  0.22894E-009
    5086  0.24883E-009
    5087  0.42059E-010
    5088  0.45639E-010
    5089  0.51371E-010
    5090  0.58780E-010
    5091  0.67457E-010
    5092  0.77018E-010
    5093  0.87079E-010
    5094  0.97465E-010
    5095  0.10795E-009
    5096  0.11850E-009
    5097  0.12902E-009
    5098  0.13951E-009
    5099  0.14994E-009
    5100  0.16033E-009
    5101  0.17066E-009
    5102  0.18093E-009
    5103  0.19116E-009
    5104  0.20133E-009
    5105  0.21144E-009
    5106  0.22151E-009
    5107  0.23153E-009
    5108  0.24150E-009
    5109  0.25145E-009
    5110  0.37973E-010
    5111  0.51186E-010
    5112  0.69524E-010
    5113  0.90082E-010
    5114  0.11123E-009
    5115  0.13235E-009
    5116  0.15328E-009
    5117  0.17399E-009
    5118  0.19448E-009
    5119  0.21477E-009
    5120  0.23486E-009
    5121  0.27473E-010
    5122  0.31091E-010
    5123  0.36883E-010
    5124  0.44370E-010
    5125  0.53137E-010
    5126  0.62799E-010
    5127  0.72963E-010
    5128  0.83456E-010
    5129  0.94050E-010
    5130  0.10471E-009
    5131  0.11533E-009
    5132  0.12592E-009
    5133  0.13646E-009
    5134  0.14695E-009
    5135  0.15738E-009
    5136  0.16776E-009
    5137  0.17808E-009
    5138  0.18834E-009
    5139  0.19856E-009
    5140  0.20872E-009
    5141  0.21882E-009
    5142  0.22888E-009
    5143  0.23892E-009
    5144  0.25002E-010
    5145  0.38340E-010
    5146  0.56848E-010
    5147  0.77594E-010
    5148  0.98934E-010
    5149  0.12024E-009
    5150  0.14136E-009
    5151  0.16225E-009
    5152  0.18291E-009
    5153  0.20337E-009
    5154  0.22362E-009
    5155  0.16065E-010
    5156  0.19713E-010
    5157  0.25552E-010
    5158  0.33100E-010
    5159  0.41939E-010
    5160  0.51678E-010
    5161  0.61925E-010
    5162  0.72502E-010
    5163  0.83180E-010
    5164  0.93920E-010
    5165  0.10463E-009
    5166  0.11531E-009
    5167  0.12593E-009
    5168  0.13649E-009
    5169  0.14700E-009
    5170  0.15746E-009
    5171  0.16786E-009
    5172  0.17820E-009
    5173  0.18849E-009
    5174  0.19873E-009
    5175  0.20891E-009
    5176  0.21905E-009
    5177  0.22916E-009
    5178  0.15228E-010
    5179  0.28658E-010
    5180  0.47295E-010
    5181  0.68185E-010
    5182  0.89669E-010
    5183  0.11112E-009
    5184  0.13237E-009
    5185  0.15340E-009
    5186  0.17421E-009
    5187  0.19479E-009
    5188  0.21517E-009
    5189  0.78826E-011
    5190  0.11552E-010
    5191  0.17425E-010
    5192  0.25018E-010
    5193  0.33907E-010
    5194  0.43703E-010
    5195  0.54009E-010
    5196  0.64646E-010
    5197  0.75385E-010
    5198  0.86185E-010
    5199  0.96952E-010
    5200  0.10769E-009
    5201  0.11837E-009
    5202  0.12900E-009
    5203  0.13956E-009
    5204  0.15008E-009
    5205  0.16053E-009
    5206  0.17093E-009
    5207  0.18127E-009
    5208  0.19156E-009
    5209  0.20180E-009
    5210  0.21199E-009
    5211  0.22212E-009
    5212  0.86893E-011
    5213  0.22182E-010
    5214  0.40905E-010
    5215  0.61890E-010
    5216  0.83472E-010
    5217  0.10502E-009
    5218  0.12637E-009
    5219  0.14748E-009
    5220  0.16838E-009
    5221  0.18904E-009
    5222  0.20951E-009
    5223  0.29603E-011
    5224  0.66423E-011
    5225  0.12536E-010
    5226  0.20155E-010
    5227  0.29075E-010
    5228  0.38905E-010
    5229  0.49246E-010
    5230  0.59920E-010
    5231  0.70695E-010
    5232  0.81532E-010
    5233  0.92335E-010
    5234  0.10311E-009
    5235  0.11382E-009
    5236  0.12448E-009
    5237  0.13509E-009
    5238  0.14563E-009
    5239  0.15612E-009
    5240  0.16655E-009
    5241  0.17692E-009
    5242  0.18725E-009
    5243  0.19751E-009
    5244  0.20773E-009
    5245  0.21791E-009
    5246  0.54136E-011
    5247  0.18938E-010
    5248  0.37704E-010
    5249  0.58737E-010
    5250  0.80367E-010
    5251  0.10196E-009
    5252  0.12335E-009
    5253  0.14452E-009
    5254  0.16545E-009
    5255  0.18616E-009
    5256  0.20666E-009
