       1  0.16441E-008
      14  0.14470E-008
      15  0.14473E-008
      16  0.14485E-008
      17  0.14506E-008
      18  0.14534E-008
      19  0.14570E-008
      20  0.14613E-008
      21  0.14665E-008
      22  0.14723E-008
      23  0.14789E-008
      24  0.14861E-008
      25  0.14941E-008
      26  0.15026E-008
      27  0.15118E-008
      28  0.15216E-008
      29  0.15319E-008
      30  0.15427E-008
      31  0.15540E-008
      32  0.15658E-008
      33  0.15779E-008
      34  0.15905E-008
      35  0.16035E-008
      36  0.16167E-008
      37  0.16303E-008
     279   0.0000     
     291  0.10570E-008
     292  0.33812E-011
     293  0.13234E-010
     294  0.29631E-010
     295  0.52100E-010
     296  0.80493E-010
     297  0.11421E-009
     298  0.15290E-009
     299  0.19592E-009
     300  0.24277E-009
     301  0.29280E-009
     302  0.34544E-009
     303  0.40011E-009
     304  0.45622E-009
     305  0.51330E-009
     306  0.57079E-009
     307  0.62836E-009
     308  0.68552E-009
     309  0.74208E-009
     310  0.79768E-009
     311  0.85220E-009
     312  0.90534E-009
     313  0.95719E-009
     314  0.10079E-008
     938  0.14072E-008
     939  0.13660E-008
     940  0.13231E-008
     941  0.12784E-008
     942  0.12318E-008
     943  0.11831E-008
     944  0.11321E-008
     945  0.10786E-008
     946  0.10223E-008
     947  0.96309E-009
     948  0.90053E-009
     949  0.83440E-009
     950  0.76422E-009
     951  0.68994E-009
     952  0.61101E-009
     953  0.52814E-009
     954  0.44126E-009
     955  0.35287E-009
     956  0.26471E-009
     957  0.18162E-009
     958  0.10833E-009
     959  0.50175E-010
     960  0.13427E-010
     961  0.10593E-008
     962  0.10664E-008
     963  0.10783E-008
     964  0.10940E-008
     965  0.11131E-008
     966  0.11350E-008
     967  0.11590E-008
     968  0.11848E-008
     969  0.12119E-008
     970  0.12400E-008
     971  0.12688E-008
     972  0.12980E-008
     973  0.13275E-008
     974  0.13572E-008
     975  0.13869E-008
     976  0.14165E-008
     977  0.14460E-008
     978  0.14752E-008
     979  0.15043E-008
     980  0.15330E-008
     981  0.15613E-008
     982  0.15893E-008
     983  0.16169E-008
     984  0.10188E-008
     985  0.10497E-008
     986  0.10950E-008
     987  0.11494E-008
     988  0.12087E-008
     989  0.12704E-008
     990  0.13328E-008
     991  0.13949E-008
     992  0.14560E-008
     993  0.15158E-008
     994  0.15739E-008
     995  0.96046E-009
     996  0.96965E-009
     997  0.98451E-009
     998  0.10041E-008
     999  0.10277E-008
    1000  0.10543E-008
    1001  0.10831E-008
    1002  0.11135E-008
    1003  0.11450E-008
    1004  0.11772E-008
    1005  0.12099E-008
    1006  0.12427E-008
    1007  0.12756E-008
    1008  0.13084E-008
    1009  0.13410E-008
    1010  0.13734E-008
    1011  0.14054E-008
    1012  0.14370E-008
    1013  0.14681E-008
    1014  0.14988E-008
    1015  0.15291E-008
    1016  0.15588E-008
    1017  0.15880E-008
    1018  0.91926E-009
    1019  0.95761E-009
    1020  0.10128E-008
    1021  0.10771E-008
    1022  0.11455E-008
    1023  0.12151E-008
    1024  0.12842E-008
    1025  0.13521E-008
    1026  0.14182E-008
    1027  0.14822E-008
    1028  0.15440E-008
    1029  0.85622E-009
    1030  0.86766E-009
    1031  0.88607E-009
    1032  0.91015E-009
    1033  0.93874E-009
    1034  0.97068E-009
    1035  0.10048E-008
    1036  0.10405E-008
    1037  0.10769E-008
    1038  0.11137E-008
    1039  0.11507E-008
    1040  0.11875E-008
    1041  0.12240E-008
    1042  0.12602E-008
    1043  0.12959E-008
    1044  0.13311E-008
    1045  0.13657E-008
    1046  0.13997E-008
    1047  0.14331E-008
    1048  0.14659E-008
    1049  0.14980E-008
    1050  0.15295E-008
    1051  0.15603E-008
    1052  0.81485E-009
    1053  0.86178E-009
    1054  0.92803E-009
    1055  0.10036E-008
    1056  0.10820E-008
    1057  0.11601E-008
    1058  0.12365E-008
    1059  0.13104E-008
    1060  0.13816E-008
    1061  0.14499E-008
    1062  0.15153E-008
    1063  0.74706E-009
    1064  0.76107E-009
    1065  0.78354E-009
    1066  0.81272E-009
    1067  0.84705E-009
    1068  0.88503E-009
    1069  0.92515E-009
    1070  0.96660E-009
    1071  0.10084E-008
    1072  0.10504E-008
    1073  0.10919E-008
    1074  0.11330E-008
    1075  0.11734E-008
    1076  0.12131E-008
    1077  0.12520E-008
    1078  0.12901E-008
    1079  0.13274E-008
    1080  0.13639E-008
    1081  0.13995E-008
    1082  0.14344E-008
    1083  0.14684E-008
    1084  0.15016E-008
    1085  0.15341E-008
    1086  0.70644E-009
    1087  0.76310E-009
    1088  0.84181E-009
    1089  0.92971E-009
    1090  0.10190E-008
    1091  0.11062E-008
    1092  0.11901E-008
    1093  0.12703E-008
    1094  0.13467E-008
    1095  0.14193E-008
    1096  0.14883E-008
    1097  0.63440E-009
    1098  0.65131E-009
    1099  0.67835E-009
    1100  0.71323E-009
    1101  0.75396E-009
    1102  0.79863E-009
    1103  0.84532E-009
    1104  0.89308E-009
    1105  0.94076E-009
    1106  0.98807E-009
    1107  0.10345E-008
    1108  0.10800E-008
    1109  0.11244E-008
    1110  0.11677E-008
    1111  0.12099E-008
    1112  0.12510E-008
    1113  0.12910E-008
    1114  0.13300E-008
    1115  0.13678E-008
    1116  0.14047E-008
    1117  0.14406E-008
    1118  0.14755E-008
    1119  0.15096E-008
    1120  0.59587E-009
    1121  0.66331E-009
    1122  0.75567E-009
    1123  0.85689E-009
    1124  0.95769E-009
    1125  0.10544E-008
    1126  0.11460E-008
    1127  0.12324E-008
    1128  0.13139E-008
    1129  0.13907E-008
    1130  0.14633E-008
    1131  0.52051E-009
    1132  0.54059E-009
    1133  0.57263E-009
    1134  0.61373E-009
    1135  0.66138E-009
    1136  0.71324E-009
    1137  0.76694E-009
    1138  0.82137E-009
    1139  0.87516E-009
    1140  0.92806E-009
    1141  0.97950E-009
    1142  0.10295E-008
    1143  0.10780E-008
    1144  0.11249E-008
    1145  0.11704E-008
    1146  0.12144E-008
    1147  0.12571E-008
    1148  0.12984E-008
    1149  0.13385E-008
    1150  0.13773E-008
    1151  0.14150E-008
    1152  0.14516E-008
    1153  0.14871E-008
    1154  0.48579E-009
    1155  0.56477E-009
    1156  0.67159E-009
    1157  0.78673E-009
    1158  0.89934E-009
    1159  0.10056E-008
    1160  0.11047E-008
    1161  0.11973E-008
    1162  0.12837E-008
    1163  0.13646E-008
    1164  0.14404E-008
    1165  0.40857E-009
    1166  0.43199E-009
    1167  0.46928E-009
    1168  0.51689E-009
    1169  0.57176E-009
    1170  0.63107E-009
    1171  0.69197E-009
    1172  0.75322E-009
    1173  0.81320E-009
    1174  0.87170E-009
    1175  0.92813E-009
    1176  0.98261E-009
    1177  0.10350E-008
    1178  0.10855E-008
    1179  0.11341E-008
    1180  0.11810E-008
    1181  0.12261E-008
    1182  0.12697E-008
    1183  0.13118E-008
    1184  0.13525E-008
    1185  0.13919E-008
    1186  0.14300E-008
    1187  0.14669E-008
    1188  0.37964E-009
    1189  0.47046E-009
    1190  0.59199E-009
    1191  0.72109E-009
    1192  0.84535E-009
    1193  0.96084E-009
    1194  0.10673E-008
    1195  0.11656E-008
    1196  0.12566E-008
    1197  0.13413E-008
    1198  0.14202E-008
    1199  0.30250E-009
    1200  0.32929E-009
    1201  0.37184E-009
    1202  0.42595E-009
    1203  0.48800E-009
    1204  0.55470E-009
    1205  0.62268E-009
    1206  0.69059E-009
    1207  0.75657E-009
    1208  0.82047E-009
    1209  0.88166E-009
    1210  0.94036E-009
    1211  0.99649E-009
    1212  0.10503E-008
    1213  0.11018E-008
    1214  0.11513E-008
    1215  0.11988E-008
    1216  0.12445E-008
    1217  0.12884E-008
    1218  0.13308E-008
    1219  0.13717E-008
    1220  0.14111E-008
    1221  0.14493E-008
    1222  0.28148E-009
    1223  0.38382E-009
    1224  0.51956E-009
    1225  0.66200E-009
    1226  0.79725E-009
    1227  0.92134E-009
    1228  0.10345E-008
    1229  0.11380E-008
    1230  0.12332E-008
    1231  0.13212E-008
    1232  0.14028E-008
    1233  0.20681E-009
    1234  0.23676E-009
    1235  0.28429E-009
    1236  0.34453E-009
    1237  0.41332E-009
    1238  0.48691E-009
    1239  0.56149E-009
    1240  0.63555E-009
    1241  0.70704E-009
    1242  0.77588E-009
    1243  0.84139E-009
    1244  0.90390E-009
    1245  0.96336E-009
    1246  0.10201E-008
    1247  0.10742E-008
    1248  0.11260E-008
    1249  0.11755E-008
    1250  0.12230E-008
    1251  0.12686E-008
    1252  0.13124E-008
    1253  0.13546E-008
    1254  0.13952E-008
    1255  0.14345E-008
    1256  0.19574E-009
    1257  0.30856E-009
    1258  0.45714E-009
    1259  0.61154E-009
    1260  0.75654E-009
    1261  0.88817E-009
    1262  0.10071E-008
    1263  0.11152E-008
    1264  0.12139E-008
    1265  0.13046E-008
    1266  0.13885E-008
    1267  0.12613E-009
    1268  0.15886E-009
    1269  0.21073E-009
    1270  0.27631E-009
    1271  0.35097E-009
    1272  0.43054E-009
    1273  0.51080E-009
    1274  0.59016E-009
    1275  0.66636E-009
    1276  0.73938E-009
    1277  0.80855E-009
    1278  0.87426E-009
    1279  0.93652E-009
    1280  0.99570E-009
    1281  0.10520E-008
    1282  0.11056E-008
    1283  0.11568E-008
    1284  0.12058E-008
    1285  0.12528E-008
    1286  0.12978E-008
    1287  0.13410E-008
    1288  0.13826E-008
    1289  0.14227E-008
    1290  0.12675E-009
    1291  0.24828E-009
    1292  0.40747E-009
    1293  0.57167E-009
    1294  0.72460E-009
    1295  0.86230E-009
    1296  0.98589E-009
    1297  0.10975E-008
    1298  0.11990E-008
    1299  0.12919E-008
    1300  0.13776E-008
    1301  0.64833E-010
    1302  0.99730E-010
    1303  0.15499E-009
    1304  0.22473E-009
    1305  0.30394E-009
    1306  0.38814E-009
    1307  0.47280E-009
    1308  0.55623E-009
    1309  0.63605E-009
    1310  0.71228E-009
    1311  0.78422E-009
    1312  0.85237E-009
    1313  0.91674E-009
    1314  0.97776E-009
    1315  0.10357E-008
    1316  0.10907E-008
    1317  0.11432E-008
    1318  0.11933E-008
    1319  0.12412E-008
    1320  0.12871E-008
    1321  0.13311E-008
    1322  0.13734E-008
    1323  0.14142E-008
    1324  0.78351E-010
    1325  0.20611E-009
    1326  0.37289E-009
    1327  0.54407E-009
    1328  0.70259E-009
    1329  0.84456E-009
    1330  0.97138E-009
    1331  0.10854E-008
    1332  0.11889E-008
    1333  0.12833E-008
    1334  0.13702E-008
    1335  0.26483E-010
    1336  0.62758E-010
    1337  0.12017E-009
    1338  0.19256E-009
    1339  0.27466E-009
    1340  0.36180E-009
    1341  0.44924E-009
    1342  0.53525E-009
    1343  0.61734E-009
    1344  0.69558E-009
    1345  0.76927E-009
    1346  0.83893E-009
    1347  0.90461E-009
    1348  0.96678E-009
    1349  0.10257E-008
    1350  0.10816E-008
    1351  0.11349E-008
    1352  0.11857E-008
    1353  0.12342E-008
    1354  0.12806E-008
    1355  0.13251E-008
    1356  0.13679E-008
    1357  0.14090E-008
    1358  0.53387E-010
    1359  0.18441E-009
    1360  0.35514E-009
    1361  0.52994E-009
    1362  0.69137E-009
    1363  0.83554E-009
    1364  0.96402E-009
    1365  0.10793E-008
    1366  0.11837E-008
    1367  0.12790E-008
    1368  0.13665E-008
