       1  0.23592E-008
      38  0.14618E-008
      39  0.14622E-008
      40  0.14634E-008
      41  0.14654E-008
      42  0.14683E-008
      43  0.14719E-008
      44  0.14763E-008
      45  0.14814E-008
      46  0.14873E-008
      47  0.14939E-008
      48  0.15012E-008
      49  0.15092E-008
      50  0.15178E-008
      51  0.15270E-008
      52  0.15369E-008
      53  0.15473E-008
      54  0.15582E-008
      55  0.15696E-008
      56  0.15814E-008
      57  0.15937E-008
      58  0.16064E-008
      59  0.16195E-008
      60  0.16329E-008
      61  0.16466E-008
      62  0.16606E-008
      63  0.16749E-008
      64  0.16894E-008
      65  0.17040E-008
      66  0.17189E-008
      67  0.17339E-008
      68  0.17491E-008
      69  0.17643E-008
      70  0.17797E-008
      71  0.17951E-008
      72  0.18106E-008
      73  0.18261E-008
      74  0.18416E-008
      75  0.18572E-008
      76  0.18727E-008
      77  0.18883E-008
      78  0.19038E-008
      79  0.19193E-008
      80  0.19347E-008
      81  0.19501E-008
      82  0.19655E-008
      83  0.19808E-008
      84  0.19960E-008
      85  0.20111E-008
      86  0.20262E-008
      87  0.20411E-008
      88  0.20560E-008
      89  0.20708E-008
      90  0.20856E-008
      91  0.21002E-008
      92  0.21147E-008
      93  0.21291E-008
      94  0.21435E-008
      95  0.21577E-008
      96  0.21718E-008
      97  0.21859E-008
      98  0.21998E-008
      99  0.22136E-008
     100  0.22273E-008
     101  0.22410E-008
     102  0.22545E-008
     103  0.22679E-008
     104  0.22813E-008
     105  0.22945E-008
     106  0.23076E-008
     107  0.23207E-008
     108  0.23336E-008
     109  0.23464E-008
    2127   0.0000     
    2163  0.22633E-008
    2164  0.33468E-011
    2165  0.13286E-010
    2166  0.29704E-010
    2167  0.52300E-010
    2168  0.80762E-010
    2169  0.11462E-009
    2170  0.15342E-009
    2171  0.19658E-009
    2172  0.24353E-009
    2173  0.29368E-009
    2174  0.34640E-009
    2175  0.40112E-009
    2176  0.45725E-009
    2177  0.51429E-009
    2178  0.57171E-009
    2179  0.62911E-009
    2180  0.68608E-009
    2181  0.74232E-009
    2182  0.79752E-009
    2183  0.85150E-009
    2184  0.90407E-009
    2185  0.95513E-009
    2186  0.10046E-008
    2187  0.10524E-008
    2188  0.10985E-008
    2189  0.11430E-008
    2190  0.11859E-008
    2191  0.12273E-008
    2192  0.12671E-008
    2193  0.13055E-008
    2194  0.13425E-008
    2195  0.13782E-008
    2196  0.14127E-008
    2197  0.14460E-008
    2198  0.14782E-008
    2199  0.15095E-008
    2200  0.15397E-008
    2201  0.15691E-008
    2202  0.15976E-008
    2203  0.16253E-008
    2204  0.16523E-008
    2205  0.16786E-008
    2206  0.17042E-008
    2207  0.17292E-008
    2208  0.17536E-008
    2209  0.17774E-008
    2210  0.18007E-008
    2211  0.18235E-008
    2212  0.18458E-008
    2213  0.18676E-008
    2214  0.18890E-008
    2215  0.19100E-008
    2216  0.19306E-008
    2217  0.19508E-008
    2218  0.19706E-008
    2219  0.19901E-008
    2220  0.20092E-008
    2221  0.20280E-008
    2222  0.20465E-008
    2223  0.20647E-008
    2224  0.20826E-008
    2225  0.21003E-008
    2226  0.21176E-008
    2227  0.21347E-008
    2228  0.21516E-008
    2229  0.21682E-008
    2230  0.21846E-008
    2231  0.22007E-008
    2232  0.22167E-008
    2233  0.22324E-008
    2234  0.22479E-008
    7994  0.14486E-008
    7995  0.14353E-008
    7996  0.14218E-008
    7997  0.14081E-008
    7998  0.13942E-008
    7999  0.13802E-008
    8000  0.13660E-008
    8001  0.13515E-008
    8002  0.13369E-008
    8003  0.13221E-008
    8004  0.13071E-008
    8005  0.12919E-008
    8006  0.12765E-008
    8007  0.12608E-008
    8008  0.12450E-008
    8009  0.12288E-008
    8010  0.12125E-008
    8011  0.11959E-008
    8012  0.11791E-008
    8013  0.11619E-008
    8014  0.11446E-008
    8015  0.11269E-008
    8016  0.11090E-008
    8017  0.10907E-008
    8018  0.10722E-008
    8019  0.10533E-008
    8020  0.10342E-008
    8021  0.10147E-008
    8022  0.99484E-009
    8023  0.97465E-009
    8024  0.95409E-009
    8025  0.93315E-009
    8026  0.91183E-009
    8027  0.89010E-009
    8028  0.86797E-009
    8029  0.84540E-009
    8030  0.82240E-009
    8031  0.79894E-009
    8032  0.77503E-009
    8033  0.75063E-009
    8034  0.72575E-009
    8035  0.70038E-009
    8036  0.67450E-009
    8037  0.64812E-009
    8038  0.62125E-009
    8039  0.59388E-009
    8040  0.56602E-009
    8041  0.53771E-009
    8042  0.50896E-009
    8043  0.47984E-009
    8044  0.45037E-009
    8045  0.42064E-009
    8046  0.39071E-009
    8047  0.36071E-009
    8048  0.33072E-009
    8049  0.30090E-009
    8050  0.27139E-009
    8051  0.24236E-009
    8052  0.21399E-009
    8053  0.18649E-009
    8054  0.16005E-009
    8055  0.13491E-009
    8056  0.11129E-009
    8057  0.89396E-010
    8058  0.69470E-010
    8059  0.51706E-010
    8060  0.36315E-010
    8061  0.23453E-010
    8062  0.13296E-010
    8063  0.59364E-011
    8064  0.14976E-011
    8065  0.22633E-008
    8066  0.22634E-008
    8067  0.22635E-008
    8068  0.22636E-008
    8069  0.22638E-008
    8070  0.22640E-008
    8071  0.22643E-008
    8072  0.22646E-008
    8073  0.22649E-008
    8074  0.22653E-008
    8075  0.22657E-008
    8076  0.22662E-008
    8077  0.22667E-008
    8078  0.22673E-008
    8079  0.22679E-008
    8080  0.22685E-008
    8081  0.22692E-008
    8082  0.22699E-008
    8083  0.22706E-008
    8084  0.22714E-008
    8085  0.22722E-008
    8086  0.22731E-008
    8087  0.22740E-008
    8088  0.22749E-008
    8089  0.22759E-008
    8090  0.22769E-008
    8091  0.22780E-008
    8092  0.22791E-008
    8093  0.22802E-008
    8094  0.22814E-008
    8095  0.22826E-008
    8096  0.22838E-008
    8097  0.22851E-008
    8098  0.22864E-008
    8099  0.22877E-008
    8100  0.22891E-008
    8101  0.22905E-008
    8102  0.22920E-008
    8103  0.22935E-008
    8104  0.22950E-008
    8105  0.22965E-008
    8106  0.22981E-008
    8107  0.22997E-008
    8108  0.23014E-008
    8109  0.23031E-008
    8110  0.23048E-008
    8111  0.23065E-008
    8112  0.23083E-008
    8113  0.23101E-008
    8114  0.23119E-008
    8115  0.23138E-008
    8116  0.23157E-008
    8117  0.23176E-008
    8118  0.23196E-008
    8119  0.23215E-008
    8120  0.23235E-008
    8121  0.23256E-008
    8122  0.23276E-008
    8123  0.23297E-008
    8124  0.23319E-008
    8125  0.23340E-008
    8126  0.23362E-008
    8127  0.23384E-008
    8128  0.23406E-008
    8129  0.23428E-008
    8130  0.23451E-008
    8131  0.23474E-008
    8132  0.23497E-008
    8133  0.23520E-008
    8134  0.23544E-008
    8135  0.23568E-008
    8136  0.22480E-008
    8137  0.22483E-008
    8138  0.22487E-008
    8139  0.22493E-008
    8140  0.22500E-008
    8141  0.22510E-008
    8142  0.22521E-008
    8143  0.22533E-008
    8144  0.22547E-008
    8145  0.22563E-008
    8146  0.22581E-008
    8147  0.22599E-008
    8148  0.22620E-008
    8149  0.22642E-008
    8150  0.22666E-008
    8151  0.22691E-008
    8152  0.22717E-008
    8153  0.22745E-008
    8154  0.22775E-008
    8155  0.22806E-008
    8156  0.22838E-008
    8157  0.22871E-008
    8158  0.22906E-008
    8159  0.22942E-008
    8160  0.22980E-008
    8161  0.23018E-008
    8162  0.23058E-008
    8163  0.23099E-008
    8164  0.23141E-008
    8165  0.23184E-008
    8166  0.23228E-008
    8167  0.23274E-008
    8168  0.23320E-008
    8169  0.23367E-008
    8170  0.23415E-008
    8171  0.22324E-008
    8172  0.22325E-008
    8173  0.22326E-008
    8174  0.22328E-008
    8175  0.22330E-008
    8176  0.22332E-008
    8177  0.22335E-008
    8178  0.22338E-008
    8179  0.22342E-008
    8180  0.22346E-008
    8181  0.22350E-008
    8182  0.22355E-008
    8183  0.22361E-008
    8184  0.22367E-008
    8185  0.22373E-008
    8186  0.22380E-008
    8187  0.22387E-008
    8188  0.22394E-008
    8189  0.22402E-008
    8190  0.22410E-008
    8191  0.22419E-008
    8192  0.22428E-008
    8193  0.22438E-008
    8194  0.22448E-008
    8195  0.22458E-008
    8196  0.22469E-008
    8197  0.22480E-008
    8198  0.22492E-008
    8199  0.22504E-008
    8200  0.22516E-008
    8201  0.22529E-008
    8202  0.22542E-008
    8203  0.22555E-008
    8204  0.22569E-008
    8205  0.22583E-008
    8206  0.22598E-008
    8207  0.22613E-008
    8208  0.22628E-008
    8209  0.22644E-008
    8210  0.22660E-008
    8211  0.22676E-008
    8212  0.22693E-008
    8213  0.22710E-008
    8214  0.22728E-008
    8215  0.22745E-008
    8216  0.22763E-008
    8217  0.22782E-008
    8218  0.22800E-008
    8219  0.22819E-008
    8220  0.22839E-008
    8221  0.22859E-008
    8222  0.22878E-008
    8223  0.22899E-008
    8224  0.22919E-008
    8225  0.22940E-008
    8226  0.22961E-008
    8227  0.22983E-008
    8228  0.23005E-008
    8229  0.23027E-008
    8230  0.23049E-008
    8231  0.23071E-008
    8232  0.23094E-008
    8233  0.23117E-008
    8234  0.23141E-008
    8235  0.23164E-008
    8236  0.23188E-008
    8237  0.23212E-008
    8238  0.23236E-008
    8239  0.23261E-008
    8240  0.23286E-008
    8241  0.23311E-008
    8242  0.22168E-008
    8243  0.22170E-008
    8244  0.22175E-008
    8245  0.22181E-008
    8246  0.22189E-008
    8247  0.22199E-008
    8248  0.22211E-008
    8249  0.22224E-008
    8250  0.22239E-008
    8251  0.22256E-008
    8252  0.22274E-008
    8253  0.22294E-008
    8254  0.22316E-008
    8255  0.22339E-008
    8256  0.22364E-008
    8257  0.22391E-008
    8258  0.22419E-008
    8259  0.22449E-008
    8260  0.22480E-008
    8261  0.22513E-008
    8262  0.22547E-008
    8263  0.22582E-008
    8264  0.22619E-008
    8265  0.22657E-008
    8266  0.22697E-008
    8267  0.22737E-008
    8268  0.22779E-008
    8269  0.22822E-008
    8270  0.22867E-008
    8271  0.22912E-008
    8272  0.22959E-008
    8273  0.23006E-008
    8274  0.23055E-008
    8275  0.23104E-008
    8276  0.23155E-008
    8277  0.22008E-008
    8278  0.22008E-008
    8279  0.22010E-008
    8280  0.22011E-008
    8281  0.22013E-008
    8282  0.22016E-008
    8283  0.22019E-008
    8284  0.22022E-008
    8285  0.22026E-008
    8286  0.22031E-008
    8287  0.22035E-008
    8288  0.22041E-008
    8289  0.22046E-008
    8290  0.22053E-008
    8291  0.22059E-008
    8292  0.22066E-008
    8293  0.22074E-008
    8294  0.22082E-008
    8295  0.22090E-008
    8296  0.22099E-008
    8297  0.22108E-008
    8298  0.22118E-008
    8299  0.22128E-008
    8300  0.22139E-008
    8301  0.22150E-008
    8302  0.22161E-008
    8303  0.22173E-008
    8304  0.22185E-008
    8305  0.22198E-008
    8306  0.22211E-008
    8307  0.22225E-008
    8308  0.22239E-008
    8309  0.22253E-008
    8310  0.22268E-008
    8311  0.22283E-008
    8312  0.22298E-008
    8313  0.22314E-008
    8314  0.22330E-008
    8315  0.22347E-008
    8316  0.22364E-008
    8317  0.22381E-008
    8318  0.22399E-008
    8319  0.22417E-008
    8320  0.22435E-008
    8321  0.22454E-008
    8322  0.22473E-008
    8323  0.22492E-008
    8324  0.22512E-008
    8325  0.22532E-008
    8326  0.22553E-008
    8327  0.22574E-008
    8328  0.22595E-008
    8329  0.22616E-008
    8330  0.22638E-008
    8331  0.22660E-008
    8332  0.22682E-008
    8333  0.22705E-008
    8334  0.22728E-008
    8335  0.22751E-008
    8336  0.22774E-008
    8337  0.22798E-008
    8338  0.22822E-008
    8339  0.22846E-008
    8340  0.22871E-008
    8341  0.22896E-008
    8342  0.22921E-008
    8343  0.22946E-008
    8344  0.22972E-008
    8345  0.22997E-008
    8346  0.23023E-008
    8347  0.23050E-008
    8348  0.21847E-008
    8349  0.21850E-008
    8350  0.21854E-008
    8351  0.21861E-008
    8352  0.21870E-008
    8353  0.21880E-008
    8354  0.21892E-008
    8355  0.21907E-008
    8356  0.21923E-008
    8357  0.21940E-008
    8358  0.21960E-008
    8359  0.21981E-008
    8360  0.22005E-008
    8361  0.22029E-008
    8362  0.22056E-008
    8363  0.22084E-008
    8364  0.22114E-008
    8365  0.22145E-008
    8366  0.22178E-008
    8367  0.22213E-008
    8368  0.22249E-008
    8369  0.22287E-008
    8370  0.22326E-008
    8371  0.22366E-008
    8372  0.22408E-008
    8373  0.22451E-008
    8374  0.22495E-008
    8375  0.22540E-008
    8376  0.22587E-008
    8377  0.22635E-008
    8378  0.22684E-008
    8379  0.22734E-008
    8380  0.22785E-008
    8381  0.22838E-008
    8382  0.22891E-008
    8383  0.21682E-008
    8384  0.21683E-008
    8385  0.21684E-008
    8386  0.21686E-008
    8387  0.21688E-008
    8388  0.21691E-008
    8389  0.21694E-008
    8390  0.21698E-008
    8391  0.21702E-008
    8392  0.21707E-008
    8393  0.21712E-008
    8394  0.21717E-008
    8395  0.21723E-008
    8396  0.21730E-008
    8397  0.21737E-008
    8398  0.21745E-008
    8399  0.21753E-008
    8400  0.21761E-008
    8401  0.21770E-008
    8402  0.21780E-008
    8403  0.21789E-008
    8404  0.21800E-008
    8405  0.21811E-008
    8406  0.21822E-008
    8407  0.21834E-008
    8408  0.21846E-008
    8409  0.21858E-008
    8410  0.21871E-008
    8411  0.21885E-008
    8412  0.21899E-008
    8413  0.21913E-008
    8414  0.21928E-008
    8415  0.21943E-008
    8416  0.21959E-008
    8417  0.21975E-008
    8418  0.21991E-008
    8419  0.22008E-008
    8420  0.22025E-008
    8421  0.22043E-008
    8422  0.22061E-008
    8423  0.22079E-008
    8424  0.22098E-008
    8425  0.22117E-008
    8426  0.22136E-008
    8427  0.22156E-008
    8428  0.22177E-008
    8429  0.22197E-008
    8430  0.22218E-008
    8431  0.22239E-008
    8432  0.22261E-008
    8433  0.22283E-008
    8434  0.22305E-008
    8435  0.22328E-008
    8436  0.22351E-008
    8437  0.22374E-008
    8438  0.22398E-008
    8439  0.22421E-008
    8440  0.22446E-008
    8441  0.22470E-008
    8442  0.22495E-008
    8443  0.22520E-008
    8444  0.22545E-008
    8445  0.22571E-008
    8446  0.22597E-008
    8447  0.22623E-008
    8448  0.22649E-008
    8449  0.22676E-008
    8450  0.22703E-008
    8451  0.22730E-008
    8452  0.22757E-008
    8453  0.22785E-008
    8454  0.21517E-008
    8455  0.21520E-008
    8456  0.21525E-008
    8457  0.21532E-008
    8458  0.21541E-008
    8459  0.21552E-008
    8460  0.21566E-008
    8461  0.21581E-008
    8462  0.21598E-008
    8463  0.21617E-008
    8464  0.21638E-008
    8465  0.21660E-008
    8466  0.21685E-008
    8467  0.21711E-008
    8468  0.21740E-008
    8469  0.21770E-008
    8470  0.21801E-008
    8471  0.21835E-008
    8472  0.21870E-008
    8473  0.21906E-008
    8474  0.21945E-008
    8475  0.21985E-008
    8476  0.22026E-008
    8477  0.22069E-008
    8478  0.22113E-008
    8479  0.22158E-008
    8480  0.22205E-008
    8481  0.22253E-008
    8482  0.22303E-008
    8483  0.22353E-008
    8484  0.22405E-008
    8485  0.22458E-008
    8486  0.22512E-008
    8487  0.22566E-008
    8488  0.22622E-008
    8489  0.21348E-008
    8490  0.21348E-008
    8491  0.21350E-008
    8492  0.21351E-008
    8493  0.21354E-008
    8494  0.21357E-008
    8495  0.21360E-008
    8496  0.21364E-008
    8497  0.21369E-008
    8498  0.21374E-008
    8499  0.21379E-008
    8500  0.21385E-008
    8501  0.21392E-008
    8502  0.21399E-008
    8503  0.21406E-008
    8504  0.21414E-008
    8505  0.21423E-008
    8506  0.21432E-008
    8507  0.21441E-008
    8508  0.21451E-008
    8509  0.21462E-008
    8510  0.21473E-008
    8511  0.21485E-008
    8512  0.21497E-008
    8513  0.21509E-008
    8514  0.21522E-008
    8515  0.21535E-008
    8516  0.21549E-008
    8517  0.21564E-008
    8518  0.21578E-008
    8519  0.21594E-008
    8520  0.21609E-008
    8521  0.21625E-008
    8522  0.21642E-008
    8523  0.21659E-008
    8524  0.21677E-008
    8525  0.21694E-008
    8526  0.21713E-008
    8527  0.21731E-008
    8528  0.21750E-008
    8529  0.21770E-008
    8530  0.21790E-008
    8531  0.21810E-008
    8532  0.21831E-008
    8533  0.21852E-008
    8534  0.21873E-008
    8535  0.21895E-008
    8536  0.21917E-008
    8537  0.21940E-008
    8538  0.21963E-008
    8539  0.21986E-008
    8540  0.22010E-008
    8541  0.22034E-008
    8542  0.22058E-008
    8543  0.22082E-008
    8544  0.22107E-008
    8545  0.22133E-008
    8546  0.22158E-008
    8547  0.22184E-008
    8548  0.22210E-008
    8549  0.22237E-008
    8550  0.22263E-008
    8551  0.22290E-008
    8552  0.22318E-008
    8553  0.22345E-008
    8554  0.22373E-008
    8555  0.22401E-008
    8556  0.22429E-008
    8557  0.22458E-008
    8558  0.22487E-008
    8559  0.22516E-008
    8560  0.21177E-008
    8561  0.21181E-008
    8562  0.21186E-008
    8563  0.21194E-008
    8564  0.21203E-008
    8565  0.21215E-008
    8566  0.21229E-008
    8567  0.21245E-008
    8568  0.21264E-008
    8569  0.21284E-008
    8570  0.21306E-008
    8571  0.21330E-008
    8572  0.21357E-008
    8573  0.21385E-008
    8574  0.21415E-008
    8575  0.21447E-008
    8576  0.21481E-008
    8577  0.21516E-008
    8578  0.21554E-008
    8579  0.21593E-008
    8580  0.21633E-008
    8581  0.21676E-008
    8582  0.21719E-008
    8583  0.21765E-008
    8584  0.21811E-008
    8585  0.21860E-008
    8586  0.21909E-008
    8587  0.21960E-008
    8588  0.22012E-008
    8589  0.22066E-008
    8590  0.22120E-008
    8591  0.22176E-008
    8592  0.22233E-008
    8593  0.22291E-008
    8594  0.22350E-008
    8595  0.21003E-008
    8596  0.21004E-008
    8597  0.21005E-008
    8598  0.21007E-008
    8599  0.21010E-008
    8600  0.21013E-008
    8601  0.21016E-008
    8602  0.21021E-008
    8603  0.21025E-008
    8604  0.21031E-008
    8605  0.21037E-008
    8606  0.21043E-008
    8607  0.21050E-008
    8608  0.21057E-008
    8609  0.21066E-008
    8610  0.21074E-008
    8611  0.21083E-008
    8612  0.21093E-008
    8613  0.21103E-008
    8614  0.21114E-008
    8615  0.21125E-008
    8616  0.21137E-008
    8617  0.21149E-008
    8618  0.21162E-008
    8619  0.21175E-008
    8620  0.21189E-008
    8621  0.21204E-008
    8622  0.21218E-008
    8623  0.21234E-008
    8624  0.21249E-008
    8625  0.21266E-008
    8626  0.21283E-008
    8627  0.21300E-008
    8628  0.21317E-008
    8629  0.21336E-008
    8630  0.21354E-008
    8631  0.21373E-008
    8632  0.21393E-008
    8633  0.21412E-008
    8634  0.21433E-008
    8635  0.21454E-008
    8636  0.21475E-008
    8637  0.21496E-008
    8638  0.21518E-008
    8639  0.21541E-008
    8640  0.21563E-008
    8641  0.21587E-008
    8642  0.21610E-008
    8643  0.21634E-008
    8644  0.21658E-008
    8645  0.21683E-008
    8646  0.21708E-008
    8647  0.21733E-008
    8648  0.21759E-008
    8649  0.21785E-008
    8650  0.21811E-008
    8651  0.21838E-008
    8652  0.21865E-008
    8653  0.21893E-008
    8654  0.21920E-008
    8655  0.21948E-008
    8656  0.21976E-008
    8657  0.22005E-008
    8658  0.22034E-008
    8659  0.22063E-008
    8660  0.22092E-008
    8661  0.22122E-008
    8662  0.22152E-008
    8663  0.22182E-008
    8664  0.22212E-008
    8665  0.22243E-008
    8666  0.20827E-008
    8667  0.20831E-008
    8668  0.20837E-008
    8669  0.20845E-008
    8670  0.20855E-008
    8671  0.20868E-008
    8672  0.20883E-008
    8673  0.20900E-008
    8674  0.20920E-008
    8675  0.20942E-008
    8676  0.20965E-008
    8677  0.20991E-008
    8678  0.21019E-008
    8679  0.21050E-008
    8680  0.21082E-008
    8681  0.21116E-008
    8682  0.21152E-008
    8683  0.21190E-008
    8684  0.21230E-008
    8685  0.21271E-008
    8686  0.21314E-008
    8687  0.21359E-008
    8688  0.21406E-008
    8689  0.21454E-008
    8690  0.21504E-008
    8691  0.21555E-008
    8692  0.21607E-008
    8693  0.21661E-008
    8694  0.21717E-008
    8695  0.21773E-008
    8696  0.21831E-008
    8697  0.21890E-008
    8698  0.21950E-008
    8699  0.22011E-008
    8700  0.22073E-008
    8701  0.20647E-008
    8702  0.20648E-008
    8703  0.20650E-008
    8704  0.20652E-008
    8705  0.20655E-008
    8706  0.20658E-008
    8707  0.20662E-008
    8708  0.20666E-008
    8709  0.20672E-008
    8710  0.20677E-008
    8711  0.20684E-008
    8712  0.20690E-008
    8713  0.20698E-008
    8714  0.20706E-008
    8715  0.20715E-008
    8716  0.20724E-008
    8717  0.20734E-008
    8718  0.20744E-008
    8719  0.20755E-008
    8720  0.20767E-008
    8721  0.20779E-008
    8722  0.20791E-008
    8723  0.20804E-008
    8724  0.20818E-008
    8725  0.20832E-008
    8726  0.20847E-008
    8727  0.20863E-008
    8728  0.20878E-008
    8729  0.20895E-008
    8730  0.20912E-008
    8731  0.20929E-008
    8732  0.20947E-008
    8733  0.20965E-008
    8734  0.20984E-008
    8735  0.21003E-008
    8736  0.21023E-008
    8737  0.21044E-008
    8738  0.21064E-008
    8739  0.21086E-008
    8740  0.21107E-008
    8741  0.21129E-008
    8742  0.21152E-008
    8743  0.21175E-008
    8744  0.21198E-008
    8745  0.21222E-008
    8746  0.21246E-008
    8747  0.21271E-008
    8748  0.21296E-008
    8749  0.21321E-008
    8750  0.21347E-008
    8751  0.21373E-008
    8752  0.21400E-008
    8753  0.21427E-008
    8754  0.21454E-008
    8755  0.21482E-008
    8756  0.21510E-008
    8757  0.21538E-008
    8758  0.21567E-008
    8759  0.21596E-008
    8760  0.21625E-008
    8761  0.21654E-008
    8762  0.21684E-008
    8763  0.21714E-008
    8764  0.21745E-008
    8765  0.21775E-008
    8766  0.21806E-008
    8767  0.21838E-008
    8768  0.21869E-008
    8769  0.21901E-008
    8770  0.21933E-008
    8771  0.21965E-008
    8772  0.20466E-008
    8773  0.20470E-008
    8774  0.20476E-008
    8775  0.20485E-008
    8776  0.20496E-008
    8777  0.20510E-008
    8778  0.20526E-008
    8779  0.20545E-008
    8780  0.20566E-008
    8781  0.20589E-008
    8782  0.20615E-008
    8783  0.20642E-008
    8784  0.20672E-008
    8785  0.20705E-008
    8786  0.20739E-008
    8787  0.20776E-008
    8788  0.20814E-008
    8789  0.20855E-008
    8790  0.20897E-008
    8791  0.20941E-008
    8792  0.20988E-008
    8793  0.21035E-008
    8794  0.21085E-008
    8795  0.21136E-008
    8796  0.21189E-008
    8797  0.21243E-008
    8798  0.21299E-008
    8799  0.21357E-008
    8800  0.21415E-008
    8801  0.21475E-008
    8802  0.21536E-008
    8803  0.21598E-008
    8804  0.21662E-008
    8805  0.21726E-008
    8806  0.21792E-008
    8807  0.20280E-008
    8808  0.20281E-008
    8809  0.20283E-008
    8810  0.20285E-008
    8811  0.20288E-008
    8812  0.20292E-008
    8813  0.20296E-008
    8814  0.20301E-008
    8815  0.20306E-008
    8816  0.20313E-008
    8817  0.20319E-008
    8818  0.20327E-008
    8819  0.20335E-008
    8820  0.20343E-008
    8821  0.20353E-008
    8822  0.20363E-008
    8823  0.20373E-008
    8824  0.20384E-008
    8825  0.20396E-008
    8826  0.20409E-008
    8827  0.20422E-008
    8828  0.20435E-008
    8829  0.20449E-008
    8830  0.20464E-008
    8831  0.20479E-008
    8832  0.20495E-008
    8833  0.20512E-008
    8834  0.20529E-008
    8835  0.20546E-008
    8836  0.20564E-008
    8837  0.20583E-008
    8838  0.20602E-008
    8839  0.20622E-008
    8840  0.20642E-008
    8841  0.20662E-008
    8842  0.20684E-008
    8843  0.20705E-008
    8844  0.20728E-008
    8845  0.20750E-008
    8846  0.20773E-008
    8847  0.20797E-008
    8848  0.20821E-008
    8849  0.20846E-008
    8850  0.20871E-008
    8851  0.20896E-008
    8852  0.20922E-008
    8853  0.20948E-008
    8854  0.20975E-008
    8855  0.21002E-008
    8856  0.21029E-008
    8857  0.21057E-008
    8858  0.21085E-008
    8859  0.21114E-008
    8860  0.21143E-008
    8861  0.21172E-008
    8862  0.21202E-008
    8863  0.21232E-008
    8864  0.21262E-008
    8865  0.21293E-008
    8866  0.21324E-008
    8867  0.21355E-008
    8868  0.21387E-008
    8869  0.21419E-008
    8870  0.21451E-008
    8871  0.21483E-008
    8872  0.21516E-008
    8873  0.21549E-008
    8874  0.21583E-008
    8875  0.21616E-008
    8876  0.21650E-008
    8877  0.21684E-008
    8878  0.20093E-008
    8879  0.20097E-008
    8880  0.20104E-008
    8881  0.20114E-008
    8882  0.20126E-008
    8883  0.20140E-008
    8884  0.20158E-008
    8885  0.20178E-008
    8886  0.20200E-008
    8887  0.20225E-008
    8888  0.20253E-008
    8889  0.20283E-008
    8890  0.20315E-008
    8891  0.20350E-008
    8892  0.20387E-008
    8893  0.20426E-008
    8894  0.20467E-008
    8895  0.20510E-008
    8896  0.20556E-008
    8897  0.20603E-008
    8898  0.20653E-008
    8899  0.20704E-008
    8900  0.20757E-008
    8901  0.20811E-008
    8902  0.20867E-008
    8903  0.20925E-008
    8904  0.20985E-008
    8905  0.21045E-008
    8906  0.21108E-008
    8907  0.21171E-008
    8908  0.21236E-008
    8909  0.21302E-008
    8910  0.21369E-008
    8911  0.21437E-008
    8912  0.21507E-008
    8913  0.19901E-008
    8914  0.19902E-008
    8915  0.19904E-008
    8916  0.19906E-008
    8917  0.19909E-008
    8918  0.19913E-008
    8919  0.19918E-008
    8920  0.19923E-008
    8921  0.19929E-008
    8922  0.19936E-008
    8923  0.19943E-008
    8924  0.19951E-008
    8925  0.19960E-008
    8926  0.19969E-008
    8927  0.19979E-008
    8928  0.19990E-008
    8929  0.20001E-008
    8930  0.20013E-008
    8931  0.20026E-008
    8932  0.20039E-008
    8933  0.20053E-008
    8934  0.20068E-008
    8935  0.20083E-008
    8936  0.20099E-008
    8937  0.20115E-008
    8938  0.20132E-008
    8939  0.20150E-008
    8940  0.20168E-008
    8941  0.20187E-008
    8942  0.20206E-008
    8943  0.20226E-008
    8944  0.20247E-008
    8945  0.20268E-008
    8946  0.20290E-008
    8947  0.20312E-008
    8948  0.20335E-008
    8949  0.20358E-008
    8950  0.20382E-008
    8951  0.20406E-008
    8952  0.20431E-008
    8953  0.20456E-008
    8954  0.20482E-008
    8955  0.20508E-008
    8956  0.20535E-008
    8957  0.20562E-008
    8958  0.20589E-008
    8959  0.20617E-008
    8960  0.20646E-008
    8961  0.20675E-008
    8962  0.20704E-008
    8963  0.20734E-008
    8964  0.20764E-008
    8965  0.20794E-008
    8966  0.20825E-008
    8967  0.20856E-008
    8968  0.20888E-008
    8969  0.20919E-008
    8970  0.20952E-008
    8971  0.20984E-008
    8972  0.21017E-008
    8973  0.21050E-008
    8974  0.21084E-008
    8975  0.21118E-008
    8976  0.21152E-008
    8977  0.21186E-008
    8978  0.21221E-008
    8979  0.21256E-008
    8980  0.21291E-008
    8981  0.21327E-008
    8982  0.21362E-008
    8983  0.21398E-008
    8984  0.19707E-008
    8985  0.19712E-008
    8986  0.19719E-008
    8987  0.19729E-008
    8988  0.19742E-008
    8989  0.19758E-008
    8990  0.19777E-008
    8991  0.19799E-008
    8992  0.19823E-008
    8993  0.19850E-008
    8994  0.19880E-008
    8995  0.19912E-008
    8996  0.19947E-008
    8997  0.19984E-008
    8998  0.20024E-008
    8999  0.20066E-008
    9000  0.20110E-008
    9001  0.20157E-008
    9002  0.20205E-008
    9003  0.20256E-008
    9004  0.20309E-008
    9005  0.20364E-008
    9006  0.20420E-008
    9007  0.20478E-008
    9008  0.20538E-008
    9009  0.20600E-008
    9010  0.20663E-008
    9011  0.20728E-008
    9012  0.20794E-008
    9013  0.20862E-008
    9014  0.20931E-008
    9015  0.21001E-008
    9016  0.21072E-008
    9017  0.21144E-008
    9018  0.21217E-008
    9019  0.19508E-008
    9020  0.19509E-008
    9021  0.19511E-008
    9022  0.19514E-008
    9023  0.19517E-008
    9024  0.19521E-008
    9025  0.19526E-008
    9026  0.19532E-008
    9027  0.19538E-008
    9028  0.19546E-008
    9029  0.19553E-008
    9030  0.19562E-008
    9031  0.19572E-008
    9032  0.19582E-008
    9033  0.19593E-008
    9034  0.19604E-008
    9035  0.19616E-008
    9036  0.19629E-008
    9037  0.19643E-008
    9038  0.19657E-008
    9039  0.19673E-008
    9040  0.19688E-008
    9041  0.19705E-008
    9042  0.19722E-008
    9043  0.19740E-008
    9044  0.19758E-008
    9045  0.19777E-008
    9046  0.19797E-008
    9047  0.19817E-008
    9048  0.19838E-008
    9049  0.19860E-008
    9050  0.19882E-008
    9051  0.19904E-008
    9052  0.19928E-008
    9053  0.19951E-008
    9054  0.19976E-008
    9055  0.20001E-008
    9056  0.20026E-008
    9057  0.20052E-008
    9058  0.20079E-008
    9059  0.20106E-008
    9060  0.20134E-008
    9061  0.20162E-008
    9062  0.20190E-008
    9063  0.20219E-008
    9064  0.20249E-008
    9065  0.20279E-008
    9066  0.20309E-008
    9067  0.20340E-008
    9068  0.20371E-008
    9069  0.20403E-008
    9070  0.20435E-008
    9071  0.20467E-008
    9072  0.20500E-008
    9073  0.20533E-008
    9074  0.20567E-008
    9075  0.20601E-008
    9076  0.20635E-008
    9077  0.20670E-008
    9078  0.20705E-008
    9079  0.20740E-008
    9080  0.20776E-008
    9081  0.20812E-008
    9082  0.20848E-008
    9083  0.20884E-008
    9084  0.20921E-008
    9085  0.20958E-008
    9086  0.20995E-008
    9087  0.21033E-008
    9088  0.21071E-008
    9089  0.21109E-008
    9090  0.19307E-008
    9091  0.19312E-008
    9092  0.19320E-008
    9093  0.19331E-008
    9094  0.19345E-008
    9095  0.19362E-008
    9096  0.19383E-008
    9097  0.19406E-008
    9098  0.19433E-008
    9099  0.19462E-008
    9100  0.19494E-008
    9101  0.19529E-008
    9102  0.19566E-008
    9103  0.19607E-008
    9104  0.19649E-008
    9105  0.19695E-008
    9106  0.19743E-008
    9107  0.19793E-008
    9108  0.19845E-008
    9109  0.19899E-008
    9110  0.19956E-008
    9111  0.20015E-008
    9112  0.20075E-008
    9113  0.20138E-008
    9114  0.20202E-008
    9115  0.20268E-008
    9116  0.20335E-008
    9117  0.20404E-008
    9118  0.20475E-008
    9119  0.20546E-008
    9120  0.20620E-008
    9121  0.20694E-008
    9122  0.20769E-008
    9123  0.20846E-008
    9124  0.20923E-008
    9125  0.19100E-008
    9126  0.19101E-008
    9127  0.19104E-008
    9128  0.19106E-008
    9129  0.19110E-008
    9130  0.19115E-008
    9131  0.19120E-008
    9132  0.19126E-008
    9133  0.19133E-008
    9134  0.19141E-008
    9135  0.19150E-008
    9136  0.19159E-008
    9137  0.19169E-008
    9138  0.19180E-008
    9139  0.19192E-008
    9140  0.19205E-008
    9141  0.19218E-008
    9142  0.19232E-008
    9143  0.19247E-008
    9144  0.19263E-008
    9145  0.19279E-008
    9146  0.19296E-008
    9147  0.19314E-008
    9148  0.19332E-008
    9149  0.19352E-008
    9150  0.19372E-008
    9151  0.19392E-008
    9152  0.19413E-008
    9153  0.19435E-008
    9154  0.19458E-008
    9155  0.19481E-008
    9156  0.19505E-008
    9157  0.19530E-008
    9158  0.19555E-008
    9159  0.19580E-008
    9160  0.19607E-008
    9161  0.19634E-008
    9162  0.19661E-008
    9163  0.19689E-008
    9164  0.19718E-008
    9165  0.19747E-008
    9166  0.19776E-008
    9167  0.19806E-008
    9168  0.19837E-008
    9169  0.19868E-008
    9170  0.19900E-008
    9171  0.19932E-008
    9172  0.19964E-008
    9173  0.19997E-008
    9174  0.20031E-008
    9175  0.20065E-008
    9176  0.20099E-008
    9177  0.20133E-008
    9178  0.20169E-008
    9179  0.20204E-008
    9180  0.20240E-008
    9181  0.20276E-008
    9182  0.20312E-008
    9183  0.20349E-008
    9184  0.20387E-008
    9185  0.20424E-008
    9186  0.20462E-008
    9187  0.20500E-008
    9188  0.20539E-008
    9189  0.20577E-008
    9190  0.20616E-008
    9191  0.20656E-008
    9192  0.20695E-008
    9193  0.20735E-008
    9194  0.20775E-008
    9195  0.20815E-008
    9196  0.18892E-008
    9197  0.18897E-008
    9198  0.18906E-008
    9199  0.18918E-008
    9200  0.18933E-008
    9201  0.18952E-008
    9202  0.18974E-008
    9203  0.19000E-008
    9204  0.19028E-008
    9205  0.19060E-008
    9206  0.19095E-008
    9207  0.19133E-008
    9208  0.19173E-008
    9209  0.19217E-008
    9210  0.19263E-008
    9211  0.19312E-008
    9212  0.19364E-008
    9213  0.19418E-008
    9214  0.19474E-008
    9215  0.19533E-008
    9216  0.19594E-008
    9217  0.19657E-008
    9218  0.19722E-008
    9219  0.19789E-008
    9220  0.19858E-008
    9221  0.19928E-008
    9222  0.20000E-008
    9223  0.20074E-008
    9224  0.20149E-008
    9225  0.20225E-008
    9226  0.20303E-008
    9227  0.20382E-008
    9228  0.20462E-008
    9229  0.20543E-008
    9230  0.20625E-008
    9231  0.18677E-008
    9232  0.18678E-008
    9233  0.18680E-008
    9234  0.18683E-008
    9235  0.18687E-008
    9236  0.18692E-008
    9237  0.18698E-008
    9238  0.18705E-008
    9239  0.18713E-008
    9240  0.18721E-008
    9241  0.18731E-008
    9242  0.18741E-008
    9243  0.18752E-008
    9244  0.18764E-008
    9245  0.18777E-008
    9246  0.18791E-008
    9247  0.18805E-008
    9248  0.18820E-008
    9249  0.18837E-008
    9250  0.18854E-008
    9251  0.18871E-008
    9252  0.18890E-008
    9253  0.18909E-008
    9254  0.18929E-008
    9255  0.18950E-008
    9256  0.18972E-008
    9257  0.18994E-008
    9258  0.19017E-008
    9259  0.19041E-008
    9260  0.19066E-008
    9261  0.19091E-008
    9262  0.19117E-008
    9263  0.19143E-008
    9264  0.19170E-008
    9265  0.19198E-008
    9266  0.19226E-008
    9267  0.19255E-008
    9268  0.19285E-008
    9269  0.19315E-008
    9270  0.19346E-008
    9271  0.19377E-008
    9272  0.19409E-008
    9273  0.19442E-008
    9274  0.19474E-008
    9275  0.19508E-008
    9276  0.19542E-008
    9277  0.19576E-008
    9278  0.19611E-008
    9279  0.19647E-008
    9280  0.19682E-008
    9281  0.19719E-008
    9282  0.19755E-008
    9283  0.19792E-008
    9284  0.19830E-008
    9285  0.19868E-008
    9286  0.19906E-008
    9287  0.19945E-008
    9288  0.19983E-008
    9289  0.20023E-008
    9290  0.20062E-008
    9291  0.20102E-008
    9292  0.20143E-008
    9293  0.20183E-008
    9294  0.20224E-008
    9295  0.20265E-008
    9296  0.20307E-008
    9297  0.20348E-008
    9298  0.20390E-008
    9299  0.20433E-008
    9300  0.20475E-008
    9301  0.20518E-008
    9302  0.18460E-008
    9303  0.18465E-008
    9304  0.18475E-008
    9305  0.18488E-008
    9306  0.18505E-008
    9307  0.18525E-008
    9308  0.18550E-008
    9309  0.18577E-008
    9310  0.18609E-008
    9311  0.18643E-008
    9312  0.18681E-008
    9313  0.18722E-008
    9314  0.18767E-008
    9315  0.18814E-008
    9316  0.18864E-008
    9317  0.18918E-008
    9318  0.18973E-008
    9319  0.19032E-008
    9320  0.19093E-008
    9321  0.19156E-008
    9322  0.19222E-008
    9323  0.19290E-008
    9324  0.19360E-008
    9325  0.19431E-008
    9326  0.19505E-008
    9327  0.19581E-008
    9328  0.19658E-008
    9329  0.19736E-008
    9330  0.19817E-008
    9331  0.19898E-008
    9332  0.19981E-008
    9333  0.20065E-008
    9334  0.20150E-008
    9335  0.20236E-008
    9336  0.20323E-008
    9337  0.18235E-008
    9338  0.18237E-008
    9339  0.18239E-008
    9340  0.18243E-008
    9341  0.18247E-008
    9342  0.18253E-008
    9343  0.18259E-008
    9344  0.18266E-008
    9345  0.18275E-008
    9346  0.18284E-008
    9347  0.18294E-008
    9348  0.18306E-008
    9349  0.18318E-008
    9350  0.18331E-008
    9351  0.18345E-008
    9352  0.18360E-008
    9353  0.18376E-008
    9354  0.18393E-008
    9355  0.18411E-008
    9356  0.18429E-008
    9357  0.18449E-008
    9358  0.18469E-008
    9359  0.18490E-008
    9360  0.18512E-008
    9361  0.18535E-008
    9362  0.18558E-008
    9363  0.18582E-008
    9364  0.18608E-008
    9365  0.18633E-008
    9366  0.18660E-008
    9367  0.18687E-008
    9368  0.18715E-008
    9369  0.18744E-008
    9370  0.18774E-008
    9371  0.18804E-008
    9372  0.18834E-008
    9373  0.18866E-008
    9374  0.18898E-008
    9375  0.18930E-008
    9376  0.18964E-008
    9377  0.18998E-008
    9378  0.19032E-008
    9379  0.19067E-008
    9380  0.19102E-008
    9381  0.19138E-008
    9382  0.19175E-008
    9383  0.19212E-008
    9384  0.19249E-008
    9385  0.19287E-008
    9386  0.19326E-008
    9387  0.19365E-008
    9388  0.19404E-008
    9389  0.19444E-008
    9390  0.19484E-008
    9391  0.19524E-008
    9392  0.19565E-008
    9393  0.19607E-008
    9394  0.19648E-008
    9395  0.19690E-008
    9396  0.19732E-008
    9397  0.19775E-008
    9398  0.19818E-008
    9399  0.19861E-008
    9400  0.19905E-008
    9401  0.19948E-008
    9402  0.19993E-008
    9403  0.20037E-008
    9404  0.20081E-008
    9405  0.20126E-008
    9406  0.20171E-008
    9407  0.20216E-008
    9408  0.18009E-008
    9409  0.18015E-008
    9410  0.18026E-008
    9411  0.18040E-008
    9412  0.18059E-008
    9413  0.18081E-008
    9414  0.18108E-008
    9415  0.18139E-008
    9416  0.18173E-008
    9417  0.18211E-008
    9418  0.18252E-008
    9419  0.18297E-008
    9420  0.18346E-008
    9421  0.18397E-008
    9422  0.18452E-008
    9423  0.18510E-008
    9424  0.18570E-008
    9425  0.18634E-008
    9426  0.18700E-008
    9427  0.18768E-008
    9428  0.18839E-008
    9429  0.18913E-008
    9430  0.18988E-008
    9431  0.19065E-008
    9432  0.19145E-008
    9433  0.19226E-008
    9434  0.19308E-008
    9435  0.19393E-008
    9436  0.19478E-008
    9437  0.19565E-008
    9438  0.19654E-008
    9439  0.19743E-008
    9440  0.19834E-008
    9441  0.19925E-008
    9442  0.20018E-008
    9443  0.17775E-008
    9444  0.17776E-008
    9445  0.17779E-008
    9446  0.17783E-008
    9447  0.17788E-008
    9448  0.17794E-008
    9449  0.17801E-008
    9450  0.17809E-008
    9451  0.17818E-008
    9452  0.17829E-008
    9453  0.17840E-008
    9454  0.17852E-008
    9455  0.17866E-008
    9456  0.17880E-008
    9457  0.17896E-008
    9458  0.17912E-008
    9459  0.17930E-008
    9460  0.17948E-008
    9461  0.17968E-008
    9462  0.17988E-008
    9463  0.18009E-008
    9464  0.18031E-008
    9465  0.18055E-008
    9466  0.18079E-008
    9467  0.18103E-008
    9468  0.18129E-008
    9469  0.18156E-008
    9470  0.18183E-008
    9471  0.18211E-008
    9472  0.18240E-008
    9473  0.18270E-008
    9474  0.18301E-008
    9475  0.18332E-008
    9476  0.18364E-008
    9477  0.18397E-008
    9478  0.18430E-008
    9479  0.18464E-008
    9480  0.18499E-008
    9481  0.18534E-008
    9482  0.18570E-008
    9483  0.18607E-008
    9484  0.18644E-008
    9485  0.18682E-008
    9486  0.18720E-008
    9487  0.18759E-008
    9488  0.18799E-008
    9489  0.18839E-008
    9490  0.18879E-008
    9491  0.18920E-008
    9492  0.18961E-008
    9493  0.19003E-008
    9494  0.19045E-008
    9495  0.19088E-008
    9496  0.19131E-008
    9497  0.19174E-008
    9498  0.19218E-008
    9499  0.19262E-008
    9500  0.19307E-008
    9501  0.19352E-008
    9502  0.19397E-008
    9503  0.19442E-008
    9504  0.19488E-008
    9505  0.19534E-008
    9506  0.19580E-008
    9507  0.19627E-008
    9508  0.19674E-008
    9509  0.19721E-008
    9510  0.19768E-008
    9511  0.19816E-008
    9512  0.19864E-008
    9513  0.19912E-008
    9514  0.17538E-008
    9515  0.17545E-008
    9516  0.17557E-008
    9517  0.17573E-008
    9518  0.17593E-008
    9519  0.17618E-008
    9520  0.17648E-008
    9521  0.17681E-008
    9522  0.17719E-008
    9523  0.17761E-008
    9524  0.17806E-008
    9525  0.17856E-008
    9526  0.17909E-008
    9527  0.17965E-008
    9528  0.18025E-008
    9529  0.18088E-008
    9530  0.18154E-008
    9531  0.18223E-008
    9532  0.18295E-008
    9533  0.18369E-008
    9534  0.18446E-008
    9535  0.18525E-008
    9536  0.18607E-008
    9537  0.18690E-008
    9538  0.18776E-008
    9539  0.18863E-008
    9540  0.18952E-008
    9541  0.19042E-008
    9542  0.19134E-008
    9543  0.19227E-008
    9544  0.19321E-008
    9545  0.19417E-008
    9546  0.19513E-008
    9547  0.19610E-008
    9548  0.19709E-008
    9549  0.17293E-008
    9550  0.17294E-008
    9551  0.17297E-008
    9552  0.17302E-008
    9553  0.17307E-008
    9554  0.17314E-008
    9555  0.17322E-008
    9556  0.17331E-008
    9557  0.17341E-008
    9558  0.17352E-008
    9559  0.17365E-008
    9560  0.17379E-008
    9561  0.17394E-008
    9562  0.17410E-008
    9563  0.17427E-008
    9564  0.17445E-008
    9565  0.17464E-008
    9566  0.17485E-008
    9567  0.17506E-008
    9568  0.17529E-008
    9569  0.17552E-008
    9570  0.17577E-008
    9571  0.17602E-008
    9572  0.17628E-008
    9573  0.17656E-008
    9574  0.17684E-008
    9575  0.17713E-008
    9576  0.17743E-008
    9577  0.17774E-008
    9578  0.17806E-008
    9579  0.17839E-008
    9580  0.17872E-008
    9581  0.17906E-008
    9582  0.17941E-008
    9583  0.17977E-008
    9584  0.18013E-008
    9585  0.18050E-008
    9586  0.18088E-008
    9587  0.18126E-008
    9588  0.18166E-008
    9589  0.18205E-008
    9590  0.18246E-008
    9591  0.18287E-008
    9592  0.18328E-008
    9593  0.18370E-008
    9594  0.18413E-008
    9595  0.18456E-008
    9596  0.18499E-008
    9597  0.18543E-008
    9598  0.18588E-008
    9599  0.18633E-008
    9600  0.18678E-008
    9601  0.18724E-008
    9602  0.18770E-008
    9603  0.18817E-008
    9604  0.18864E-008
    9605  0.18911E-008
    9606  0.18959E-008
    9607  0.19007E-008
    9608  0.19055E-008
    9609  0.19104E-008
    9610  0.19153E-008
    9611  0.19202E-008
    9612  0.19252E-008
    9613  0.19301E-008
    9614  0.19351E-008
    9615  0.19401E-008
    9616  0.19452E-008
    9617  0.19502E-008
    9618  0.19553E-008
    9619  0.19604E-008
    9620  0.17045E-008
    9621  0.17052E-008
    9622  0.17065E-008
    9623  0.17083E-008
    9624  0.17106E-008
    9625  0.17134E-008
    9626  0.17166E-008
    9627  0.17204E-008
    9628  0.17246E-008
    9629  0.17292E-008
    9630  0.17342E-008
    9631  0.17397E-008
    9632  0.17455E-008
    9633  0.17517E-008
    9634  0.17583E-008
    9635  0.17652E-008
    9636  0.17724E-008
    9637  0.17800E-008
    9638  0.17878E-008
    9639  0.17959E-008
    9640  0.18042E-008
    9641  0.18128E-008
    9642  0.18216E-008
    9643  0.18306E-008
    9644  0.18398E-008
    9645  0.18492E-008
    9646  0.18588E-008
    9647  0.18685E-008
    9648  0.18783E-008
    9649  0.18883E-008
    9650  0.18984E-008
    9651  0.19085E-008
    9652  0.19188E-008
    9653  0.19292E-008
    9654  0.19396E-008
    9655  0.16787E-008
    9656  0.16789E-008
    9657  0.16792E-008
    9658  0.16797E-008
    9659  0.16803E-008
    9660  0.16811E-008
    9661  0.16819E-008
    9662  0.16829E-008
    9663  0.16841E-008
    9664  0.16854E-008
    9665  0.16868E-008
    9666  0.16883E-008
    9667  0.16900E-008
    9668  0.16918E-008
    9669  0.16937E-008
    9670  0.16957E-008
    9671  0.16978E-008
    9672  0.17001E-008
    9673  0.17025E-008
    9674  0.17050E-008
    9675  0.17076E-008
    9676  0.17103E-008
    9677  0.17131E-008
    9678  0.17160E-008
    9679  0.17190E-008
    9680  0.17221E-008
    9681  0.17254E-008
    9682  0.17287E-008
    9683  0.17321E-008
    9684  0.17356E-008
    9685  0.17391E-008
    9686  0.17428E-008
    9687  0.17466E-008
    9688  0.17504E-008
    9689  0.17543E-008
    9690  0.17583E-008
    9691  0.17623E-008
    9692  0.17664E-008
    9693  0.17706E-008
    9694  0.17749E-008
    9695  0.17792E-008
    9696  0.17836E-008
    9697  0.17880E-008
    9698  0.17925E-008
    9699  0.17971E-008
    9700  0.18017E-008
    9701  0.18064E-008
    9702  0.18111E-008
    9703  0.18158E-008
    9704  0.18207E-008
    9705  0.18255E-008
    9706  0.18304E-008
    9707  0.18353E-008
    9708  0.18403E-008
    9709  0.18453E-008
    9710  0.18504E-008
    9711  0.18554E-008
    9712  0.18606E-008
    9713  0.18657E-008
    9714  0.18709E-008
    9715  0.18761E-008
    9716  0.18813E-008
    9717  0.18866E-008
    9718  0.18918E-008
    9719  0.18971E-008
    9720  0.19025E-008
    9721  0.19078E-008
    9722  0.19131E-008
    9723  0.19185E-008
    9724  0.19239E-008
    9725  0.19293E-008
    9726  0.16526E-008
    9727  0.16535E-008
    9728  0.16549E-008
    9729  0.16569E-008
    9730  0.16595E-008
    9731  0.16626E-008
    9732  0.16663E-008
    9733  0.16704E-008
    9734  0.16751E-008
    9735  0.16802E-008
    9736  0.16858E-008
    9737  0.16919E-008
    9738  0.16983E-008
    9739  0.17052E-008
    9740  0.17124E-008
    9741  0.17200E-008
    9742  0.17280E-008
    9743  0.17362E-008
    9744  0.17448E-008
    9745  0.17536E-008
    9746  0.17627E-008
    9747  0.17720E-008
    9748  0.17816E-008
    9749  0.17913E-008
    9750  0.18013E-008
    9751  0.18114E-008
    9752  0.18217E-008
    9753  0.18321E-008
    9754  0.18427E-008
    9755  0.18534E-008
    9756  0.18641E-008
    9757  0.18750E-008
    9758  0.18860E-008
    9759  0.18970E-008
    9760  0.19081E-008
    9761  0.16254E-008
    9762  0.16257E-008
    9763  0.16260E-008
    9764  0.16266E-008
    9765  0.16273E-008
    9766  0.16281E-008
    9767  0.16291E-008
    9768  0.16302E-008
    9769  0.16315E-008
    9770  0.16330E-008
    9771  0.16346E-008
    9772  0.16363E-008
    9773  0.16381E-008
    9774  0.16401E-008
    9775  0.16423E-008
    9776  0.16446E-008
    9777  0.16470E-008
    9778  0.16495E-008
    9779  0.16521E-008
    9780  0.16549E-008
    9781  0.16578E-008
    9782  0.16608E-008
    9783  0.16640E-008
    9784  0.16672E-008
    9785  0.16706E-008
    9786  0.16740E-008
    9787  0.16776E-008
    9788  0.16812E-008
    9789  0.16850E-008
    9790  0.16888E-008
    9791  0.16928E-008
    9792  0.16968E-008
    9793  0.17009E-008
    9794  0.17051E-008
    9795  0.17094E-008
    9796  0.17138E-008
    9797  0.17182E-008
    9798  0.17227E-008
    9799  0.17273E-008
    9800  0.17320E-008
    9801  0.17367E-008
    9802  0.17415E-008
    9803  0.17463E-008
    9804  0.17512E-008
    9805  0.17562E-008
    9806  0.17612E-008
    9807  0.17662E-008
    9808  0.17713E-008
    9809  0.17765E-008
    9810  0.17817E-008
    9811  0.17869E-008
    9812  0.17922E-008
    9813  0.17975E-008
    9814  0.18029E-008
    9815  0.18083E-008
    9816  0.18137E-008
    9817  0.18192E-008
    9818  0.18247E-008
    9819  0.18302E-008
    9820  0.18357E-008
    9821  0.18413E-008
    9822  0.18469E-008
    9823  0.18525E-008
    9824  0.18581E-008
    9825  0.18638E-008
    9826  0.18695E-008
    9827  0.18752E-008
    9828  0.18809E-008
    9829  0.18866E-008
    9830  0.18923E-008
    9831  0.18981E-008
    9832  0.15979E-008
    9833  0.15989E-008
    9834  0.16006E-008
    9835  0.16028E-008
    9836  0.16057E-008
    9837  0.16093E-008
    9838  0.16134E-008
    9839  0.16180E-008
    9840  0.16233E-008
    9841  0.16290E-008
    9842  0.16353E-008
    9843  0.16420E-008
    9844  0.16492E-008
    9845  0.16568E-008
    9846  0.16648E-008
    9847  0.16732E-008
    9848  0.16820E-008
    9849  0.16910E-008
    9850  0.17004E-008
    9851  0.17101E-008
    9852  0.17200E-008
    9853  0.17301E-008
    9854  0.17405E-008
    9855  0.17511E-008
    9856  0.17619E-008
    9857  0.17728E-008
    9858  0.17839E-008
    9859  0.17952E-008
    9860  0.18065E-008
    9861  0.18180E-008
    9862  0.18295E-008
    9863  0.18412E-008
    9864  0.18529E-008
    9865  0.18646E-008
    9866  0.18764E-008
    9867  0.15692E-008
    9868  0.15694E-008
    9869  0.15699E-008
    9870  0.15705E-008
    9871  0.15713E-008
    9872  0.15722E-008
    9873  0.15734E-008
    9874  0.15747E-008
    9875  0.15761E-008
    9876  0.15778E-008
    9877  0.15796E-008
    9878  0.15815E-008
    9879  0.15836E-008
    9880  0.15859E-008
    9881  0.15883E-008
    9882  0.15909E-008
    9883  0.15936E-008
    9884  0.15964E-008
    9885  0.15994E-008
    9886  0.16025E-008
    9887  0.16058E-008
    9888  0.16092E-008
    9889  0.16127E-008
    9890  0.16163E-008
    9891  0.16200E-008
    9892  0.16239E-008
    9893  0.16278E-008
    9894  0.16319E-008
    9895  0.16361E-008
    9896  0.16403E-008
    9897  0.16447E-008
    9898  0.16492E-008
    9899  0.16537E-008
    9900  0.16584E-008
    9901  0.16631E-008
    9902  0.16679E-008
    9903  0.16728E-008
    9904  0.16777E-008
    9905  0.16827E-008
    9906  0.16878E-008
    9907  0.16930E-008
    9908  0.16982E-008
    9909  0.17035E-008
    9910  0.17088E-008
    9911  0.17142E-008
    9912  0.17197E-008
    9913  0.17252E-008
    9914  0.17307E-008
    9915  0.17363E-008
    9916  0.17419E-008
    9917  0.17476E-008
    9918  0.17533E-008
    9919  0.17590E-008
    9920  0.17648E-008
    9921  0.17706E-008
    9922  0.17765E-008
    9923  0.17824E-008
    9924  0.17882E-008
    9925  0.17942E-008
    9926  0.18001E-008
    9927  0.18061E-008
    9928  0.18121E-008
    9929  0.18181E-008
    9930  0.18241E-008
    9931  0.18301E-008
    9932  0.18362E-008
    9933  0.18423E-008
    9934  0.18483E-008
    9935  0.18544E-008
    9936  0.18605E-008
    9937  0.18666E-008
    9938  0.15401E-008
    9939  0.15412E-008
    9940  0.15431E-008
    9941  0.15457E-008
    9942  0.15490E-008
    9943  0.15530E-008
    9944  0.15577E-008
    9945  0.15630E-008
    9946  0.15689E-008
    9947  0.15754E-008
    9948  0.15824E-008
    9949  0.15900E-008
    9950  0.15980E-008
    9951  0.16065E-008
    9952  0.16154E-008
    9953  0.16247E-008
    9954  0.16344E-008
    9955  0.16444E-008
    9956  0.16547E-008
    9957  0.16653E-008
    9958  0.16761E-008
    9959  0.16872E-008
    9960  0.16986E-008
    9961  0.17101E-008
    9962  0.17217E-008
    9963  0.17336E-008
    9964  0.17456E-008
    9965  0.17577E-008
    9966  0.17699E-008
    9967  0.17822E-008
    9968  0.17946E-008
    9969  0.18070E-008
    9970  0.18195E-008
    9971  0.18320E-008
    9972  0.18446E-008
    9973  0.15096E-008
    9974  0.15099E-008
    9975  0.15104E-008
    9976  0.15111E-008
    9977  0.15120E-008
    9978  0.15131E-008
    9979  0.15144E-008
    9980  0.15159E-008
    9981  0.15176E-008
    9982  0.15194E-008
    9983  0.15215E-008
    9984  0.15237E-008
    9985  0.15261E-008
    9986  0.15287E-008
    9987  0.15315E-008
    9988  0.15344E-008
    9989  0.15375E-008
    9990  0.15407E-008
    9991  0.15441E-008
    9992  0.15476E-008
    9993  0.15513E-008
    9994  0.15551E-008
    9995  0.15590E-008
    9996  0.15631E-008
    9997  0.15673E-008
    9998  0.15716E-008
    9999  0.15760E-008
   10000  0.15806E-008
   10001  0.15852E-008
   10002  0.15900E-008
   10003  0.15948E-008
   10004  0.15998E-008
   10005  0.16048E-008
   10006  0.16100E-008
   10007  0.16152E-008
   10008  0.16205E-008
   10009  0.16259E-008
   10010  0.16313E-008
   10011  0.16368E-008
   10012  0.16424E-008
   10013  0.16481E-008
   10014  0.16538E-008
   10015  0.16596E-008
   10016  0.16654E-008
   10017  0.16713E-008
   10018  0.16772E-008
   10019  0.16832E-008
   10020  0.16892E-008
   10021  0.16953E-008
   10022  0.17014E-008
   10023  0.17075E-008
   10024  0.17137E-008
   10025  0.17199E-008
   10026  0.17262E-008
   10027  0.17324E-008
   10028  0.17387E-008
   10029  0.17451E-008
   10030  0.17514E-008
   10031  0.17578E-008
   10032  0.17641E-008
   10033  0.17705E-008
   10034  0.17770E-008
   10035  0.17834E-008
   10036  0.17898E-008
   10037  0.17963E-008
   10038  0.18027E-008
   10039  0.18092E-008
   10040  0.18157E-008
   10041  0.18222E-008
   10042  0.18287E-008
   10043  0.18351E-008
   10044  0.14787E-008
   10045  0.14800E-008
   10046  0.14821E-008
   10047  0.14852E-008
   10048  0.14890E-008
   10049  0.14936E-008
   10050  0.14989E-008
   10051  0.15050E-008
   10052  0.15117E-008
   10053  0.15191E-008
   10054  0.15271E-008
   10055  0.15356E-008
   10056  0.15446E-008
   10057  0.15541E-008
   10058  0.15641E-008
   10059  0.15744E-008
   10060  0.15852E-008
   10061  0.15962E-008
   10062  0.16076E-008
   10063  0.16193E-008
   10064  0.16312E-008
   10065  0.16433E-008
   10066  0.16557E-008
   10067  0.16682E-008
   10068  0.16809E-008
   10069  0.16937E-008
   10070  0.17067E-008
   10071  0.17197E-008
   10072  0.17328E-008
   10073  0.17461E-008
   10074  0.17593E-008
   10075  0.17726E-008
   10076  0.17860E-008
   10077  0.17993E-008
   10078  0.18127E-008
   10079  0.14461E-008
   10080  0.14465E-008
   10081  0.14471E-008
   10082  0.14479E-008
   10083  0.14489E-008
   10084  0.14502E-008
   10085  0.14517E-008
   10086  0.14535E-008
   10087  0.14554E-008
   10088  0.14576E-008
   10089  0.14600E-008
   10090  0.14626E-008
   10091  0.14653E-008
   10092  0.14683E-008
   10093  0.14715E-008
   10094  0.14748E-008
   10095  0.14783E-008
   10096  0.14820E-008
   10097  0.14859E-008
   10098  0.14899E-008
   10099  0.14941E-008
   10100  0.14984E-008
   10101  0.15029E-008
   10102  0.15075E-008
   10103  0.15122E-008
   10104  0.15171E-008
   10105  0.15221E-008
   10106  0.15272E-008
   10107  0.15324E-008
   10108  0.15377E-008
   10109  0.15431E-008
   10110  0.15486E-008
   10111  0.15542E-008
   10112  0.15599E-008
   10113  0.15657E-008
   10114  0.15716E-008
   10115  0.15775E-008
   10116  0.15836E-008
   10117  0.15896E-008
   10118  0.15958E-008
   10119  0.16020E-008
   10120  0.16083E-008
   10121  0.16146E-008
   10122  0.16210E-008
   10123  0.16274E-008
   10124  0.16339E-008
   10125  0.16404E-008
   10126  0.16470E-008
   10127  0.16536E-008
   10128  0.16602E-008
   10129  0.16669E-008
   10130  0.16736E-008
   10131  0.16803E-008
   10132  0.16870E-008
   10133  0.16938E-008
   10134  0.17006E-008
   10135  0.17074E-008
   10136  0.17142E-008
   10137  0.17211E-008
   10138  0.17279E-008
   10139  0.17348E-008
   10140  0.17416E-008
   10141  0.17485E-008
   10142  0.17554E-008
   10143  0.17623E-008
   10144  0.17692E-008
   10145  0.17761E-008
   10146  0.17830E-008
   10147  0.17899E-008
   10148  0.17968E-008
   10149  0.18037E-008
   10150  0.14132E-008
   10151  0.14147E-008
   10152  0.14172E-008
   10153  0.14208E-008
   10154  0.14252E-008
   10155  0.14306E-008
   10156  0.14368E-008
   10157  0.14438E-008
   10158  0.14515E-008
   10159  0.14600E-008
   10160  0.14690E-008
   10161  0.14787E-008
   10162  0.14889E-008
   10163  0.14996E-008
   10164  0.15108E-008
   10165  0.15224E-008
   10166  0.15343E-008
   10167  0.15466E-008
   10168  0.15592E-008
   10169  0.15720E-008
   10170  0.15851E-008
   10171  0.15984E-008
   10172  0.16119E-008
   10173  0.16256E-008
   10174  0.16394E-008
   10175  0.16533E-008
   10176  0.16673E-008
   10177  0.16814E-008
   10178  0.16955E-008
   10179  0.17097E-008
   10180  0.17239E-008
   10181  0.17382E-008
   10182  0.17524E-008
   10183  0.17667E-008
   10184  0.17809E-008
   10185  0.13783E-008
   10186  0.13787E-008
   10187  0.13794E-008
   10188  0.13804E-008
   10189  0.13817E-008
   10190  0.13832E-008
   10191  0.13849E-008
   10192  0.13870E-008
   10193  0.13893E-008
   10194  0.13918E-008
   10195  0.13946E-008
   10196  0.13976E-008
   10197  0.14009E-008
   10198  0.14043E-008
   10199  0.14080E-008
   10200  0.14119E-008
   10201  0.14159E-008
   10202  0.14202E-008
   10203  0.14246E-008
   10204  0.14293E-008
   10205  0.14340E-008
   10206  0.14390E-008
   10207  0.14441E-008
   10208  0.14493E-008
   10209  0.14547E-008
   10210  0.14602E-008
   10211  0.14658E-008
   10212  0.14716E-008
   10213  0.14774E-008
   10214  0.14834E-008
   10215  0.14895E-008
   10216  0.14956E-008
   10217  0.15019E-008
   10218  0.15083E-008
   10219  0.15147E-008
   10220  0.15212E-008
   10221  0.15278E-008
   10222  0.15345E-008
   10223  0.15412E-008
   10224  0.15480E-008
   10225  0.15548E-008
   10226  0.15617E-008
   10227  0.15687E-008
   10228  0.15757E-008
   10229  0.15827E-008
   10230  0.15898E-008
   10231  0.15969E-008
   10232  0.16040E-008
   10233  0.16112E-008
   10234  0.16184E-008
   10235  0.16257E-008
   10236  0.16329E-008
   10237  0.16402E-008
   10238  0.16475E-008
   10239  0.16548E-008
   10240  0.16621E-008
   10241  0.16694E-008
   10242  0.16768E-008
   10243  0.16841E-008
   10244  0.16915E-008
   10245  0.16989E-008
   10246  0.17062E-008
   10247  0.17136E-008
   10248  0.17209E-008
   10249  0.17283E-008
   10250  0.17357E-008
   10251  0.17430E-008
   10252  0.17504E-008
   10253  0.17577E-008
   10254  0.17650E-008
   10255  0.17724E-008
   10256  0.13431E-008
   10257  0.13449E-008
   10258  0.13479E-008
   10259  0.13521E-008
   10260  0.13573E-008
   10261  0.13636E-008
   10262  0.13709E-008
   10263  0.13790E-008
   10264  0.13880E-008
   10265  0.13977E-008
   10266  0.14082E-008
   10267  0.14192E-008
   10268  0.14308E-008
   10269  0.14429E-008
   10270  0.14555E-008
   10271  0.14685E-008
   10272  0.14818E-008
   10273  0.14955E-008
   10274  0.15095E-008
   10275  0.15237E-008
   10276  0.15381E-008
   10277  0.15527E-008
   10278  0.15675E-008
   10279  0.15824E-008
   10280  0.15974E-008
   10281  0.16125E-008
   10282  0.16276E-008
   10283  0.16428E-008
   10284  0.16580E-008
   10285  0.16733E-008
   10286  0.16885E-008
   10287  0.17037E-008
   10288  0.17190E-008
   10289  0.17341E-008
   10290  0.17492E-008
   10291  0.13056E-008
   10292  0.13061E-008
   10293  0.13070E-008
   10294  0.13081E-008
   10295  0.13096E-008
   10296  0.13114E-008
   10297  0.13135E-008
   10298  0.13160E-008
   10299  0.13187E-008
   10300  0.13217E-008
   10301  0.13250E-008
   10302  0.13285E-008
   10303  0.13324E-008
   10304  0.13364E-008
   10305  0.13407E-008
   10306  0.13453E-008
   10307  0.13500E-008
   10308  0.13549E-008
   10309  0.13601E-008
   10310  0.13654E-008
   10311  0.13709E-008
   10312  0.13766E-008
   10313  0.13825E-008
   10314  0.13884E-008
   10315  0.13946E-008
   10316  0.14008E-008
   10317  0.14072E-008
   10318  0.14138E-008
   10319  0.14204E-008
   10320  0.14271E-008
   10321  0.14340E-008
   10322  0.14409E-008
   10323  0.14479E-008
   10324  0.14550E-008
   10325  0.14622E-008
   10326  0.14695E-008
   10327  0.14768E-008
   10328  0.14842E-008
   10329  0.14916E-008
   10330  0.14991E-008
   10331  0.15066E-008
   10332  0.15142E-008
   10333  0.15219E-008
   10334  0.15296E-008
   10335  0.15373E-008
   10336  0.15450E-008
   10337  0.15528E-008
   10338  0.15606E-008
   10339  0.15684E-008
   10340  0.15762E-008
   10341  0.15841E-008
   10342  0.15919E-008
   10343  0.15998E-008
   10344  0.16077E-008
   10345  0.16156E-008
   10346  0.16235E-008
   10347  0.16314E-008
   10348  0.16393E-008
   10349  0.16472E-008
   10350  0.16551E-008
   10351  0.16630E-008
   10352  0.16708E-008
   10353  0.16787E-008
   10354  0.16866E-008
   10355  0.16945E-008
   10356  0.17023E-008
   10357  0.17101E-008
   10358  0.17180E-008
   10359  0.17258E-008
   10360  0.17335E-008
   10361  0.17413E-008
   10362  0.12678E-008
   10363  0.12700E-008
   10364  0.12736E-008
   10365  0.12786E-008
   10366  0.12849E-008
   10367  0.12923E-008
   10368  0.13009E-008
   10369  0.13105E-008
   10370  0.13210E-008
   10371  0.13323E-008
   10372  0.13443E-008
   10373  0.13570E-008
   10374  0.13703E-008
   10375  0.13840E-008
   10376  0.13983E-008
   10377  0.14129E-008
   10378  0.14278E-008
   10379  0.14431E-008
   10380  0.14586E-008
   10381  0.14743E-008
   10382  0.14902E-008
   10383  0.15062E-008
   10384  0.15224E-008
   10385  0.15387E-008
   10386  0.15550E-008
   10387  0.15714E-008
   10388  0.15877E-008
   10389  0.16041E-008
   10390  0.16205E-008
   10391  0.16369E-008
   10392  0.16532E-008
   10393  0.16695E-008
   10394  0.16857E-008
   10395  0.17019E-008
   10396  0.17179E-008
   10397  0.12275E-008
   10398  0.12281E-008
   10399  0.12291E-008
   10400  0.12305E-008
   10401  0.12323E-008
   10402  0.12345E-008
   10403  0.12370E-008
   10404  0.12399E-008
   10405  0.12432E-008
   10406  0.12468E-008
   10407  0.12507E-008
   10408  0.12550E-008
   10409  0.12595E-008
   10410  0.12643E-008
   10411  0.12694E-008
   10412  0.12747E-008
   10413  0.12803E-008
   10414  0.12861E-008
   10415  0.12921E-008
   10416  0.12983E-008
   10417  0.13047E-008
   10418  0.13113E-008
   10419  0.13180E-008
   10420  0.13249E-008
   10421  0.13319E-008
   10422  0.13391E-008
   10423  0.13464E-008
   10424  0.13538E-008
   10425  0.13613E-008
   10426  0.13689E-008
   10427  0.13766E-008
   10428  0.13844E-008
   10429  0.13923E-008
   10430  0.14003E-008
   10431  0.14083E-008
   10432  0.14164E-008
   10433  0.14245E-008
   10434  0.14327E-008
   10435  0.14410E-008
   10436  0.14493E-008
   10437  0.14576E-008
   10438  0.14660E-008
   10439  0.14744E-008
   10440  0.14828E-008
   10441  0.14913E-008
   10442  0.14997E-008
   10443  0.15082E-008
   10444  0.15167E-008
   10445  0.15252E-008
   10446  0.15337E-008
   10447  0.15422E-008
   10448  0.15508E-008
   10449  0.15593E-008
   10450  0.15678E-008
   10451  0.15763E-008
   10452  0.15849E-008
   10453  0.15934E-008
   10454  0.16018E-008
   10455  0.16103E-008
   10456  0.16188E-008
   10457  0.16273E-008
   10458  0.16357E-008
   10459  0.16441E-008
   10460  0.16525E-008
   10461  0.16609E-008
   10462  0.16693E-008
   10463  0.16776E-008
   10464  0.16859E-008
   10465  0.16942E-008
   10466  0.17025E-008
   10467  0.17107E-008
   10468  0.11868E-008
   10469  0.11895E-008
   10470  0.11939E-008
   10471  0.11999E-008
   10472  0.12074E-008
   10473  0.12164E-008
   10474  0.12266E-008
   10475  0.12379E-008
   10476  0.12502E-008
   10477  0.12635E-008
   10478  0.12774E-008
   10479  0.12921E-008
   10480  0.13073E-008
   10481  0.13230E-008
   10482  0.13391E-008
   10483  0.13556E-008
   10484  0.13724E-008
   10485  0.13894E-008
   10486  0.14067E-008
   10487  0.14241E-008
   10488  0.14416E-008
   10489  0.14593E-008
   10490  0.14770E-008
   10491  0.14947E-008
   10492  0.15125E-008
   10493  0.15302E-008
   10494  0.15479E-008
   10495  0.15656E-008
   10496  0.15832E-008
   10497  0.16008E-008
   10498  0.16183E-008
   10499  0.16356E-008
   10500  0.16529E-008
   10501  0.16701E-008
   10502  0.16871E-008
   10503  0.11433E-008
   10504  0.11440E-008
   10505  0.11453E-008
   10506  0.11470E-008
   10507  0.11492E-008
   10508  0.11518E-008
   10509  0.11549E-008
   10510  0.11584E-008
   10511  0.11624E-008
   10512  0.11667E-008
   10513  0.11715E-008
   10514  0.11765E-008
   10515  0.11820E-008
   10516  0.11877E-008
   10517  0.11938E-008
   10518  0.12001E-008
   10519  0.12067E-008
   10520  0.12135E-008
   10521  0.12205E-008
   10522  0.12278E-008
   10523  0.12352E-008
   10524  0.12429E-008
   10525  0.12507E-008
   10526  0.12586E-008
   10527  0.12667E-008
   10528  0.12749E-008
   10529  0.12833E-008
   10530  0.12917E-008
   10531  0.13003E-008
   10532  0.13089E-008
   10533  0.13176E-008
   10534  0.13264E-008
   10535  0.13353E-008
   10536  0.13442E-008
   10537  0.13532E-008
   10538  0.13622E-008
   10539  0.13713E-008
   10540  0.13804E-008
   10541  0.13896E-008
   10542  0.13988E-008
   10543  0.14080E-008
   10544  0.14172E-008
   10545  0.14264E-008
   10546  0.14357E-008
   10547  0.14449E-008
   10548  0.14542E-008
   10549  0.14634E-008
   10550  0.14727E-008
   10551  0.14820E-008
   10552  0.14912E-008
   10553  0.15005E-008
   10554  0.15097E-008
   10555  0.15189E-008
   10556  0.15281E-008
   10557  0.15373E-008
   10558  0.15465E-008
   10559  0.15556E-008
   10560  0.15647E-008
   10561  0.15738E-008
   10562  0.15829E-008
   10563  0.15919E-008
   10564  0.16010E-008
   10565  0.16099E-008
   10566  0.16189E-008
   10567  0.16278E-008
   10568  0.16367E-008
   10569  0.16456E-008
   10570  0.16544E-008
   10571  0.16632E-008
   10572  0.16720E-008
   10573  0.16807E-008
   10574  0.10996E-008
   10575  0.11029E-008
   10576  0.11082E-008
   10577  0.11156E-008
   10578  0.11247E-008
   10579  0.11355E-008
   10580  0.11477E-008
   10581  0.11612E-008
   10582  0.11758E-008
   10583  0.11913E-008
   10584  0.12076E-008
   10585  0.12245E-008
   10586  0.12420E-008
   10587  0.12600E-008
   10588  0.12783E-008
   10589  0.12969E-008
   10590  0.13158E-008
   10591  0.13348E-008
   10592  0.13540E-008
   10593  0.13733E-008
   10594  0.13927E-008
   10595  0.14120E-008
   10596  0.14314E-008
   10597  0.14507E-008
   10598  0.14700E-008
   10599  0.14892E-008
   10600  0.15084E-008
   10601  0.15274E-008
   10602  0.15464E-008
   10603  0.15652E-008
   10604  0.15838E-008
   10605  0.16023E-008
   10606  0.16207E-008
   10607  0.16389E-008
   10608  0.16570E-008
   10609  0.10527E-008
   10610  0.10536E-008
   10611  0.10551E-008
   10612  0.10572E-008
   10613  0.10599E-008
   10614  0.10631E-008
   10615  0.10669E-008
   10616  0.10712E-008
   10617  0.10760E-008
   10618  0.10813E-008
   10619  0.10870E-008
   10620  0.10931E-008
   10621  0.10997E-008
   10622  0.11065E-008
   10623  0.11138E-008
   10624  0.11213E-008
   10625  0.11291E-008
   10626  0.11372E-008
   10627  0.11455E-008
   10628  0.11540E-008
   10629  0.11627E-008
   10630  0.11716E-008
   10631  0.11807E-008
   10632  0.11899E-008
   10633  0.11992E-008
   10634  0.12086E-008
   10635  0.12182E-008
   10636  0.12278E-008
   10637  0.12376E-008
   10638  0.12474E-008
   10639  0.12573E-008
   10640  0.12672E-008
   10641  0.12772E-008
   10642  0.12872E-008
   10643  0.12972E-008
   10644  0.13073E-008
   10645  0.13174E-008
   10646  0.13275E-008
   10647  0.13377E-008
   10648  0.13478E-008
   10649  0.13580E-008
   10650  0.13681E-008
   10651  0.13783E-008
   10652  0.13884E-008
   10653  0.13985E-008
   10654  0.14087E-008
   10655  0.14188E-008
   10656  0.14288E-008
   10657  0.14389E-008
   10658  0.14489E-008
   10659  0.14589E-008
   10660  0.14689E-008
   10661  0.14789E-008
   10662  0.14888E-008
   10663  0.14987E-008
   10664  0.15086E-008
   10665  0.15184E-008
   10666  0.15281E-008
   10667  0.15379E-008
   10668  0.15476E-008
   10669  0.15573E-008
   10670  0.15669E-008
   10671  0.15765E-008
   10672  0.15860E-008
   10673  0.15955E-008
   10674  0.16049E-008
   10675  0.16143E-008
   10676  0.16237E-008
   10677  0.16330E-008
   10678  0.16422E-008
   10679  0.16515E-008
   10680  0.10059E-008
   10681  0.10099E-008
   10682  0.10165E-008
   10683  0.10254E-008
   10684  0.10365E-008
   10685  0.10496E-008
   10686  0.10643E-008
   10687  0.10804E-008
   10688  0.10977E-008
   10689  0.11159E-008
   10690  0.11350E-008
   10691  0.11546E-008
   10692  0.11748E-008
   10693  0.11953E-008
   10694  0.12162E-008
   10695  0.12372E-008
   10696  0.12584E-008
   10697  0.12797E-008
   10698  0.13010E-008
   10699  0.13223E-008
   10700  0.13436E-008
   10701  0.13649E-008
   10702  0.13860E-008
   10703  0.14071E-008
   10704  0.14280E-008
   10705  0.14488E-008
   10706  0.14694E-008
   10707  0.14899E-008
   10708  0.15102E-008
   10709  0.15303E-008
   10710  0.15502E-008
   10711  0.15699E-008
   10712  0.15894E-008
   10713  0.16087E-008
   10714  0.16277E-008
   10715  0.95551E-009
   10716  0.95662E-009
   10717  0.95849E-009
   10718  0.96107E-009
   10719  0.96436E-009
   10720  0.96833E-009
   10721  0.97296E-009
   10722  0.97821E-009
   10723  0.98406E-009
   10724  0.99046E-009
   10725  0.99739E-009
   10726  0.10048E-008
   10727  0.10126E-008
   10728  0.10209E-008
   10729  0.10295E-008
   10730  0.10385E-008
   10731  0.10478E-008
   10732  0.10573E-008
   10733  0.10671E-008
   10734  0.10772E-008
   10735  0.10874E-008
   10736  0.10977E-008
   10737  0.11083E-008
   10738  0.11189E-008
   10739  0.11297E-008
   10740  0.11405E-008
   10741  0.11515E-008
   10742  0.11625E-008
   10743  0.11736E-008
   10744  0.11847E-008
   10745  0.11959E-008
   10746  0.12070E-008
   10747  0.12183E-008
   10748  0.12295E-008
   10749  0.12407E-008
   10750  0.12520E-008
   10751  0.12632E-008
   10752  0.12744E-008
   10753  0.12856E-008
   10754  0.12969E-008
   10755  0.13080E-008
   10756  0.13192E-008
   10757  0.13303E-008
   10758  0.13414E-008
   10759  0.13525E-008
   10760  0.13635E-008
   10761  0.13745E-008
   10762  0.13855E-008
   10763  0.13964E-008
   10764  0.14072E-008
   10765  0.14181E-008
   10766  0.14288E-008
   10767  0.14396E-008
   10768  0.14502E-008
   10769  0.14609E-008
   10770  0.14714E-008
   10771  0.14820E-008
   10772  0.14924E-008
   10773  0.15028E-008
   10774  0.15132E-008
   10775  0.15235E-008
   10776  0.15337E-008
   10777  0.15439E-008
   10778  0.15540E-008
   10779  0.15641E-008
   10780  0.15741E-008
   10781  0.15840E-008
   10782  0.15939E-008
   10783  0.16038E-008
   10784  0.16135E-008
   10785  0.16232E-008
   10786  0.90573E-009
   10787  0.91065E-009
   10788  0.91869E-009
   10789  0.92961E-009
   10790  0.94312E-009
   10791  0.95887E-009
   10792  0.97654E-009
   10793  0.99577E-009
   10794  0.10163E-008
   10795  0.10378E-008
   10796  0.10600E-008
   10797  0.10828E-008
   10798  0.11060E-008
   10799  0.11295E-008
   10800  0.11531E-008
   10801  0.11768E-008
   10802  0.12006E-008
   10803  0.12243E-008
   10804  0.12480E-008
   10805  0.12715E-008
   10806  0.12949E-008
   10807  0.13182E-008
   10808  0.13412E-008
   10809  0.13641E-008
   10810  0.13867E-008
   10811  0.14092E-008
   10812  0.14313E-008
   10813  0.14533E-008
   10814  0.14750E-008
   10815  0.14964E-008
   10816  0.15176E-008
   10817  0.15385E-008
   10818  0.15591E-008
   10819  0.15795E-008
   10820  0.15996E-008
   10821  0.85197E-009
   10822  0.85334E-009
   10823  0.85562E-009
   10824  0.85879E-009
   10825  0.86282E-009
   10826  0.86767E-009
   10827  0.87333E-009
   10828  0.87972E-009
   10829  0.88683E-009
   10830  0.89460E-009
   10831  0.90297E-009
   10832  0.91191E-009
   10833  0.92135E-009
   10834  0.93125E-009
   10835  0.94157E-009
   10836  0.95225E-009
   10837  0.96325E-009
   10838  0.97455E-009
   10839  0.98608E-009
   10840  0.99783E-009
   10841  0.10098E-008
   10842  0.10218E-008
   10843  0.10340E-008
   10844  0.10464E-008
   10845  0.10588E-008
   10846  0.10712E-008
   10847  0.10837E-008
   10848  0.10963E-008
   10849  0.11089E-008
   10850  0.11214E-008
   10851  0.11340E-008
   10852  0.11466E-008
   10853  0.11592E-008
   10854  0.11717E-008
   10855  0.11843E-008
   10856  0.11968E-008
   10857  0.12092E-008
   10858  0.12217E-008
   10859  0.12340E-008
   10860  0.12464E-008
   10861  0.12586E-008
   10862  0.12709E-008
   10863  0.12831E-008
   10864  0.12952E-008
   10865  0.13072E-008
   10866  0.13192E-008
   10867  0.13311E-008
   10868  0.13430E-008
   10869  0.13548E-008
   10870  0.13665E-008
   10871  0.13782E-008
   10872  0.13898E-008
   10873  0.14013E-008
   10874  0.14128E-008
   10875  0.14241E-008
   10876  0.14355E-008
   10877  0.14467E-008
   10878  0.14578E-008
   10879  0.14689E-008
   10880  0.14799E-008
   10881  0.14909E-008
   10882  0.15018E-008
   10883  0.15126E-008
   10884  0.15233E-008
   10885  0.15339E-008
   10886  0.15445E-008
   10887  0.15550E-008
   10888  0.15654E-008
   10889  0.15758E-008
   10890  0.15861E-008
   10891  0.15963E-008
   10892  0.79955E-009
   10893  0.80557E-009
   10894  0.81538E-009
   10895  0.82866E-009
   10896  0.84502E-009
   10897  0.86400E-009
   10898  0.88516E-009
   10899  0.90805E-009
   10900  0.93228E-009
   10901  0.95748E-009
   10902  0.98337E-009
   10903  0.10097E-008
   10904  0.10363E-008
   10905  0.10631E-008
   10906  0.10898E-008
   10907  0.11165E-008
   10908  0.11431E-008
   10909  0.11694E-008
   10910  0.11956E-008
   10911  0.12215E-008
   10912  0.12471E-008
   10913  0.12725E-008
   10914  0.12975E-008
   10915  0.13223E-008
   10916  0.13467E-008
   10917  0.13708E-008
   10918  0.13946E-008
   10919  0.14180E-008
   10920  0.14411E-008
   10921  0.14639E-008
   10922  0.14863E-008
   10923  0.15085E-008
   10924  0.15302E-008
   10925  0.15517E-008
   10926  0.15729E-008
   10927  0.74288E-009
   10928  0.74456E-009
   10929  0.74734E-009
   10930  0.75119E-009
   10931  0.75610E-009
   10932  0.76200E-009
   10933  0.76885E-009
   10934  0.77660E-009
   10935  0.78519E-009
   10936  0.79455E-009
   10937  0.80462E-009
   10938  0.81534E-009
   10939  0.82663E-009
   10940  0.83844E-009
   10941  0.85069E-009
   10942  0.86335E-009
   10943  0.87634E-009
   10944  0.88962E-009
   10945  0.90314E-009
   10946  0.91686E-009
   10947  0.93074E-009
   10948  0.94475E-009
   10949  0.95885E-009
   10950  0.97302E-009
   10951  0.98723E-009
   10952  0.10015E-008
   10953  0.10157E-008
   10954  0.10300E-008
   10955  0.10442E-008
   10956  0.10584E-008
   10957  0.10725E-008
   10958  0.10866E-008
   10959  0.11006E-008
   10960  0.11146E-008
   10961  0.11285E-008
   10962  0.11424E-008
   10963  0.11561E-008
   10964  0.11698E-008
   10965  0.11834E-008
   10966  0.11970E-008
   10967  0.12104E-008
   10968  0.12238E-008
   10969  0.12370E-008
   10970  0.12502E-008
   10971  0.12633E-008
   10972  0.12763E-008
   10973  0.12892E-008
   10974  0.13020E-008
   10975  0.13147E-008
   10976  0.13273E-008
   10977  0.13398E-008
   10978  0.13522E-008
   10979  0.13646E-008
   10980  0.13768E-008
   10981  0.13889E-008
   10982  0.14010E-008
   10983  0.14129E-008
   10984  0.14248E-008
   10985  0.14366E-008
   10986  0.14483E-008
   10987  0.14598E-008
   10988  0.14713E-008
   10989  0.14827E-008
   10990  0.14941E-008
   10991  0.15053E-008
   10992  0.15164E-008
   10993  0.15275E-008
   10994  0.15384E-008
   10995  0.15493E-008
   10996  0.15601E-008
   10997  0.15708E-008
   10998  0.68855E-009
   10999  0.69584E-009
   11000  0.70771E-009
   11001  0.72373E-009
   11002  0.74338E-009
   11003  0.76609E-009
   11004  0.79125E-009
   11005  0.81831E-009
   11006  0.84675E-009
   11007  0.87614E-009
   11008  0.90611E-009
   11009  0.93639E-009
   11010  0.96676E-009
   11011  0.99706E-009
   11012  0.10272E-008
   11013  0.10570E-008
   11014  0.10866E-008
   11015  0.11157E-008
   11016  0.11445E-008
   11017  0.11729E-008
   11018  0.12008E-008
   11019  0.12284E-008
   11020  0.12555E-008
   11021  0.12821E-008
   11022  0.13083E-008
   11023  0.13341E-008
   11024  0.13595E-008
   11025  0.13845E-008
   11026  0.14090E-008
   11027  0.14331E-008
   11028  0.14568E-008
   11029  0.14801E-008
   11030  0.15031E-008
   11031  0.15256E-008
   11032  0.15478E-008
   11033  0.62979E-009
   11034  0.63181E-009
   11035  0.63517E-009
   11036  0.63981E-009
   11037  0.64572E-009
   11038  0.65281E-009
   11039  0.66104E-009
   11040  0.67033E-009
   11041  0.68061E-009
   11042  0.69178E-009
   11043  0.70378E-009
   11044  0.71652E-009
   11045  0.72990E-009
   11046  0.74385E-009
   11047  0.75830E-009
   11048  0.77317E-009
   11049  0.78838E-009
   11050  0.80388E-009
   11051  0.81960E-009
   11052  0.83551E-009
   11053  0.85154E-009
   11054  0.86766E-009
   11055  0.88383E-009
   11056  0.90002E-009
   11057  0.91621E-009
   11058  0.93238E-009
   11059  0.94849E-009
   11060  0.96455E-009
   11061  0.98053E-009
   11062  0.99642E-009
   11063  0.10122E-008
   11064  0.10279E-008
   11065  0.10435E-008
   11066  0.10590E-008
   11067  0.10743E-008
   11068  0.10896E-008
   11069  0.11047E-008
   11070  0.11197E-008
   11071  0.11346E-008
   11072  0.11493E-008
   11073  0.11640E-008
   11074  0.11785E-008
   11075  0.11928E-008
   11076  0.12071E-008
   11077  0.12212E-008
   11078  0.12352E-008
   11079  0.12491E-008
   11080  0.12628E-008
   11081  0.12765E-008
   11082  0.12900E-008
   11083  0.13034E-008
   11084  0.13166E-008
   11085  0.13298E-008
   11086  0.13428E-008
   11087  0.13557E-008
   11088  0.13685E-008
   11089  0.13811E-008
   11090  0.13937E-008
   11091  0.14061E-008
   11092  0.14185E-008
   11093  0.14307E-008
   11094  0.14428E-008
   11095  0.14548E-008
   11096  0.14667E-008
   11097  0.14785E-008
   11098  0.14902E-008
   11099  0.15018E-008
   11100  0.15132E-008
   11101  0.15246E-008
   11102  0.15359E-008
   11103  0.15471E-008
   11104  0.57466E-009
   11105  0.58340E-009
   11106  0.59759E-009
   11107  0.61668E-009
   11108  0.64003E-009
   11109  0.66688E-009
   11110  0.69649E-009
   11111  0.72815E-009
   11112  0.76123E-009
   11113  0.79518E-009
   11114  0.82958E-009
   11115  0.86410E-009
   11116  0.89849E-009
   11117  0.93257E-009
   11118  0.96624E-009
   11119  0.99941E-009
   11120  0.10320E-008
   11121  0.10641E-008
   11122  0.10956E-008
   11123  0.11265E-008
   11124  0.11568E-008
   11125  0.11865E-008
   11126  0.12156E-008
   11127  0.12442E-008
   11128  0.12722E-008
   11129  0.12997E-008
   11130  0.13266E-008
   11131  0.13531E-008
   11132  0.13790E-008
   11133  0.14044E-008
   11134  0.14293E-008
   11135  0.14538E-008
   11136  0.14778E-008
   11137  0.15014E-008
   11138  0.15245E-008
   11139  0.51510E-009
   11140  0.51750E-009
   11141  0.52149E-009
   11142  0.52701E-009
   11143  0.53401E-009
   11144  0.54243E-009
   11145  0.55217E-009
   11146  0.56316E-009
   11147  0.57529E-009
   11148  0.58846E-009
   11149  0.60257E-009
   11150  0.61751E-009
   11151  0.63318E-009
   11152  0.64948E-009
   11153  0.66630E-009
   11154  0.68356E-009
   11155  0.70118E-009
   11156  0.71907E-009
   11157  0.73717E-009
   11158  0.75541E-009
   11159  0.77375E-009
   11160  0.79212E-009
   11161  0.81049E-009
   11162  0.82883E-009
   11163  0.84710E-009
   11164  0.86529E-009
   11165  0.88336E-009
   11166  0.90132E-009
   11167  0.91913E-009
   11168  0.93679E-009
   11169  0.95430E-009
   11170  0.97165E-009
   11171  0.98883E-009
   11172  0.10058E-008
   11173  0.10227E-008
   11174  0.10394E-008
   11175  0.10559E-008
   11176  0.10722E-008
   11177  0.10883E-008
   11178  0.11043E-008
   11179  0.11201E-008
   11180  0.11358E-008
   11181  0.11513E-008
   11182  0.11666E-008
   11183  0.11817E-008
   11184  0.11967E-008
   11185  0.12116E-008
   11186  0.12263E-008
   11187  0.12408E-008
   11188  0.12552E-008
   11189  0.12694E-008
   11190  0.12835E-008
   11191  0.12974E-008
   11192  0.13112E-008
   11193  0.13248E-008
   11194  0.13383E-008
   11195  0.13517E-008
   11196  0.13649E-008
   11197  0.13780E-008
   11198  0.13910E-008
   11199  0.14038E-008
   11200  0.14165E-008
   11201  0.14291E-008
   11202  0.14415E-008
   11203  0.14538E-008
   11204  0.14661E-008
   11205  0.14781E-008
   11206  0.14901E-008
   11207  0.15020E-008
   11208  0.15137E-008
   11209  0.15253E-008
   11210  0.46073E-009
   11211  0.47103E-009
   11212  0.48772E-009
   11213  0.51014E-009
   11214  0.53746E-009
   11215  0.56877E-009
   11216  0.60314E-009
   11217  0.63970E-009
   11218  0.67769E-009
   11219  0.71647E-009
   11220  0.75551E-009
   11221  0.79444E-009
   11222  0.83299E-009
   11223  0.87096E-009
   11224  0.90826E-009
   11225  0.94480E-009
   11226  0.98055E-009
   11227  0.10155E-008
   11228  0.10497E-008
   11229  0.10830E-008
   11230  0.11157E-008
   11231  0.11475E-008
   11232  0.11787E-008
   11233  0.12091E-008
   11234  0.12389E-008
   11235  0.12680E-008
   11236  0.12964E-008
   11237  0.13243E-008
   11238  0.13515E-008
   11239  0.13782E-008
   11240  0.14043E-008
   11241  0.14298E-008
   11242  0.14549E-008
   11243  0.14794E-008
   11244  0.15035E-008
   11245  0.40206E-009
   11246  0.40487E-009
   11247  0.40954E-009
   11248  0.41598E-009
   11249  0.42415E-009
   11250  0.43396E-009
   11251  0.44531E-009
   11252  0.45809E-009
   11253  0.47218E-009
   11254  0.48745E-009
   11255  0.50378E-009
   11256  0.52104E-009
   11257  0.53911E-009
   11258  0.55785E-009
   11259  0.57716E-009
   11260  0.59692E-009
   11261  0.61703E-009
   11262  0.63741E-009
   11263  0.65796E-009
   11264  0.67863E-009
   11265  0.69933E-009
   11266  0.72002E-009
   11267  0.74064E-009
   11268  0.76117E-009
   11269  0.78156E-009
   11270  0.80180E-009
   11271  0.82186E-009
   11272  0.84172E-009
   11273  0.86137E-009
   11274  0.88081E-009
   11275  0.90003E-009
   11276  0.91902E-009
   11277  0.93778E-009
   11278  0.95631E-009
   11279  0.97461E-009
   11280  0.99269E-009
   11281  0.10105E-008
   11282  0.10282E-008
   11283  0.10456E-008
   11284  0.10628E-008
   11285  0.10797E-008
   11286  0.10965E-008
   11287  0.11130E-008
   11288  0.11294E-008
   11289  0.11456E-008
   11290  0.11615E-008
   11291  0.11773E-008
   11292  0.11928E-008
   11293  0.12082E-008
   11294  0.12234E-008
   11295  0.12385E-008
   11296  0.12533E-008
   11297  0.12680E-008
   11298  0.12825E-008
   11299  0.12968E-008
   11300  0.13110E-008
   11301  0.13250E-008
   11302  0.13389E-008
   11303  0.13526E-008
   11304  0.13661E-008
   11305  0.13795E-008
   11306  0.13928E-008
   11307  0.14059E-008
   11308  0.14188E-008
   11309  0.14317E-008
   11310  0.14444E-008
   11311  0.14569E-008
   11312  0.14694E-008
   11313  0.14817E-008
   11314  0.14938E-008
   11315  0.15059E-008
   11316  0.35043E-009
   11317  0.36234E-009
   11318  0.38162E-009
   11319  0.40747E-009
   11320  0.43888E-009
   11321  0.47476E-009
   11322  0.51401E-009
   11323  0.55557E-009
   11324  0.59856E-009
   11325  0.64220E-009
   11326  0.68591E-009
   11327  0.72927E-009
   11328  0.77195E-009
   11329  0.81378E-009
   11330  0.85464E-009
   11331  0.89448E-009
   11332  0.93327E-009
   11333  0.97103E-009
   11334  0.10078E-008
   11335  0.10436E-008
   11336  0.10784E-008
   11337  0.11123E-008
   11338  0.11453E-008
   11339  0.11775E-008
   11340  0.12089E-008
   11341  0.12395E-008
   11342  0.12694E-008
   11343  0.12985E-008
   11344  0.13270E-008
   11345  0.13548E-008
   11346  0.13820E-008
   11347  0.14086E-008
   11348  0.14345E-008
   11349  0.14600E-008
   11350  0.14848E-008
   11351  0.29476E-009
   11352  0.29798E-009
   11353  0.30332E-009
   11354  0.31069E-009
   11355  0.32005E-009
   11356  0.33126E-009
   11357  0.34422E-009
   11358  0.35880E-009
   11359  0.37485E-009
   11360  0.39223E-009
   11361  0.41079E-009
   11362  0.43037E-009
   11363  0.45083E-009
   11364  0.47202E-009
   11365  0.49380E-009
   11366  0.51605E-009
   11367  0.53864E-009
   11368  0.56148E-009
   11369  0.58446E-009
   11370  0.60750E-009
   11371  0.63053E-009
   11372  0.65349E-009
   11373  0.67632E-009
   11374  0.69899E-009
   11375  0.72145E-009
   11376  0.74368E-009
   11377  0.76565E-009
   11378  0.78736E-009
   11379  0.80879E-009
   11380  0.82994E-009
   11381  0.85079E-009
   11382  0.87135E-009
   11383  0.89161E-009
   11384  0.91159E-009
   11385  0.93128E-009
   11386  0.95068E-009
   11387  0.96981E-009
   11388  0.98866E-009
   11389  0.10072E-008
   11390  0.10256E-008
   11391  0.10436E-008
   11392  0.10614E-008
   11393  0.10790E-008
   11394  0.10963E-008
   11395  0.11134E-008
   11396  0.11302E-008
   11397  0.11468E-008
   11398  0.11632E-008
   11399  0.11794E-008
   11400  0.11954E-008
   11401  0.12111E-008
   11402  0.12267E-008
   11403  0.12420E-008
   11404  0.12572E-008
   11405  0.12722E-008
   11406  0.12870E-008
   11407  0.13016E-008
   11408  0.13160E-008
   11409  0.13302E-008
   11410  0.13443E-008
   11411  0.13582E-008
   11412  0.13720E-008
   11413  0.13856E-008
   11414  0.13990E-008
   11415  0.14123E-008
   11416  0.14254E-008
   11417  0.14384E-008
   11418  0.14513E-008
   11419  0.14639E-008
   11420  0.14765E-008
   11421  0.14889E-008
   11422  0.24810E-009
   11423  0.26160E-009
   11424  0.28341E-009
   11425  0.31260E-009
   11426  0.34801E-009
   11427  0.38834E-009
   11428  0.43232E-009
   11429  0.47873E-009
   11430  0.52653E-009
   11431  0.57485E-009
   11432  0.62304E-009
   11433  0.67060E-009
   11434  0.71721E-009
   11435  0.76267E-009
   11436  0.80688E-009
   11437  0.84980E-009
   11438  0.89142E-009
   11439  0.93178E-009
   11440  0.97091E-009
   11441  0.10089E-008
   11442  0.10457E-008
   11443  0.10815E-008
   11444  0.11162E-008
   11445  0.11500E-008
   11446  0.11829E-008
   11447  0.12148E-008
   11448  0.12460E-008
   11449  0.12763E-008
   11450  0.13059E-008
   11451  0.13347E-008
   11452  0.13628E-008
   11453  0.13903E-008
   11454  0.14171E-008
   11455  0.14433E-008
   11456  0.14689E-008
   11457  0.19780E-009
   11458  0.20140E-009
   11459  0.20738E-009
   11460  0.21564E-009
   11461  0.22611E-009
   11462  0.23865E-009
   11463  0.25314E-009
   11464  0.26942E-009
   11465  0.28734E-009
   11466  0.30671E-009
   11467  0.32737E-009
   11468  0.34914E-009
   11469  0.37185E-009
   11470  0.39533E-009
   11471  0.41943E-009
   11472  0.44401E-009
   11473  0.46893E-009
   11474  0.49407E-009
   11475  0.51931E-009
   11476  0.54457E-009
   11477  0.56977E-009
   11478  0.59483E-009
   11479  0.61971E-009
   11480  0.64435E-009
   11481  0.66871E-009
   11482  0.69278E-009
   11483  0.71651E-009
   11484  0.73992E-009
   11485  0.76297E-009
   11486  0.78567E-009
   11487  0.80801E-009
   11488  0.82999E-009
   11489  0.85162E-009
   11490  0.87290E-009
   11491  0.89384E-009
   11492  0.91444E-009
   11493  0.93471E-009
   11494  0.95466E-009
   11495  0.97429E-009
   11496  0.99361E-009
   11497  0.10126E-008
   11498  0.10314E-008
   11499  0.10498E-008
   11500  0.10680E-008
   11501  0.10859E-008
   11502  0.11035E-008
   11503  0.11209E-008
   11504  0.11380E-008
   11505  0.11549E-008
   11506  0.11715E-008
   11507  0.11879E-008
   11508  0.12041E-008
   11509  0.12200E-008
   11510  0.12358E-008
   11511  0.12513E-008
   11512  0.12666E-008
   11513  0.12817E-008
   11514  0.12967E-008
   11515  0.13114E-008
   11516  0.13259E-008
   11517  0.13403E-008
   11518  0.13545E-008
   11519  0.13685E-008
   11520  0.13823E-008
   11521  0.13960E-008
   11522  0.14095E-008
   11523  0.14228E-008
   11524  0.14360E-008
   11525  0.14491E-008
   11526  0.14620E-008
   11527  0.14747E-008
   11528  0.15848E-009
   11529  0.17342E-009
   11530  0.19755E-009
   11531  0.22980E-009
   11532  0.26884E-009
   11533  0.31323E-009
   11534  0.36150E-009
   11535  0.41229E-009
   11536  0.46444E-009
   11537  0.51698E-009
   11538  0.56917E-009
   11539  0.62050E-009
   11540  0.67061E-009
   11541  0.71929E-009
   11542  0.76646E-009
   11543  0.81209E-009
   11544  0.85619E-009
   11545  0.89881E-009
   11546  0.94002E-009
   11547  0.97988E-009
   11548  0.10185E-008
   11549  0.10558E-008
   11550  0.10920E-008
   11551  0.11272E-008
   11552  0.11613E-008
   11553  0.11944E-008
   11554  0.12266E-008
   11555  0.12580E-008
   11556  0.12884E-008
   11557  0.13181E-008
   11558  0.13470E-008
   11559  0.13752E-008
   11560  0.14027E-008
   11561  0.14296E-008
   11562  0.14558E-008
   11563  0.11596E-009
   11564  0.11990E-009
   11565  0.12645E-009
   11566  0.13548E-009
   11567  0.14692E-009
   11568  0.16063E-009
   11569  0.17646E-009
   11570  0.19423E-009
   11571  0.21376E-009
   11572  0.23488E-009
   11573  0.25737E-009
   11574  0.28105E-009
   11575  0.30572E-009
   11576  0.33121E-009
   11577  0.35733E-009
   11578  0.38393E-009
   11579  0.41085E-009
   11580  0.43798E-009
   11581  0.46518E-009
   11582  0.49237E-009
   11583  0.51943E-009
   11584  0.54631E-009
   11585  0.57294E-009
   11586  0.59928E-009
   11587  0.62527E-009
   11588  0.65090E-009
   11589  0.67615E-009
   11590  0.70099E-009
   11591  0.72542E-009
   11592  0.74944E-009
   11593  0.77304E-009
   11594  0.79624E-009
   11595  0.81902E-009
   11596  0.84140E-009
   11597  0.86339E-009
   11598  0.88500E-009
   11599  0.90623E-009
   11600  0.92709E-009
   11601  0.94760E-009
   11602  0.96776E-009
   11603  0.98759E-009
   11604  0.10071E-008
   11605  0.10263E-008
   11606  0.10451E-008
   11607  0.10637E-008
   11608  0.10820E-008
   11609  0.11000E-008
   11610  0.11177E-008
   11611  0.11351E-008
   11612  0.11523E-008
   11613  0.11693E-008
   11614  0.11860E-008
   11615  0.12024E-008
   11616  0.12186E-008
   11617  0.12346E-008
   11618  0.12504E-008
   11619  0.12659E-008
   11620  0.12812E-008
   11621  0.12963E-008
   11622  0.13113E-008
   11623  0.13260E-008
   11624  0.13405E-008
   11625  0.13549E-008
   11626  0.13690E-008
   11627  0.13830E-008
   11628  0.13968E-008
   11629  0.14105E-008
   11630  0.14240E-008
   11631  0.14373E-008
   11632  0.14504E-008
   11633  0.14634E-008
   11634  0.86231E-010
   11635  0.10237E-009
   11636  0.12843E-009
   11637  0.16322E-009
   11638  0.20528E-009
   11639  0.25303E-009
   11640  0.30486E-009
   11641  0.35928E-009
   11642  0.41502E-009
   11643  0.47102E-009
   11644  0.52651E-009
   11645  0.58091E-009
   11646  0.63388E-009
   11647  0.68519E-009
   11648  0.73476E-009
   11649  0.78257E-009
   11650  0.82867E-009
   11651  0.87311E-009
   11652  0.91598E-009
   11653  0.95736E-009
   11654  0.99732E-009
   11655  0.10360E-008
   11656  0.10734E-008
   11657  0.11096E-008
   11658  0.11447E-008
   11659  0.11787E-008
   11660  0.12118E-008
   11661  0.12439E-008
   11662  0.12751E-008
   11663  0.13054E-008
   11664  0.13350E-008
   11665  0.13637E-008
   11666  0.13918E-008
   11667  0.14191E-008
   11668  0.14458E-008
   11669  0.53721E-010
   11670  0.57932E-010
   11671  0.64915E-010
   11672  0.74554E-010
   11673  0.86763E-010
   11674  0.10138E-009
   11675  0.11825E-009
   11676  0.13718E-009
   11677  0.15799E-009
   11678  0.18045E-009
   11679  0.20437E-009
   11680  0.22954E-009
   11681  0.25574E-009
   11682  0.28278E-009
   11683  0.31047E-009
   11684  0.33865E-009
   11685  0.36713E-009
   11686  0.39581E-009
   11687  0.42452E-009
   11688  0.45319E-009
   11689  0.48169E-009
   11690  0.50998E-009
   11691  0.53796E-009
   11692  0.56560E-009
   11693  0.59285E-009
   11694  0.61968E-009
   11695  0.64608E-009
   11696  0.67203E-009
   11697  0.69752E-009
   11698  0.72254E-009
   11699  0.74711E-009
   11700  0.77122E-009
   11701  0.79488E-009
   11702  0.81810E-009
   11703  0.84088E-009
   11704  0.86325E-009
   11705  0.88521E-009
   11706  0.90676E-009
   11707  0.92794E-009
   11708  0.94873E-009
   11709  0.96916E-009
   11710  0.98924E-009
   11711  0.10090E-008
   11712  0.10284E-008
   11713  0.10475E-008
   11714  0.10662E-008
   11715  0.10847E-008
   11716  0.11028E-008
   11717  0.11207E-008
   11718  0.11383E-008
   11719  0.11556E-008
   11720  0.11727E-008
   11721  0.11895E-008
   11722  0.12061E-008
   11723  0.12224E-008
   11724  0.12385E-008
   11725  0.12543E-008
   11726  0.12700E-008
   11727  0.12854E-008
   11728  0.13006E-008
   11729  0.13156E-008
   11730  0.13304E-008
   11731  0.13450E-008
   11732  0.13594E-008
   11733  0.13736E-008
   11734  0.13876E-008
   11735  0.14015E-008
   11736  0.14152E-008
   11737  0.14287E-008
   11738  0.14420E-008
   11739  0.14552E-008
   11740  0.35467E-010
   11741  0.52474E-010
   11742  0.79910E-010
   11743  0.11652E-009
   11744  0.16076E-009
   11745  0.21092E-009
   11746  0.26529E-009
   11747  0.32231E-009
   11748  0.38061E-009
   11749  0.43909E-009
   11750  0.49691E-009
   11751  0.55351E-009
   11752  0.60849E-009
   11753  0.66166E-009
   11754  0.71292E-009
   11755  0.76228E-009
   11756  0.80978E-009
   11757  0.85549E-009
   11758  0.89952E-009
   11759  0.94196E-009
   11760  0.98289E-009
   11761  0.10224E-008
   11762  0.10606E-008
   11763  0.10976E-008
   11764  0.11333E-008
   11765  0.11680E-008
   11766  0.12016E-008
   11767  0.12343E-008
   11768  0.12660E-008
   11769  0.12968E-008
   11770  0.13268E-008
   11771  0.13560E-008
   11772  0.13844E-008
   11773  0.14121E-008
   11774  0.14391E-008
   11775  0.14764E-010
   11776  0.19144E-010
   11777  0.26407E-010
   11778  0.36432E-010
   11779  0.49127E-010
   11780  0.64319E-010
   11781  0.81855E-010
   11782  0.10153E-009
   11783  0.12314E-009
   11784  0.14647E-009
   11785  0.17130E-009
   11786  0.19741E-009
   11787  0.22458E-009
   11788  0.25261E-009
   11789  0.28130E-009
   11790  0.31047E-009
   11791  0.33995E-009
   11792  0.36960E-009
   11793  0.39927E-009
   11794  0.42888E-009
   11795  0.45830E-009
   11796  0.48746E-009
   11797  0.51630E-009
   11798  0.54476E-009
   11799  0.57280E-009
   11800  0.60040E-009
   11801  0.62752E-009
   11802  0.65416E-009
   11803  0.68031E-009
   11804  0.70597E-009
   11805  0.73114E-009
   11806  0.75583E-009
   11807  0.78003E-009
   11808  0.80378E-009
   11809  0.82706E-009
   11810  0.84990E-009
   11811  0.87231E-009
   11812  0.89430E-009
   11813  0.91589E-009
   11814  0.93708E-009
   11815  0.95788E-009
   11816  0.97832E-009
   11817  0.99840E-009
   11818  0.10181E-008
   11819  0.10375E-008
   11820  0.10566E-008
   11821  0.10753E-008
   11822  0.10938E-008
   11823  0.11119E-008
   11824  0.11298E-008
   11825  0.11473E-008
   11826  0.11646E-008
   11827  0.11817E-008
   11828  0.11985E-008
   11829  0.12150E-008
   11830  0.12313E-008
   11831  0.12473E-008
   11832  0.12631E-008
   11833  0.12787E-008
   11834  0.12941E-008
   11835  0.13093E-008
   11836  0.13242E-008
   11837  0.13390E-008
   11838  0.13535E-008
   11839  0.13679E-008
   11840  0.13821E-008
   11841  0.13960E-008
   11842  0.14099E-008
   11843  0.14235E-008
   11844  0.14370E-008
   11845  0.14503E-008
   11846  0.92635E-011
   11847  0.26722E-010
   11848  0.54882E-010
   11849  0.92451E-010
   11850  0.13782E-009
   11851  0.18924E-009
   11852  0.24494E-009
   11853  0.30331E-009
   11854  0.36294E-009
   11855  0.42271E-009
   11856  0.48175E-009
   11857  0.53948E-009
   11858  0.59551E-009
   11859  0.64964E-009
   11860  0.70178E-009
   11861  0.75193E-009
   11862  0.80016E-009
   11863  0.84653E-009
   11864  0.89116E-009
   11865  0.93414E-009
   11866  0.97557E-009
   11867  0.10155E-008
   11868  0.10542E-008
   11869  0.10915E-008
   11870  0.11276E-008
   11871  0.11626E-008
   11872  0.11965E-008
   11873  0.12295E-008
   11874  0.12614E-008
   11875  0.12925E-008
   11876  0.13227E-008
   11877  0.13520E-008
   11878  0.13806E-008
   11879  0.14085E-008
   11880  0.14357E-008
