#Power [W] (C-aligned, inner loop is vs Time, outer loop vs Vertical Position)
#-2.0134680133013524e-11 #Initial Time [s]
#2.0134680133013524e-11 #Final Time [s]
#300 #Number of points vs Time
#0.0 #Initial Horizontal Position [m]
#0.0 #Final Horizontal Position [m]
#1 #Number of points vs Horizontal Position
#0.0 #Initial Vertical Position [m]
#0.0 #Final Vertical Position [m]
#1 #Number of points vs Vertical Position
#1 #Number of components
 1.0448779903526884e-05
 9.178645996144041e-06
 1.0704843589337543e-05
 1.0186951840296388e-05
 9.522255822957959e-06
 1.1635484042926691e-05
 1.1390733561711386e-05
 1.0687838766898494e-05
 1.2658329978876282e-05
 1.2259273717063479e-05
 1.1334448572597466e-05
 1.2912451893498655e-05
 1.1943885510845575e-05
 1.0507292245165445e-05
 1.1785097740357742e-05
 1.0775290320452768e-05
 9.589032742951531e-06
 1.1247020665905438e-05
 1.0514459063415416e-05
 9.51166839513462e-06
 1.130548662331421e-05
 1.0659454346750863e-05
 9.830629096541088e-06
 1.1879155863425694e-05
 1.1326484127494041e-05
 1.0362718057876918e-05
 1.2162500752310734e-05
 1.1434191947046202e-05
 1.0598964763630647e-05
 1.2661025721172336e-05
 1.1929994798265398e-05
 1.0895342711592093e-05
 1.2829085790144745e-05
 1.2092703400412574e-05
 1.1258096492383629e-05
 1.3420102732197847e-05
 1.2613537364813965e-05
 1.1579763850022573e-05
 1.367742515867576e-05
 1.2908552889712155e-05
 1.2026963304379024e-05
 1.426863582310034e-05
 1.3431309525913093e-05
 1.2632006473722868e-05
 1.5302102838177234e-05
 1.498968958912883e-05
 1.482589232182363e-05
 1.8203349100076593e-05
 1.8337061192141846e-05
 1.8462620573700406e-05
 2.2042089767637663e-05
 2.1997440853738226e-05
 2.1706842744606547e-05
 2.461540134390816e-05
 2.3406157197314315e-05
 2.1944631953374483e-05
 2.414457776467316e-05
 2.249254066555295e-05
 2.1016023310949095e-05
 2.3551236154162325e-05
 2.2031663320376538e-05
 2.0759334802278318e-05
 2.3689122826908715e-05
 2.2264737708610483e-05
 2.11959832085995e-05
 2.4776265490800142e-05
 2.394756484136451e-05
 2.3372698706225492e-05
 2.7072455850429833e-05
 2.549075179558713e-05
 2.4489525458193384e-05
 2.8903466954943724e-05
 2.817672793753445e-05
 2.775402390398085e-05
 3.2239913707599044e-05
 3.07844857161399e-05
 3.0252553187892772e-05
 3.573687718017027e-05
 3.4976859751623124e-05
 3.496521821944043e-05
 4.11284199799411e-05
 4.030202399007976e-05
 4.031333446619101e-05
 4.6974811994004995e-05
 4.6124059736030176e-05
 4.706323306891136e-05
 5.604794932878576e-05
 5.636793503072113e-05
 5.751758726546541e-05
 6.666294211754575e-05
 6.652100273640826e-05
 6.936852150829509e-05
 8.294713916257024e-05
 8.567270560888574e-05
 9.031877561938018e-05
 0.00010639500396791846
 0.00011091925989603624
 0.00012050211080349982
 0.00014666502829641104
 0.00016368702927138656
 0.00019773346139118075
 0.00027053154190070927
 0.00034912614501081407
 0.00045579730067402124
 0.0006182335782796144
 0.0008237360161729157
 0.0011581978760659695
 0.0017112033674493432
 0.0024914536625146866
 0.003720380598679185
 0.006004480645060539
 0.011311625130474567
 0.029536543413996696
 0.10785878449678421
 0.44767841696739197
 1.8092350959777832
 6.734659194946289
 22.839046478271484
 70.69806671142578
 200.4453125
 521.6510620117188
 1247.1907958984375
 2739.730712890625
 5529.001953125
 10249.2451171875
 17451.28515625
 27294.857421875
 39220.328125
 51784.44140625
 62840.91015625
 70106.1796875
 71925.96875
 67896.9296875
 59034.9453125
 47414.56640625
 35483.10546875
 25393.546875
 18631.08203125
 16001.515625
 17847.439453125
 24267.177734375
 35154.7421875
 50015.47265625
 67677.375
 86141.2578125
 102811.7421875
 115164.0078125
 121580.484375
 121863.03125
 117048.8515625
 108638.140625
 97801.375
 85130.5
 71002.5234375
 56102.3828125
 41586.73828125
 28762.01171875
 18575.212890625
 11306.111328125
 6618.0849609375
 3848.490234375
 2315.984619140625
 1498.806396484375
 1068.9381103515625
 845.3396606445312
 733.11767578125
 681.1742553710938
 659.9581298828125
 650.1439819335938
 636.4630126953125
 606.005859375
 550.6035766601562
 470.24395751953125
 373.6230773925781
 274.5011901855469
 186.00209045410156
 116.23214721679688
 67.10388946533203
 35.90422821044922
 17.87870216369629
 8.331321716308594
 3.668336868286133
 1.5657676458358765
 0.6994901895523071
 0.3866483271121979
 0.3011864125728607
 0.2952871024608612
 0.30401158332824707
 0.30042850971221924
 0.2764243185520172
 0.23452670872211456
 0.18287687003612518
 0.13085423409938812
 0.08586233109235764
 0.051698263734579086
 0.028594639152288437
 0.014569872058928013
 0.0069073280319571495
 0.003106445074081421
 0.0013858802849426866
 0.0006861448055133224
 0.0004132460744585842
 0.00030137927387841046
 0.00026727805379778147
 0.0002626995847094804
 0.0002878804225474596
 0.000369296467397362
 0.0004886753158643842
 0.0006243945681490004
 0.0007579328375868499
 0.0008424427942372859
 0.0008580383728258312
 0.0008116146200336516
 0.0006963577470742166
 0.000536664854735136
 0.00038137633237056434
 0.00024995175772346556
 0.00015582999913021922
 0.00010485933307791129
 7.34854766051285e-05
 5.294319271342829e-05
 4.777741196448915e-05
 4.342335887486115e-05
 3.7875946873100474e-05
 3.881569500663318e-05
 3.5990276955999434e-05
 3.091655162279494e-05
 3.2434927561553195e-05
 3.09686511172913e-05
 2.722988574532792e-05
 2.8956670576008037e-05
 2.748754013737198e-05
 2.4107723220367916e-05
 2.596677040855866e-05
 2.4504639441147447e-05
 2.1030316929682158e-05
 2.270629738632124e-05
 2.183139804401435e-05
 1.942729068105109e-05
 2.1408861357485875e-05
 2.007618786592502e-05
 1.7120833945227787e-05
 1.8962242393172346e-05
 1.8378852473688312e-05
 1.63787499332102e-05
 1.832731686590705e-05
 1.7376944015268236e-05
 1.5204323972284328e-05
 1.7305328583461232e-05
 1.6897267414606176e-05
 1.5140958566917107e-05
 1.700702341622673e-05
 1.6180865713977255e-05
 1.4247790204535704e-05
 1.6091384168248624e-05
 1.547160354675725e-05
 1.3805406524625141e-05
 1.567743493069429e-05
 1.5054355571919587e-05
 1.3388229490374215e-05
 1.5112160326680169e-05
 1.4416395970329177e-05
 1.2834531844418962e-05
 1.4632940292358398e-05
 1.4103860848990735e-05
 1.2677390259341337e-05
 1.4373264093592297e-05
 1.3661636330652982e-05
 1.2195332601550035e-05
 1.3998282156535424e-05
 1.3589880836661905e-05
 1.2412157047947403e-05
 1.4216277122613974e-05
 1.3633434718940407e-05
 1.2275847439013887e-05
 1.3964270692667924e-05
 1.3485072486218996e-05
 1.2335748579062056e-05
 1.4003038813825697e-05
 1.3293121810420416e-05
 1.1915057257283479e-05
 1.3476017556968145e-05
 1.289085776079446e-05
 1.1727625860658009e-05
 1.3418938578979578e-05
 1.2892214726889506e-05
 1.1766800525947474e-05
 1.338682159257587e-05
 1.274270107387565e-05
 1.1568044101295527e-05
 1.3183073861000594e-05
 1.2538440387288574e-05
 1.127232735598227e-05
 1.2645120477827732e-05
 1.1763953807530925e-05
 1.0409624337626155e-05
 1.1774773156503215e-05
 1.0930212738458067e-05
 9.678592505224515e-06
 1.1197968888154719e-05
