
 LIST ALL SELECTED NODES.   DSYS=      0

 *** ANSYS - ENGINEERING ANALYSIS SYSTEM  RELEASE Release 19.2     19.2     ***
 ANSYS Mechanical Pro                              
 00203112  VERSION=WINDOWS x64   16:01:14  MAY 17, 2021 CP=    142.484

 HHLM Xtal: P=1.61 W, Tf=80 K, W_FWHM=0.66178392, L_FWHM=1.84 mm               



   NODE        X                   Y                   Z
        1   -1.84000000000         0.00000000000       -0.992675880264     
       20    0.00000000000         0.00000000000       -0.992675880264     
       21  -0.460000000000E-001    0.00000000000       -0.992675880264     
       22  -0.920000000000E-001    0.00000000000       -0.992675880264     
       23  -0.138000000000         0.00000000000       -0.992675880264     
       24  -0.184000000000         0.00000000000       -0.992675880264     
       25  -0.230000000000         0.00000000000       -0.992675880264     
       26  -0.276000000000         0.00000000000       -0.992675880264     
       27  -0.322000000000         0.00000000000       -0.992675880264     
       28  -0.368000000000         0.00000000000       -0.992675880264     
       29  -0.414000000000         0.00000000000       -0.992675880264     
       30  -0.460000000000         0.00000000000       -0.992675880264     
       31  -0.506000000000         0.00000000000       -0.992675880264     
       32  -0.552000000000         0.00000000000       -0.992675880264     
       33  -0.598000000000         0.00000000000       -0.992675880264     
       34  -0.644000000000         0.00000000000       -0.992675880264     
       35  -0.690000000000         0.00000000000       -0.992675880264     
       36  -0.736000000000         0.00000000000       -0.992675880264     
       37  -0.782000000000         0.00000000000       -0.992675880264     
       38  -0.828000000000         0.00000000000       -0.992675880264     
       39  -0.874000000000         0.00000000000       -0.992675880264     
       40  -0.920000000000         0.00000000000       -0.992675880264     
       41  -0.966000000000         0.00000000000       -0.992675880264     
       42   -1.01200000000         0.00000000000       -0.992675880264     
       43   -1.05800000000         0.00000000000       -0.992675880264     
       44   -1.10400000000         0.00000000000       -0.992675880264     
       45   -1.15000000000         0.00000000000       -0.992675880264     
       46   -1.19600000000         0.00000000000       -0.992675880264     
       47   -1.24200000000         0.00000000000       -0.992675880264     
       48   -1.28800000000         0.00000000000       -0.992675880264     
       49   -1.33400000000         0.00000000000       -0.992675880264     
       50   -1.38000000000         0.00000000000       -0.992675880264     
       51   -1.42600000000         0.00000000000       -0.992675880264     
       52   -1.47200000000         0.00000000000       -0.992675880264     
       53   -1.51800000000         0.00000000000       -0.992675880264     
       54   -1.56400000000         0.00000000000       -0.992675880264     
       55   -1.61000000000         0.00000000000       -0.992675880264     
       56   -1.65600000000         0.00000000000       -0.992675880264     
       57   -1.70200000000         0.00000000000       -0.992675880264     
       58   -1.74800000000         0.00000000000       -0.992675880264     
       59   -1.79400000000         0.00000000000       -0.992675880264     
      641    0.00000000000         0.00000000000         0.00000000000     
      659   -1.84000000000         0.00000000000         0.00000000000     
      660  -0.460000000000E-001    0.00000000000         0.00000000000     
      661  -0.920000000000E-001    0.00000000000         0.00000000000     
      662  -0.138000000000         0.00000000000         0.00000000000     
      663  -0.184000000000         0.00000000000         0.00000000000     
      664  -0.230000000000         0.00000000000         0.00000000000     
      665  -0.276000000000         0.00000000000         0.00000000000     
      666  -0.322000000000         0.00000000000         0.00000000000     
      667  -0.368000000000         0.00000000000         0.00000000000     
      668  -0.414000000000         0.00000000000         0.00000000000     
      669  -0.460000000000         0.00000000000         0.00000000000     
      670  -0.506000000000         0.00000000000         0.00000000000     
      671  -0.552000000000         0.00000000000         0.00000000000     
      672  -0.598000000000         0.00000000000         0.00000000000     
      673  -0.644000000000         0.00000000000         0.00000000000     
      674  -0.690000000000         0.00000000000         0.00000000000     
      675  -0.736000000000         0.00000000000         0.00000000000     
      676  -0.782000000000         0.00000000000         0.00000000000     
      677  -0.828000000000         0.00000000000         0.00000000000     
      678  -0.874000000000         0.00000000000         0.00000000000     
      679  -0.920000000000         0.00000000000         0.00000000000     
      680  -0.966000000000         0.00000000000         0.00000000000     
      681   -1.01200000000         0.00000000000         0.00000000000     
      682   -1.05800000000         0.00000000000         0.00000000000     
      683   -1.10400000000         0.00000000000         0.00000000000     
      684   -1.15000000000         0.00000000000         0.00000000000     
      685   -1.19600000000         0.00000000000         0.00000000000     
      686   -1.24200000000         0.00000000000         0.00000000000     
      687   -1.28800000000         0.00000000000         0.00000000000     
      688   -1.33400000000         0.00000000000         0.00000000000     
      689   -1.38000000000         0.00000000000         0.00000000000     
      690   -1.42600000000         0.00000000000         0.00000000000     
      691   -1.47200000000         0.00000000000         0.00000000000     
      692   -1.51800000000         0.00000000000         0.00000000000     
      693   -1.56400000000         0.00000000000         0.00000000000     
      694   -1.61000000000         0.00000000000         0.00000000000     
      695   -1.65600000000         0.00000000000         0.00000000000     
      696   -1.70200000000         0.00000000000         0.00000000000     
      697   -1.74800000000         0.00000000000         0.00000000000     
      698   -1.79400000000         0.00000000000         0.00000000000     
     2274    0.00000000000         0.00000000000       -0.965101550257     
     2275    0.00000000000         0.00000000000       -0.937527220249     
     2276    0.00000000000         0.00000000000       -0.909952890242     
     2277    0.00000000000         0.00000000000       -0.882378560235     
     2278    0.00000000000         0.00000000000       -0.854804230227     
     2279    0.00000000000         0.00000000000       -0.827229900220     
     2280    0.00000000000         0.00000000000       -0.799655570213     
     2281    0.00000000000         0.00000000000       -0.772081240205     
     2282    0.00000000000         0.00000000000       -0.744506910198     
     2283    0.00000000000         0.00000000000       -0.716932580191     
     2284    0.00000000000         0.00000000000       -0.689358250183     
     2285    0.00000000000         0.00000000000       -0.661783920176     
     2286    0.00000000000         0.00000000000       -0.634209590169     
     2287    0.00000000000         0.00000000000       -0.606635260161     
     2288    0.00000000000         0.00000000000       -0.579060930154     
     2289    0.00000000000         0.00000000000       -0.551486600147     
     2290    0.00000000000         0.00000000000       -0.523912270139     
     2291    0.00000000000         0.00000000000       -0.496337940132     
     2292    0.00000000000         0.00000000000       -0.468763610125     
     2293    0.00000000000         0.00000000000       -0.441189280117     
     2294    0.00000000000         0.00000000000       -0.413614950110     
     2295    0.00000000000         0.00000000000       -0.386040620103     
     2296    0.00000000000         0.00000000000       -0.358466290095     
     2297    0.00000000000         0.00000000000       -0.330891960088     
     2298    0.00000000000         0.00000000000       -0.303317630081     
     2299    0.00000000000         0.00000000000       -0.275743300073     
     2300    0.00000000000         0.00000000000       -0.248168970066     
     2301    0.00000000000         0.00000000000       -0.220594640059     
     2302    0.00000000000         0.00000000000       -0.193020310051     
     2303    0.00000000000         0.00000000000       -0.165445980044     
     2304    0.00000000000         0.00000000000       -0.137871650037     
     2305    0.00000000000         0.00000000000       -0.110297320029     
     2306    0.00000000000         0.00000000000       -0.827229900220E-001
     2307    0.00000000000         0.00000000000       -0.551486600147E-001
     2308    0.00000000000         0.00000000000       -0.275743300073E-001
     2309   -1.84000000000         0.00000000000       -0.275743300073E-001
     2310   -1.84000000000         0.00000000000       -0.551486600147E-001
     2311   -1.84000000000         0.00000000000       -0.827229900220E-001
     2312   -1.84000000000         0.00000000000       -0.110297320029     
     2313   -1.84000000000         0.00000000000       -0.137871650037     
     2314   -1.84000000000         0.00000000000       -0.165445980044     
     2315   -1.84000000000         0.00000000000       -0.193020310051     
     2316   -1.84000000000         0.00000000000       -0.220594640059     
     2317   -1.84000000000         0.00000000000       -0.248168970066     
     2318   -1.84000000000         0.00000000000       -0.275743300073     
     2319   -1.84000000000         0.00000000000       -0.303317630081     
     2320   -1.84000000000         0.00000000000       -0.330891960088     
     2321   -1.84000000000         0.00000000000       -0.358466290095     
     2322   -1.84000000000         0.00000000000       -0.386040620103     
     2323   -1.84000000000         0.00000000000       -0.413614950110     
     2324   -1.84000000000         0.00000000000       -0.441189280117     
     2325   -1.84000000000         0.00000000000       -0.468763610125     
     2326   -1.84000000000         0.00000000000       -0.496337940132     
     2327   -1.84000000000         0.00000000000       -0.523912270139     
     2328   -1.84000000000         0.00000000000       -0.551486600147     
     2329   -1.84000000000         0.00000000000       -0.579060930154     
     2330   -1.84000000000         0.00000000000       -0.606635260161     
     2331   -1.84000000000         0.00000000000       -0.634209590169     
     2332   -1.84000000000         0.00000000000       -0.661783920176     
     2333   -1.84000000000         0.00000000000       -0.689358250183     
     2334   -1.84000000000         0.00000000000       -0.716932580191     
     2335   -1.84000000000         0.00000000000       -0.744506910198     
     2336   -1.84000000000         0.00000000000       -0.772081240205     
     2337   -1.84000000000         0.00000000000       -0.799655570213     
     2338   -1.84000000000         0.00000000000       -0.827229900220     
     2339   -1.84000000000         0.00000000000       -0.854804230227     
     2340   -1.84000000000         0.00000000000       -0.882378560235     
     2341   -1.84000000000         0.00000000000       -0.909952890242     
     2342   -1.84000000000         0.00000000000       -0.937527220249     
     2343   -1.84000000000         0.00000000000       -0.965101550257     
     2344   -1.79400000000         0.00000000000       -0.551486600147E-001
     2345   -1.79400000000         0.00000000000       -0.110297320029     
     2346   -1.79400000000         0.00000000000       -0.165445980044     
     2347   -1.79400000000         0.00000000000       -0.220594640059     
     2348   -1.79400000000         0.00000000000       -0.275743300073     
     2349   -1.79400000000         0.00000000000       -0.330891960088     
     2350   -1.79400000000         0.00000000000       -0.386040620103     
     2351   -1.79400000000         0.00000000000       -0.441189280117     
     2352   -1.79400000000         0.00000000000       -0.496337940132     
     2353   -1.79400000000         0.00000000000       -0.551486600147     
     2354   -1.79400000000         0.00000000000       -0.606635260161     
     2355   -1.79400000000         0.00000000000       -0.661783920176     
     2356   -1.79400000000         0.00000000000       -0.716932580191     
     2357   -1.79400000000         0.00000000000       -0.772081240205     
     2358   -1.79400000000         0.00000000000       -0.827229900220     
     2359   -1.79400000000         0.00000000000       -0.882378560235     
     2360   -1.79400000000         0.00000000000       -0.937527220249     
     2361   -1.74800000000         0.00000000000       -0.275743300073E-001
     2362   -1.74800000000         0.00000000000       -0.551486600147E-001
     2363   -1.74800000000         0.00000000000       -0.827229900220E-001
     2364   -1.74800000000         0.00000000000       -0.110297320029     
     2365   -1.74800000000         0.00000000000       -0.137871650037     
     2366   -1.74800000000         0.00000000000       -0.165445980044     
     2367   -1.74800000000         0.00000000000       -0.193020310051     
     2368   -1.74800000000         0.00000000000       -0.220594640059     
     2369   -1.74800000000         0.00000000000       -0.248168970066     
     2370   -1.74800000000         0.00000000000       -0.275743300073     
     2371   -1.74800000000         0.00000000000       -0.303317630081     
     2372   -1.74800000000         0.00000000000       -0.330891960088     
     2373   -1.74800000000         0.00000000000       -0.358466290095     
     2374   -1.74800000000         0.00000000000       -0.386040620103     
     2375   -1.74800000000         0.00000000000       -0.413614950110     
     2376   -1.74800000000         0.00000000000       -0.441189280117     
     2377   -1.74800000000         0.00000000000       -0.468763610125     
     2378   -1.74800000000         0.00000000000       -0.496337940132     
     2379   -1.74800000000         0.00000000000       -0.523912270139     
     2380   -1.74800000000         0.00000000000       -0.551486600147     
     2381   -1.74800000000         0.00000000000       -0.579060930154     
     2382   -1.74800000000         0.00000000000       -0.606635260161     
     2383   -1.74800000000         0.00000000000       -0.634209590169     
     2384   -1.74800000000         0.00000000000       -0.661783920176     
     2385   -1.74800000000         0.00000000000       -0.689358250183     
     2386   -1.74800000000         0.00000000000       -0.716932580191     
     2387   -1.74800000000         0.00000000000       -0.744506910198     
     2388   -1.74800000000         0.00000000000       -0.772081240205     
     2389   -1.74800000000         0.00000000000       -0.799655570213     
     2390   -1.74800000000         0.00000000000       -0.827229900220     
     2391   -1.74800000000         0.00000000000       -0.854804230227     
     2392   -1.74800000000         0.00000000000       -0.882378560235     
     2393   -1.74800000000         0.00000000000       -0.909952890242     
     2394   -1.74800000000         0.00000000000       -0.937527220249     
     2395   -1.74800000000         0.00000000000       -0.965101550257     
     2396   -1.70200000000         0.00000000000       -0.551486600147E-001
     2397   -1.70200000000         0.00000000000       -0.110297320029     
     2398   -1.70200000000         0.00000000000       -0.165445980044     
     2399   -1.70200000000         0.00000000000       -0.220594640059     
     2400   -1.70200000000         0.00000000000       -0.275743300073     
     2401   -1.70200000000         0.00000000000       -0.330891960088     
     2402   -1.70200000000         0.00000000000       -0.386040620103     
     2403   -1.70200000000         0.00000000000       -0.441189280117     
     2404   -1.70200000000         0.00000000000       -0.496337940132     
     2405   -1.70200000000         0.00000000000       -0.551486600147     
     2406   -1.70200000000         0.00000000000       -0.606635260161     
     2407   -1.70200000000         0.00000000000       -0.661783920176     
     2408   -1.70200000000         0.00000000000       -0.716932580191     
     2409   -1.70200000000         0.00000000000       -0.772081240205     
     2410   -1.70200000000         0.00000000000       -0.827229900220     
     2411   -1.70200000000         0.00000000000       -0.882378560235     
     2412   -1.70200000000         0.00000000000       -0.937527220249     
     2413   -1.65600000000         0.00000000000       -0.275743300073E-001
     2414   -1.65600000000         0.00000000000       -0.551486600147E-001
     2415   -1.65600000000         0.00000000000       -0.827229900220E-001
     2416   -1.65600000000         0.00000000000       -0.110297320029     
     2417   -1.65600000000         0.00000000000       -0.137871650037     
     2418   -1.65600000000         0.00000000000       -0.165445980044     
     2419   -1.65600000000         0.00000000000       -0.193020310051     
     2420   -1.65600000000         0.00000000000       -0.220594640059     
     2421   -1.65600000000         0.00000000000       -0.248168970066     
     2422   -1.65600000000         0.00000000000       -0.275743300073     
     2423   -1.65600000000         0.00000000000       -0.303317630081     
     2424   -1.65600000000         0.00000000000       -0.330891960088     
     2425   -1.65600000000         0.00000000000       -0.358466290095     
     2426   -1.65600000000         0.00000000000       -0.386040620103     
     2427   -1.65600000000         0.00000000000       -0.413614950110     
     2428   -1.65600000000         0.00000000000       -0.441189280117     
     2429   -1.65600000000         0.00000000000       -0.468763610125     
     2430   -1.65600000000         0.00000000000       -0.496337940132     
     2431   -1.65600000000         0.00000000000       -0.523912270139     
     2432   -1.65600000000         0.00000000000       -0.551486600147     
     2433   -1.65600000000         0.00000000000       -0.579060930154     
     2434   -1.65600000000         0.00000000000       -0.606635260161     
     2435   -1.65600000000         0.00000000000       -0.634209590169     
     2436   -1.65600000000         0.00000000000       -0.661783920176     
     2437   -1.65600000000         0.00000000000       -0.689358250183     
     2438   -1.65600000000         0.00000000000       -0.716932580191     
     2439   -1.65600000000         0.00000000000       -0.744506910198     
     2440   -1.65600000000         0.00000000000       -0.772081240205     
     2441   -1.65600000000         0.00000000000       -0.799655570213     
     2442   -1.65600000000         0.00000000000       -0.827229900220     
     2443   -1.65600000000         0.00000000000       -0.854804230227     
     2444   -1.65600000000         0.00000000000       -0.882378560235     
     2445   -1.65600000000         0.00000000000       -0.909952890242     
     2446   -1.65600000000         0.00000000000       -0.937527220249     
     2447   -1.65600000000         0.00000000000       -0.965101550257     
     2448   -1.61000000000         0.00000000000       -0.551486600147E-001
     2449   -1.61000000000         0.00000000000       -0.110297320029     
     2450   -1.61000000000         0.00000000000       -0.165445980044     
     2451   -1.61000000000         0.00000000000       -0.220594640059     
     2452   -1.61000000000         0.00000000000       -0.275743300073     
     2453   -1.61000000000         0.00000000000       -0.330891960088     
     2454   -1.61000000000         0.00000000000       -0.386040620103     
     2455   -1.61000000000         0.00000000000       -0.441189280117     
     2456   -1.61000000000         0.00000000000       -0.496337940132     
     2457   -1.61000000000         0.00000000000       -0.551486600147     
     2458   -1.61000000000         0.00000000000       -0.606635260161     
     2459   -1.61000000000         0.00000000000       -0.661783920176     
     2460   -1.61000000000         0.00000000000       -0.716932580191     
     2461   -1.61000000000         0.00000000000       -0.772081240205     
     2462   -1.61000000000         0.00000000000       -0.827229900220     
     2463   -1.61000000000         0.00000000000       -0.882378560235     
     2464   -1.61000000000         0.00000000000       -0.937527220249     
     2465   -1.56400000000         0.00000000000       -0.275743300073E-001
     2466   -1.56400000000         0.00000000000       -0.551486600147E-001
     2467   -1.56400000000         0.00000000000       -0.827229900220E-001
     2468   -1.56400000000         0.00000000000       -0.110297320029     
     2469   -1.56400000000         0.00000000000       -0.137871650037     
     2470   -1.56400000000         0.00000000000       -0.165445980044     
     2471   -1.56400000000         0.00000000000       -0.193020310051     
     2472   -1.56400000000         0.00000000000       -0.220594640059     
     2473   -1.56400000000         0.00000000000       -0.248168970066     
     2474   -1.56400000000         0.00000000000       -0.275743300073     
     2475   -1.56400000000         0.00000000000       -0.303317630081     
     2476   -1.56400000000         0.00000000000       -0.330891960088     
     2477   -1.56400000000         0.00000000000       -0.358466290095     
     2478   -1.56400000000         0.00000000000       -0.386040620103     
     2479   -1.56400000000         0.00000000000       -0.413614950110     
     2480   -1.56400000000         0.00000000000       -0.441189280117     
     2481   -1.56400000000         0.00000000000       -0.468763610125     
     2482   -1.56400000000         0.00000000000       -0.496337940132     
     2483   -1.56400000000         0.00000000000       -0.523912270139     
     2484   -1.56400000000         0.00000000000       -0.551486600147     
     2485   -1.56400000000         0.00000000000       -0.579060930154     
     2486   -1.56400000000         0.00000000000       -0.606635260161     
     2487   -1.56400000000         0.00000000000       -0.634209590169     
     2488   -1.56400000000         0.00000000000       -0.661783920176     
     2489   -1.56400000000         0.00000000000       -0.689358250183     
     2490   -1.56400000000         0.00000000000       -0.716932580191     
     2491   -1.56400000000         0.00000000000       -0.744506910198     
     2492   -1.56400000000         0.00000000000       -0.772081240205     
     2493   -1.56400000000         0.00000000000       -0.799655570213     
     2494   -1.56400000000         0.00000000000       -0.827229900220     
     2495   -1.56400000000         0.00000000000       -0.854804230227     
     2496   -1.56400000000         0.00000000000       -0.882378560235     
     2497   -1.56400000000         0.00000000000       -0.909952890242     
     2498   -1.56400000000         0.00000000000       -0.937527220249     
     2499   -1.56400000000         0.00000000000       -0.965101550257     
     2500   -1.51800000000         0.00000000000       -0.551486600147E-001
     2501   -1.51800000000         0.00000000000       -0.110297320029     
     2502   -1.51800000000         0.00000000000       -0.165445980044     
     2503   -1.51800000000         0.00000000000       -0.220594640059     
     2504   -1.51800000000         0.00000000000       -0.275743300073     
     2505   -1.51800000000         0.00000000000       -0.330891960088     
     2506   -1.51800000000         0.00000000000       -0.386040620103     
     2507   -1.51800000000         0.00000000000       -0.441189280117     
     2508   -1.51800000000         0.00000000000       -0.496337940132     
     2509   -1.51800000000         0.00000000000       -0.551486600147     
     2510   -1.51800000000         0.00000000000       -0.606635260161     
     2511   -1.51800000000         0.00000000000       -0.661783920176     
     2512   -1.51800000000         0.00000000000       -0.716932580191     
     2513   -1.51800000000         0.00000000000       -0.772081240205     
     2514   -1.51800000000         0.00000000000       -0.827229900220     
     2515   -1.51800000000         0.00000000000       -0.882378560235     
     2516   -1.51800000000         0.00000000000       -0.937527220249     
     2517   -1.47200000000         0.00000000000       -0.275743300073E-001
     2518   -1.47200000000         0.00000000000       -0.551486600147E-001
     2519   -1.47200000000         0.00000000000       -0.827229900220E-001
     2520   -1.47200000000         0.00000000000       -0.110297320029     
     2521   -1.47200000000         0.00000000000       -0.137871650037     
     2522   -1.47200000000         0.00000000000       -0.165445980044     
     2523   -1.47200000000         0.00000000000       -0.193020310051     
     2524   -1.47200000000         0.00000000000       -0.220594640059     
     2525   -1.47200000000         0.00000000000       -0.248168970066     
     2526   -1.47200000000         0.00000000000       -0.275743300073     
     2527   -1.47200000000         0.00000000000       -0.303317630081     
     2528   -1.47200000000         0.00000000000       -0.330891960088     
     2529   -1.47200000000         0.00000000000       -0.358466290095     
     2530   -1.47200000000         0.00000000000       -0.386040620103     
     2531   -1.47200000000         0.00000000000       -0.413614950110     
     2532   -1.47200000000         0.00000000000       -0.441189280117     
     2533   -1.47200000000         0.00000000000       -0.468763610125     
     2534   -1.47200000000         0.00000000000       -0.496337940132     
     2535   -1.47200000000         0.00000000000       -0.523912270139     
     2536   -1.47200000000         0.00000000000       -0.551486600147     
     2537   -1.47200000000         0.00000000000       -0.579060930154     
     2538   -1.47200000000         0.00000000000       -0.606635260161     
     2539   -1.47200000000         0.00000000000       -0.634209590169     
     2540   -1.47200000000         0.00000000000       -0.661783920176     
     2541   -1.47200000000         0.00000000000       -0.689358250183     
     2542   -1.47200000000         0.00000000000       -0.716932580191     
     2543   -1.47200000000         0.00000000000       -0.744506910198     
     2544   -1.47200000000         0.00000000000       -0.772081240205     
     2545   -1.47200000000         0.00000000000       -0.799655570213     
     2546   -1.47200000000         0.00000000000       -0.827229900220     
     2547   -1.47200000000         0.00000000000       -0.854804230227     
     2548   -1.47200000000         0.00000000000       -0.882378560235     
     2549   -1.47200000000         0.00000000000       -0.909952890242     
     2550   -1.47200000000         0.00000000000       -0.937527220249     
     2551   -1.47200000000         0.00000000000       -0.965101550257     
     2552   -1.42600000000         0.00000000000       -0.551486600147E-001
     2553   -1.42600000000         0.00000000000       -0.110297320029     
     2554   -1.42600000000         0.00000000000       -0.165445980044     
     2555   -1.42600000000         0.00000000000       -0.220594640059     
     2556   -1.42600000000         0.00000000000       -0.275743300073     
     2557   -1.42600000000         0.00000000000       -0.330891960088     
     2558   -1.42600000000         0.00000000000       -0.386040620103     
     2559   -1.42600000000         0.00000000000       -0.441189280117     
     2560   -1.42600000000         0.00000000000       -0.496337940132     
     2561   -1.42600000000         0.00000000000       -0.551486600147     
     2562   -1.42600000000         0.00000000000       -0.606635260161     
     2563   -1.42600000000         0.00000000000       -0.661783920176     
     2564   -1.42600000000         0.00000000000       -0.716932580191     
     2565   -1.42600000000         0.00000000000       -0.772081240205     
     2566   -1.42600000000         0.00000000000       -0.827229900220     
     2567   -1.42600000000         0.00000000000       -0.882378560235     
     2568   -1.42600000000         0.00000000000       -0.937527220249     
     2569   -1.38000000000         0.00000000000       -0.275743300073E-001
     2570   -1.38000000000         0.00000000000       -0.551486600147E-001
     2571   -1.38000000000         0.00000000000       -0.827229900220E-001
     2572   -1.38000000000         0.00000000000       -0.110297320029     
     2573   -1.38000000000         0.00000000000       -0.137871650037     
     2574   -1.38000000000         0.00000000000       -0.165445980044     
     2575   -1.38000000000         0.00000000000       -0.193020310051     
     2576   -1.38000000000         0.00000000000       -0.220594640059     
     2577   -1.38000000000         0.00000000000       -0.248168970066     
     2578   -1.38000000000         0.00000000000       -0.275743300073     
     2579   -1.38000000000         0.00000000000       -0.303317630081     
     2580   -1.38000000000         0.00000000000       -0.330891960088     
     2581   -1.38000000000         0.00000000000       -0.358466290095     
     2582   -1.38000000000         0.00000000000       -0.386040620103     
     2583   -1.38000000000         0.00000000000       -0.413614950110     
     2584   -1.38000000000         0.00000000000       -0.441189280117     
     2585   -1.38000000000         0.00000000000       -0.468763610125     
     2586   -1.38000000000         0.00000000000       -0.496337940132     
     2587   -1.38000000000         0.00000000000       -0.523912270139     
     2588   -1.38000000000         0.00000000000       -0.551486600147     
     2589   -1.38000000000         0.00000000000       -0.579060930154     
     2590   -1.38000000000         0.00000000000       -0.606635260161     
     2591   -1.38000000000         0.00000000000       -0.634209590169     
     2592   -1.38000000000         0.00000000000       -0.661783920176     
     2593   -1.38000000000         0.00000000000       -0.689358250183     
     2594   -1.38000000000         0.00000000000       -0.716932580191     
     2595   -1.38000000000         0.00000000000       -0.744506910198     
     2596   -1.38000000000         0.00000000000       -0.772081240205     
     2597   -1.38000000000         0.00000000000       -0.799655570213     
     2598   -1.38000000000         0.00000000000       -0.827229900220     
     2599   -1.38000000000         0.00000000000       -0.854804230227     
     2600   -1.38000000000         0.00000000000       -0.882378560235     
     2601   -1.38000000000         0.00000000000       -0.909952890242     
     2602   -1.38000000000         0.00000000000       -0.937527220249     
     2603   -1.38000000000         0.00000000000       -0.965101550257     
     2604   -1.33400000000         0.00000000000       -0.551486600147E-001
     2605   -1.33400000000         0.00000000000       -0.110297320029     
     2606   -1.33400000000         0.00000000000       -0.165445980044     
     2607   -1.33400000000         0.00000000000       -0.220594640059     
     2608   -1.33400000000         0.00000000000       -0.275743300073     
     2609   -1.33400000000         0.00000000000       -0.330891960088     
     2610   -1.33400000000         0.00000000000       -0.386040620103     
     2611   -1.33400000000         0.00000000000       -0.441189280117     
     2612   -1.33400000000         0.00000000000       -0.496337940132     
     2613   -1.33400000000         0.00000000000       -0.551486600147     
     2614   -1.33400000000         0.00000000000       -0.606635260161     
     2615   -1.33400000000         0.00000000000       -0.661783920176     
     2616   -1.33400000000         0.00000000000       -0.716932580191     
     2617   -1.33400000000         0.00000000000       -0.772081240205     
     2618   -1.33400000000         0.00000000000       -0.827229900220     
     2619   -1.33400000000         0.00000000000       -0.882378560235     
     2620   -1.33400000000         0.00000000000       -0.937527220249     
     2621   -1.28800000000         0.00000000000       -0.275743300073E-001
     2622   -1.28800000000         0.00000000000       -0.551486600147E-001
     2623   -1.28800000000         0.00000000000       -0.827229900220E-001
     2624   -1.28800000000         0.00000000000       -0.110297320029     
     2625   -1.28800000000         0.00000000000       -0.137871650037     
     2626   -1.28800000000         0.00000000000       -0.165445980044     
     2627   -1.28800000000         0.00000000000       -0.193020310051     
     2628   -1.28800000000         0.00000000000       -0.220594640059     
     2629   -1.28800000000         0.00000000000       -0.248168970066     
     2630   -1.28800000000         0.00000000000       -0.275743300073     
     2631   -1.28800000000         0.00000000000       -0.303317630081     
     2632   -1.28800000000         0.00000000000       -0.330891960088     
     2633   -1.28800000000         0.00000000000       -0.358466290095     
     2634   -1.28800000000         0.00000000000       -0.386040620103     
     2635   -1.28800000000         0.00000000000       -0.413614950110     
     2636   -1.28800000000         0.00000000000       -0.441189280117     
     2637   -1.28800000000         0.00000000000       -0.468763610125     
     2638   -1.28800000000         0.00000000000       -0.496337940132     
     2639   -1.28800000000         0.00000000000       -0.523912270139     
     2640   -1.28800000000         0.00000000000       -0.551486600147     
     2641   -1.28800000000         0.00000000000       -0.579060930154     
     2642   -1.28800000000         0.00000000000       -0.606635260161     
     2643   -1.28800000000         0.00000000000       -0.634209590169     
     2644   -1.28800000000         0.00000000000       -0.661783920176     
     2645   -1.28800000000         0.00000000000       -0.689358250183     
     2646   -1.28800000000         0.00000000000       -0.716932580191     
     2647   -1.28800000000         0.00000000000       -0.744506910198     
     2648   -1.28800000000         0.00000000000       -0.772081240205     
     2649   -1.28800000000         0.00000000000       -0.799655570213     
     2650   -1.28800000000         0.00000000000       -0.827229900220     
     2651   -1.28800000000         0.00000000000       -0.854804230227     
     2652   -1.28800000000         0.00000000000       -0.882378560235     
     2653   -1.28800000000         0.00000000000       -0.909952890242     
     2654   -1.28800000000         0.00000000000       -0.937527220249     
     2655   -1.28800000000         0.00000000000       -0.965101550257     
     2656   -1.24200000000         0.00000000000       -0.551486600147E-001
     2657   -1.24200000000         0.00000000000       -0.110297320029     
     2658   -1.24200000000         0.00000000000       -0.165445980044     
     2659   -1.24200000000         0.00000000000       -0.220594640059     
     2660   -1.24200000000         0.00000000000       -0.275743300073     
     2661   -1.24200000000         0.00000000000       -0.330891960088     
     2662   -1.24200000000         0.00000000000       -0.386040620103     
     2663   -1.24200000000         0.00000000000       -0.441189280117     
     2664   -1.24200000000         0.00000000000       -0.496337940132     
     2665   -1.24200000000         0.00000000000       -0.551486600147     
     2666   -1.24200000000         0.00000000000       -0.606635260161     
     2667   -1.24200000000         0.00000000000       -0.661783920176     
     2668   -1.24200000000         0.00000000000       -0.716932580191     
     2669   -1.24200000000         0.00000000000       -0.772081240205     
     2670   -1.24200000000         0.00000000000       -0.827229900220     
     2671   -1.24200000000         0.00000000000       -0.882378560235     
     2672   -1.24200000000         0.00000000000       -0.937527220249     
     2673   -1.19600000000         0.00000000000       -0.275743300073E-001
     2674   -1.19600000000         0.00000000000       -0.551486600147E-001
     2675   -1.19600000000         0.00000000000       -0.827229900220E-001
     2676   -1.19600000000         0.00000000000       -0.110297320029     
     2677   -1.19600000000         0.00000000000       -0.137871650037     
     2678   -1.19600000000         0.00000000000       -0.165445980044     
     2679   -1.19600000000         0.00000000000       -0.193020310051     
     2680   -1.19600000000         0.00000000000       -0.220594640059     
     2681   -1.19600000000         0.00000000000       -0.248168970066     
     2682   -1.19600000000         0.00000000000       -0.275743300073     
     2683   -1.19600000000         0.00000000000       -0.303317630081     
     2684   -1.19600000000         0.00000000000       -0.330891960088     
     2685   -1.19600000000         0.00000000000       -0.358466290095     
     2686   -1.19600000000         0.00000000000       -0.386040620103     
     2687   -1.19600000000         0.00000000000       -0.413614950110     
     2688   -1.19600000000         0.00000000000       -0.441189280117     
     2689   -1.19600000000         0.00000000000       -0.468763610125     
     2690   -1.19600000000         0.00000000000       -0.496337940132     
     2691   -1.19600000000         0.00000000000       -0.523912270139     
     2692   -1.19600000000         0.00000000000       -0.551486600147     
     2693   -1.19600000000         0.00000000000       -0.579060930154     
     2694   -1.19600000000         0.00000000000       -0.606635260161     
     2695   -1.19600000000         0.00000000000       -0.634209590169     
     2696   -1.19600000000         0.00000000000       -0.661783920176     
     2697   -1.19600000000         0.00000000000       -0.689358250183     
     2698   -1.19600000000         0.00000000000       -0.716932580191     
     2699   -1.19600000000         0.00000000000       -0.744506910198     
     2700   -1.19600000000         0.00000000000       -0.772081240205     
     2701   -1.19600000000         0.00000000000       -0.799655570213     
     2702   -1.19600000000         0.00000000000       -0.827229900220     
     2703   -1.19600000000         0.00000000000       -0.854804230227     
     2704   -1.19600000000         0.00000000000       -0.882378560235     
     2705   -1.19600000000         0.00000000000       -0.909952890242     
     2706   -1.19600000000         0.00000000000       -0.937527220249     
     2707   -1.19600000000         0.00000000000       -0.965101550257     
     2708   -1.15000000000         0.00000000000       -0.551486600147E-001
     2709   -1.15000000000         0.00000000000       -0.110297320029     
     2710   -1.15000000000         0.00000000000       -0.165445980044     
     2711   -1.15000000000         0.00000000000       -0.220594640059     
     2712   -1.15000000000         0.00000000000       -0.275743300073     
     2713   -1.15000000000         0.00000000000       -0.330891960088     
     2714   -1.15000000000         0.00000000000       -0.386040620103     
     2715   -1.15000000000         0.00000000000       -0.441189280117     
     2716   -1.15000000000         0.00000000000       -0.496337940132     
     2717   -1.15000000000         0.00000000000       -0.551486600147     
     2718   -1.15000000000         0.00000000000       -0.606635260161     
     2719   -1.15000000000         0.00000000000       -0.661783920176     
     2720   -1.15000000000         0.00000000000       -0.716932580191     
     2721   -1.15000000000         0.00000000000       -0.772081240205     
     2722   -1.15000000000         0.00000000000       -0.827229900220     
     2723   -1.15000000000         0.00000000000       -0.882378560235     
     2724   -1.15000000000         0.00000000000       -0.937527220249     
     2725   -1.10400000000         0.00000000000       -0.275743300073E-001
     2726   -1.10400000000         0.00000000000       -0.551486600147E-001
     2727   -1.10400000000         0.00000000000       -0.827229900220E-001
     2728   -1.10400000000         0.00000000000       -0.110297320029     
     2729   -1.10400000000         0.00000000000       -0.137871650037     
     2730   -1.10400000000         0.00000000000       -0.165445980044     
     2731   -1.10400000000         0.00000000000       -0.193020310051     
     2732   -1.10400000000         0.00000000000       -0.220594640059     
     2733   -1.10400000000         0.00000000000       -0.248168970066     
     2734   -1.10400000000         0.00000000000       -0.275743300073     
     2735   -1.10400000000         0.00000000000       -0.303317630081     
     2736   -1.10400000000         0.00000000000       -0.330891960088     
     2737   -1.10400000000         0.00000000000       -0.358466290095     
     2738   -1.10400000000         0.00000000000       -0.386040620103     
     2739   -1.10400000000         0.00000000000       -0.413614950110     
     2740   -1.10400000000         0.00000000000       -0.441189280117     
     2741   -1.10400000000         0.00000000000       -0.468763610125     
     2742   -1.10400000000         0.00000000000       -0.496337940132     
     2743   -1.10400000000         0.00000000000       -0.523912270139     
     2744   -1.10400000000         0.00000000000       -0.551486600147     
     2745   -1.10400000000         0.00000000000       -0.579060930154     
     2746   -1.10400000000         0.00000000000       -0.606635260161     
     2747   -1.10400000000         0.00000000000       -0.634209590169     
     2748   -1.10400000000         0.00000000000       -0.661783920176     
     2749   -1.10400000000         0.00000000000       -0.689358250183     
     2750   -1.10400000000         0.00000000000       -0.716932580191     
     2751   -1.10400000000         0.00000000000       -0.744506910198     
     2752   -1.10400000000         0.00000000000       -0.772081240205     
     2753   -1.10400000000         0.00000000000       -0.799655570213     
     2754   -1.10400000000         0.00000000000       -0.827229900220     
     2755   -1.10400000000         0.00000000000       -0.854804230227     
     2756   -1.10400000000         0.00000000000       -0.882378560235     
     2757   -1.10400000000         0.00000000000       -0.909952890242     
     2758   -1.10400000000         0.00000000000       -0.937527220249     
     2759   -1.10400000000         0.00000000000       -0.965101550257     
     2760   -1.05800000000         0.00000000000       -0.551486600147E-001
     2761   -1.05800000000         0.00000000000       -0.110297320029     
     2762   -1.05800000000         0.00000000000       -0.165445980044     
     2763   -1.05800000000         0.00000000000       -0.220594640059     
     2764   -1.05800000000         0.00000000000       -0.275743300073     
     2765   -1.05800000000         0.00000000000       -0.330891960088     
     2766   -1.05800000000         0.00000000000       -0.386040620103     
     2767   -1.05800000000         0.00000000000       -0.441189280117     
     2768   -1.05800000000         0.00000000000       -0.496337940132     
     2769   -1.05800000000         0.00000000000       -0.551486600147     
     2770   -1.05800000000         0.00000000000       -0.606635260161     
     2771   -1.05800000000         0.00000000000       -0.661783920176     
     2772   -1.05800000000         0.00000000000       -0.716932580191     
     2773   -1.05800000000         0.00000000000       -0.772081240205     
     2774   -1.05800000000         0.00000000000       -0.827229900220     
     2775   -1.05800000000         0.00000000000       -0.882378560235     
     2776   -1.05800000000         0.00000000000       -0.937527220249     
     2777   -1.01200000000         0.00000000000       -0.275743300073E-001
     2778   -1.01200000000         0.00000000000       -0.551486600147E-001
     2779   -1.01200000000         0.00000000000       -0.827229900220E-001
     2780   -1.01200000000         0.00000000000       -0.110297320029     
     2781   -1.01200000000         0.00000000000       -0.137871650037     
     2782   -1.01200000000         0.00000000000       -0.165445980044     
     2783   -1.01200000000         0.00000000000       -0.193020310051     
     2784   -1.01200000000         0.00000000000       -0.220594640059     
     2785   -1.01200000000         0.00000000000       -0.248168970066     
     2786   -1.01200000000         0.00000000000       -0.275743300073     
     2787   -1.01200000000         0.00000000000       -0.303317630081     
     2788   -1.01200000000         0.00000000000       -0.330891960088     
     2789   -1.01200000000         0.00000000000       -0.358466290095     
     2790   -1.01200000000         0.00000000000       -0.386040620103     
     2791   -1.01200000000         0.00000000000       -0.413614950110     
     2792   -1.01200000000         0.00000000000       -0.441189280117     
     2793   -1.01200000000         0.00000000000       -0.468763610125     
     2794   -1.01200000000         0.00000000000       -0.496337940132     
     2795   -1.01200000000         0.00000000000       -0.523912270139     
     2796   -1.01200000000         0.00000000000       -0.551486600147     
     2797   -1.01200000000         0.00000000000       -0.579060930154     
     2798   -1.01200000000         0.00000000000       -0.606635260161     
     2799   -1.01200000000         0.00000000000       -0.634209590169     
     2800   -1.01200000000         0.00000000000       -0.661783920176     
     2801   -1.01200000000         0.00000000000       -0.689358250183     
     2802   -1.01200000000         0.00000000000       -0.716932580191     
     2803   -1.01200000000         0.00000000000       -0.744506910198     
     2804   -1.01200000000         0.00000000000       -0.772081240205     
     2805   -1.01200000000         0.00000000000       -0.799655570213     
     2806   -1.01200000000         0.00000000000       -0.827229900220     
     2807   -1.01200000000         0.00000000000       -0.854804230227     
     2808   -1.01200000000         0.00000000000       -0.882378560235     
     2809   -1.01200000000         0.00000000000       -0.909952890242     
     2810   -1.01200000000         0.00000000000       -0.937527220249     
     2811   -1.01200000000         0.00000000000       -0.965101550257     
     2812  -0.966000000000         0.00000000000       -0.551486600147E-001
     2813  -0.966000000000         0.00000000000       -0.110297320029     
     2814  -0.966000000000         0.00000000000       -0.165445980044     
     2815  -0.966000000000         0.00000000000       -0.220594640059     
     2816  -0.966000000000         0.00000000000       -0.275743300073     
     2817  -0.966000000000         0.00000000000       -0.330891960088     
     2818  -0.966000000000         0.00000000000       -0.386040620103     
     2819  -0.966000000000         0.00000000000       -0.441189280117     
     2820  -0.966000000000         0.00000000000       -0.496337940132     
     2821  -0.966000000000         0.00000000000       -0.551486600147     
     2822  -0.966000000000         0.00000000000       -0.606635260161     
     2823  -0.966000000000         0.00000000000       -0.661783920176     
     2824  -0.966000000000         0.00000000000       -0.716932580191     
     2825  -0.966000000000         0.00000000000       -0.772081240205     
     2826  -0.966000000000         0.00000000000       -0.827229900220     
     2827  -0.966000000000         0.00000000000       -0.882378560235     
     2828  -0.966000000000         0.00000000000       -0.937527220249     
     2829  -0.920000000000         0.00000000000       -0.275743300073E-001
     2830  -0.920000000000         0.00000000000       -0.551486600147E-001
     2831  -0.920000000000         0.00000000000       -0.827229900220E-001
     2832  -0.920000000000         0.00000000000       -0.110297320029     
     2833  -0.920000000000         0.00000000000       -0.137871650037     
     2834  -0.920000000000         0.00000000000       -0.165445980044     
     2835  -0.920000000000         0.00000000000       -0.193020310051     
     2836  -0.920000000000         0.00000000000       -0.220594640059     
     2837  -0.920000000000         0.00000000000       -0.248168970066     
     2838  -0.920000000000         0.00000000000       -0.275743300073     
     2839  -0.920000000000         0.00000000000       -0.303317630081     
     2840  -0.920000000000         0.00000000000       -0.330891960088     
     2841  -0.920000000000         0.00000000000       -0.358466290095     
     2842  -0.920000000000         0.00000000000       -0.386040620103     
     2843  -0.920000000000         0.00000000000       -0.413614950110     
     2844  -0.920000000000         0.00000000000       -0.441189280117     
     2845  -0.920000000000         0.00000000000       -0.468763610125     
     2846  -0.920000000000         0.00000000000       -0.496337940132     
     2847  -0.920000000000         0.00000000000       -0.523912270139     
     2848  -0.920000000000         0.00000000000       -0.551486600147     
     2849  -0.920000000000         0.00000000000       -0.579060930154     
     2850  -0.920000000000         0.00000000000       -0.606635260161     
     2851  -0.920000000000         0.00000000000       -0.634209590169     
     2852  -0.920000000000         0.00000000000       -0.661783920176     
     2853  -0.920000000000         0.00000000000       -0.689358250183     
     2854  -0.920000000000         0.00000000000       -0.716932580191     
     2855  -0.920000000000         0.00000000000       -0.744506910198     
     2856  -0.920000000000         0.00000000000       -0.772081240205     
     2857  -0.920000000000         0.00000000000       -0.799655570213     
     2858  -0.920000000000         0.00000000000       -0.827229900220     
     2859  -0.920000000000         0.00000000000       -0.854804230227     
     2860  -0.920000000000         0.00000000000       -0.882378560235     
     2861  -0.920000000000         0.00000000000       -0.909952890242     
     2862  -0.920000000000         0.00000000000       -0.937527220249     
     2863  -0.920000000000         0.00000000000       -0.965101550257     
     2864  -0.874000000000         0.00000000000       -0.551486600147E-001
     2865  -0.874000000000         0.00000000000       -0.110297320029     
     2866  -0.874000000000         0.00000000000       -0.165445980044     
     2867  -0.874000000000         0.00000000000       -0.220594640059     
     2868  -0.874000000000         0.00000000000       -0.275743300073     
     2869  -0.874000000000         0.00000000000       -0.330891960088     
     2870  -0.874000000000         0.00000000000       -0.386040620103     
     2871  -0.874000000000         0.00000000000       -0.441189280117     
     2872  -0.874000000000         0.00000000000       -0.496337940132     
     2873  -0.874000000000         0.00000000000       -0.551486600147     
     2874  -0.874000000000         0.00000000000       -0.606635260161     
     2875  -0.874000000000         0.00000000000       -0.661783920176     
     2876  -0.874000000000         0.00000000000       -0.716932580191     
     2877  -0.874000000000         0.00000000000       -0.772081240205     
     2878  -0.874000000000         0.00000000000       -0.827229900220     
     2879  -0.874000000000         0.00000000000       -0.882378560235     
     2880  -0.874000000000         0.00000000000       -0.937527220249     
     2881  -0.828000000000         0.00000000000       -0.275743300073E-001
     2882  -0.828000000000         0.00000000000       -0.551486600147E-001
     2883  -0.828000000000         0.00000000000       -0.827229900220E-001
     2884  -0.828000000000         0.00000000000       -0.110297320029     
     2885  -0.828000000000         0.00000000000       -0.137871650037     
     2886  -0.828000000000         0.00000000000       -0.165445980044     
     2887  -0.828000000000         0.00000000000       -0.193020310051     
     2888  -0.828000000000         0.00000000000       -0.220594640059     
     2889  -0.828000000000         0.00000000000       -0.248168970066     
     2890  -0.828000000000         0.00000000000       -0.275743300073     
     2891  -0.828000000000         0.00000000000       -0.303317630081     
     2892  -0.828000000000         0.00000000000       -0.330891960088     
     2893  -0.828000000000         0.00000000000       -0.358466290095     
     2894  -0.828000000000         0.00000000000       -0.386040620103     
     2895  -0.828000000000         0.00000000000       -0.413614950110     
     2896  -0.828000000000         0.00000000000       -0.441189280117     
     2897  -0.828000000000         0.00000000000       -0.468763610125     
     2898  -0.828000000000         0.00000000000       -0.496337940132     
     2899  -0.828000000000         0.00000000000       -0.523912270139     
     2900  -0.828000000000         0.00000000000       -0.551486600147     
     2901  -0.828000000000         0.00000000000       -0.579060930154     
     2902  -0.828000000000         0.00000000000       -0.606635260161     
     2903  -0.828000000000         0.00000000000       -0.634209590169     
     2904  -0.828000000000         0.00000000000       -0.661783920176     
     2905  -0.828000000000         0.00000000000       -0.689358250183     
     2906  -0.828000000000         0.00000000000       -0.716932580191     
     2907  -0.828000000000         0.00000000000       -0.744506910198     
     2908  -0.828000000000         0.00000000000       -0.772081240205     
     2909  -0.828000000000         0.00000000000       -0.799655570213     
     2910  -0.828000000000         0.00000000000       -0.827229900220     
     2911  -0.828000000000         0.00000000000       -0.854804230227     
     2912  -0.828000000000         0.00000000000       -0.882378560235     
     2913  -0.828000000000         0.00000000000       -0.909952890242     
     2914  -0.828000000000         0.00000000000       -0.937527220249     
     2915  -0.828000000000         0.00000000000       -0.965101550257     
     2916  -0.782000000000         0.00000000000       -0.551486600147E-001
     2917  -0.782000000000         0.00000000000       -0.110297320029     
     2918  -0.782000000000         0.00000000000       -0.165445980044     
     2919  -0.782000000000         0.00000000000       -0.220594640059     
     2920  -0.782000000000         0.00000000000       -0.275743300073     
     2921  -0.782000000000         0.00000000000       -0.330891960088     
     2922  -0.782000000000         0.00000000000       -0.386040620103     
     2923  -0.782000000000         0.00000000000       -0.441189280117     
     2924  -0.782000000000         0.00000000000       -0.496337940132     
     2925  -0.782000000000         0.00000000000       -0.551486600147     
     2926  -0.782000000000         0.00000000000       -0.606635260161     
     2927  -0.782000000000         0.00000000000       -0.661783920176     
     2928  -0.782000000000         0.00000000000       -0.716932580191     
     2929  -0.782000000000         0.00000000000       -0.772081240205     
     2930  -0.782000000000         0.00000000000       -0.827229900220     
     2931  -0.782000000000         0.00000000000       -0.882378560235     
     2932  -0.782000000000         0.00000000000       -0.937527220249     
     2933  -0.736000000000         0.00000000000       -0.275743300073E-001
     2934  -0.736000000000         0.00000000000       -0.551486600147E-001
     2935  -0.736000000000         0.00000000000       -0.827229900220E-001
     2936  -0.736000000000         0.00000000000       -0.110297320029     
     2937  -0.736000000000         0.00000000000       -0.137871650037     
     2938  -0.736000000000         0.00000000000       -0.165445980044     
     2939  -0.736000000000         0.00000000000       -0.193020310051     
     2940  -0.736000000000         0.00000000000       -0.220594640059     
     2941  -0.736000000000         0.00000000000       -0.248168970066     
     2942  -0.736000000000         0.00000000000       -0.275743300073     
     2943  -0.736000000000         0.00000000000       -0.303317630081     
     2944  -0.736000000000         0.00000000000       -0.330891960088     
     2945  -0.736000000000         0.00000000000       -0.358466290095     
     2946  -0.736000000000         0.00000000000       -0.386040620103     
     2947  -0.736000000000         0.00000000000       -0.413614950110     
     2948  -0.736000000000         0.00000000000       -0.441189280117     
     2949  -0.736000000000         0.00000000000       -0.468763610125     
     2950  -0.736000000000         0.00000000000       -0.496337940132     
     2951  -0.736000000000         0.00000000000       -0.523912270139     
     2952  -0.736000000000         0.00000000000       -0.551486600147     
     2953  -0.736000000000         0.00000000000       -0.579060930154     
     2954  -0.736000000000         0.00000000000       -0.606635260161     
     2955  -0.736000000000         0.00000000000       -0.634209590169     
     2956  -0.736000000000         0.00000000000       -0.661783920176     
     2957  -0.736000000000         0.00000000000       -0.689358250183     
     2958  -0.736000000000         0.00000000000       -0.716932580191     
     2959  -0.736000000000         0.00000000000       -0.744506910198     
     2960  -0.736000000000         0.00000000000       -0.772081240205     
     2961  -0.736000000000         0.00000000000       -0.799655570213     
     2962  -0.736000000000         0.00000000000       -0.827229900220     
     2963  -0.736000000000         0.00000000000       -0.854804230227     
     2964  -0.736000000000         0.00000000000       -0.882378560235     
     2965  -0.736000000000         0.00000000000       -0.909952890242     
     2966  -0.736000000000         0.00000000000       -0.937527220249     
     2967  -0.736000000000         0.00000000000       -0.965101550257     
     2968  -0.690000000000         0.00000000000       -0.551486600147E-001
     2969  -0.690000000000         0.00000000000       -0.110297320029     
     2970  -0.690000000000         0.00000000000       -0.165445980044     
     2971  -0.690000000000         0.00000000000       -0.220594640059     
     2972  -0.690000000000         0.00000000000       -0.275743300073     
     2973  -0.690000000000         0.00000000000       -0.330891960088     
     2974  -0.690000000000         0.00000000000       -0.386040620103     
     2975  -0.690000000000         0.00000000000       -0.441189280117     
     2976  -0.690000000000         0.00000000000       -0.496337940132     
     2977  -0.690000000000         0.00000000000       -0.551486600147     
     2978  -0.690000000000         0.00000000000       -0.606635260161     
     2979  -0.690000000000         0.00000000000       -0.661783920176     
     2980  -0.690000000000         0.00000000000       -0.716932580191     
     2981  -0.690000000000         0.00000000000       -0.772081240205     
     2982  -0.690000000000         0.00000000000       -0.827229900220     
     2983  -0.690000000000         0.00000000000       -0.882378560235     
     2984  -0.690000000000         0.00000000000       -0.937527220249     
     2985  -0.644000000000         0.00000000000       -0.275743300073E-001
     2986  -0.644000000000         0.00000000000       -0.551486600147E-001
     2987  -0.644000000000         0.00000000000       -0.827229900220E-001
     2988  -0.644000000000         0.00000000000       -0.110297320029     
     2989  -0.644000000000         0.00000000000       -0.137871650037     
     2990  -0.644000000000         0.00000000000       -0.165445980044     
     2991  -0.644000000000         0.00000000000       -0.193020310051     
     2992  -0.644000000000         0.00000000000       -0.220594640059     
     2993  -0.644000000000         0.00000000000       -0.248168970066     
     2994  -0.644000000000         0.00000000000       -0.275743300073     
     2995  -0.644000000000         0.00000000000       -0.303317630081     
     2996  -0.644000000000         0.00000000000       -0.330891960088     
     2997  -0.644000000000         0.00000000000       -0.358466290095     
     2998  -0.644000000000         0.00000000000       -0.386040620103     
     2999  -0.644000000000         0.00000000000       -0.413614950110     
     3000  -0.644000000000         0.00000000000       -0.441189280117     
     3001  -0.644000000000         0.00000000000       -0.468763610125     
     3002  -0.644000000000         0.00000000000       -0.496337940132     
     3003  -0.644000000000         0.00000000000       -0.523912270139     
     3004  -0.644000000000         0.00000000000       -0.551486600147     
     3005  -0.644000000000         0.00000000000       -0.579060930154     
     3006  -0.644000000000         0.00000000000       -0.606635260161     
     3007  -0.644000000000         0.00000000000       -0.634209590169     
     3008  -0.644000000000         0.00000000000       -0.661783920176     
     3009  -0.644000000000         0.00000000000       -0.689358250183     
     3010  -0.644000000000         0.00000000000       -0.716932580191     
     3011  -0.644000000000         0.00000000000       -0.744506910198     
     3012  -0.644000000000         0.00000000000       -0.772081240205     
     3013  -0.644000000000         0.00000000000       -0.799655570213     
     3014  -0.644000000000         0.00000000000       -0.827229900220     
     3015  -0.644000000000         0.00000000000       -0.854804230227     
     3016  -0.644000000000         0.00000000000       -0.882378560235     
     3017  -0.644000000000         0.00000000000       -0.909952890242     
     3018  -0.644000000000         0.00000000000       -0.937527220249     
     3019  -0.644000000000         0.00000000000       -0.965101550257     
     3020  -0.598000000000         0.00000000000       -0.551486600147E-001
     3021  -0.598000000000         0.00000000000       -0.110297320029     
     3022  -0.598000000000         0.00000000000       -0.165445980044     
     3023  -0.598000000000         0.00000000000       -0.220594640059     
     3024  -0.598000000000         0.00000000000       -0.275743300073     
     3025  -0.598000000000         0.00000000000       -0.330891960088     
     3026  -0.598000000000         0.00000000000       -0.386040620103     
     3027  -0.598000000000         0.00000000000       -0.441189280117     
     3028  -0.598000000000         0.00000000000       -0.496337940132     
     3029  -0.598000000000         0.00000000000       -0.551486600147     
     3030  -0.598000000000         0.00000000000       -0.606635260161     
     3031  -0.598000000000         0.00000000000       -0.661783920176     
     3032  -0.598000000000         0.00000000000       -0.716932580191     
     3033  -0.598000000000         0.00000000000       -0.772081240205     
     3034  -0.598000000000         0.00000000000       -0.827229900220     
     3035  -0.598000000000         0.00000000000       -0.882378560235     
     3036  -0.598000000000         0.00000000000       -0.937527220249     
     3037  -0.552000000000         0.00000000000       -0.275743300073E-001
     3038  -0.552000000000         0.00000000000       -0.551486600147E-001
     3039  -0.552000000000         0.00000000000       -0.827229900220E-001
     3040  -0.552000000000         0.00000000000       -0.110297320029     
     3041  -0.552000000000         0.00000000000       -0.137871650037     
     3042  -0.552000000000         0.00000000000       -0.165445980044     
     3043  -0.552000000000         0.00000000000       -0.193020310051     
     3044  -0.552000000000         0.00000000000       -0.220594640059     
     3045  -0.552000000000         0.00000000000       -0.248168970066     
     3046  -0.552000000000         0.00000000000       -0.275743300073     
     3047  -0.552000000000         0.00000000000       -0.303317630081     
     3048  -0.552000000000         0.00000000000       -0.330891960088     
     3049  -0.552000000000         0.00000000000       -0.358466290095     
     3050  -0.552000000000         0.00000000000       -0.386040620103     
     3051  -0.552000000000         0.00000000000       -0.413614950110     
     3052  -0.552000000000         0.00000000000       -0.441189280117     
     3053  -0.552000000000         0.00000000000       -0.468763610125     
     3054  -0.552000000000         0.00000000000       -0.496337940132     
     3055  -0.552000000000         0.00000000000       -0.523912270139     
     3056  -0.552000000000         0.00000000000       -0.551486600147     
     3057  -0.552000000000         0.00000000000       -0.579060930154     
     3058  -0.552000000000         0.00000000000       -0.606635260161     
     3059  -0.552000000000         0.00000000000       -0.634209590169     
     3060  -0.552000000000         0.00000000000       -0.661783920176     
     3061  -0.552000000000         0.00000000000       -0.689358250183     
     3062  -0.552000000000         0.00000000000       -0.716932580191     
     3063  -0.552000000000         0.00000000000       -0.744506910198     
     3064  -0.552000000000         0.00000000000       -0.772081240205     
     3065  -0.552000000000         0.00000000000       -0.799655570213     
     3066  -0.552000000000         0.00000000000       -0.827229900220     
     3067  -0.552000000000         0.00000000000       -0.854804230227     
     3068  -0.552000000000         0.00000000000       -0.882378560235     
     3069  -0.552000000000         0.00000000000       -0.909952890242     
     3070  -0.552000000000         0.00000000000       -0.937527220249     
     3071  -0.552000000000         0.00000000000       -0.965101550257     
     3072  -0.506000000000         0.00000000000       -0.551486600147E-001
     3073  -0.506000000000         0.00000000000       -0.110297320029     
     3074  -0.506000000000         0.00000000000       -0.165445980044     
     3075  -0.506000000000         0.00000000000       -0.220594640059     
     3076  -0.506000000000         0.00000000000       -0.275743300073     
     3077  -0.506000000000         0.00000000000       -0.330891960088     
     3078  -0.506000000000         0.00000000000       -0.386040620103     
     3079  -0.506000000000         0.00000000000       -0.441189280117     
     3080  -0.506000000000         0.00000000000       -0.496337940132     
     3081  -0.506000000000         0.00000000000       -0.551486600147     
     3082  -0.506000000000         0.00000000000       -0.606635260161     
     3083  -0.506000000000         0.00000000000       -0.661783920176     
     3084  -0.506000000000         0.00000000000       -0.716932580191     
     3085  -0.506000000000         0.00000000000       -0.772081240205     
     3086  -0.506000000000         0.00000000000       -0.827229900220     
     3087  -0.506000000000         0.00000000000       -0.882378560235     
     3088  -0.506000000000         0.00000000000       -0.937527220249     
     3089  -0.460000000000         0.00000000000       -0.275743300073E-001
     3090  -0.460000000000         0.00000000000       -0.551486600147E-001
     3091  -0.460000000000         0.00000000000       -0.827229900220E-001
     3092  -0.460000000000         0.00000000000       -0.110297320029     
     3093  -0.460000000000         0.00000000000       -0.137871650037     
     3094  -0.460000000000         0.00000000000       -0.165445980044     
     3095  -0.460000000000         0.00000000000       -0.193020310051     
     3096  -0.460000000000         0.00000000000       -0.220594640059     
     3097  -0.460000000000         0.00000000000       -0.248168970066     
     3098  -0.460000000000         0.00000000000       -0.275743300073     
     3099  -0.460000000000         0.00000000000       -0.303317630081     
     3100  -0.460000000000         0.00000000000       -0.330891960088     
     3101  -0.460000000000         0.00000000000       -0.358466290095     
     3102  -0.460000000000         0.00000000000       -0.386040620103     
     3103  -0.460000000000         0.00000000000       -0.413614950110     
     3104  -0.460000000000         0.00000000000       -0.441189280117     
     3105  -0.460000000000         0.00000000000       -0.468763610125     
     3106  -0.460000000000         0.00000000000       -0.496337940132     
     3107  -0.460000000000         0.00000000000       -0.523912270139     
     3108  -0.460000000000         0.00000000000       -0.551486600147     
     3109  -0.460000000000         0.00000000000       -0.579060930154     
     3110  -0.460000000000         0.00000000000       -0.606635260161     
     3111  -0.460000000000         0.00000000000       -0.634209590169     
     3112  -0.460000000000         0.00000000000       -0.661783920176     
     3113  -0.460000000000         0.00000000000       -0.689358250183     
     3114  -0.460000000000         0.00000000000       -0.716932580191     
     3115  -0.460000000000         0.00000000000       -0.744506910198     
     3116  -0.460000000000         0.00000000000       -0.772081240205     
     3117  -0.460000000000         0.00000000000       -0.799655570213     
     3118  -0.460000000000         0.00000000000       -0.827229900220     
     3119  -0.460000000000         0.00000000000       -0.854804230227     
     3120  -0.460000000000         0.00000000000       -0.882378560235     
     3121  -0.460000000000         0.00000000000       -0.909952890242     
     3122  -0.460000000000         0.00000000000       -0.937527220249     
     3123  -0.460000000000         0.00000000000       -0.965101550257     
     3124  -0.414000000000         0.00000000000       -0.551486600147E-001
     3125  -0.414000000000         0.00000000000       -0.110297320029     
     3126  -0.414000000000         0.00000000000       -0.165445980044     
     3127  -0.414000000000         0.00000000000       -0.220594640059     
     3128  -0.414000000000         0.00000000000       -0.275743300073     
     3129  -0.414000000000         0.00000000000       -0.330891960088     
     3130  -0.414000000000         0.00000000000       -0.386040620103     
     3131  -0.414000000000         0.00000000000       -0.441189280117     
     3132  -0.414000000000         0.00000000000       -0.496337940132     
     3133  -0.414000000000         0.00000000000       -0.551486600147     
     3134  -0.414000000000         0.00000000000       -0.606635260161     
     3135  -0.414000000000         0.00000000000       -0.661783920176     
     3136  -0.414000000000         0.00000000000       -0.716932580191     
     3137  -0.414000000000         0.00000000000       -0.772081240205     
     3138  -0.414000000000         0.00000000000       -0.827229900220     
     3139  -0.414000000000         0.00000000000       -0.882378560235     
     3140  -0.414000000000         0.00000000000       -0.937527220249     
     3141  -0.368000000000         0.00000000000       -0.275743300073E-001
     3142  -0.368000000000         0.00000000000       -0.551486600147E-001
     3143  -0.368000000000         0.00000000000       -0.827229900220E-001
     3144  -0.368000000000         0.00000000000       -0.110297320029     
     3145  -0.368000000000         0.00000000000       -0.137871650037     
     3146  -0.368000000000         0.00000000000       -0.165445980044     
     3147  -0.368000000000         0.00000000000       -0.193020310051     
     3148  -0.368000000000         0.00000000000       -0.220594640059     
     3149  -0.368000000000         0.00000000000       -0.248168970066     
     3150  -0.368000000000         0.00000000000       -0.275743300073     
     3151  -0.368000000000         0.00000000000       -0.303317630081     
     3152  -0.368000000000         0.00000000000       -0.330891960088     
     3153  -0.368000000000         0.00000000000       -0.358466290095     
     3154  -0.368000000000         0.00000000000       -0.386040620103     
     3155  -0.368000000000         0.00000000000       -0.413614950110     
     3156  -0.368000000000         0.00000000000       -0.441189280117     
     3157  -0.368000000000         0.00000000000       -0.468763610125     
     3158  -0.368000000000         0.00000000000       -0.496337940132     
     3159  -0.368000000000         0.00000000000       -0.523912270139     
     3160  -0.368000000000         0.00000000000       -0.551486600147     
     3161  -0.368000000000         0.00000000000       -0.579060930154     
     3162  -0.368000000000         0.00000000000       -0.606635260161     
     3163  -0.368000000000         0.00000000000       -0.634209590169     
     3164  -0.368000000000         0.00000000000       -0.661783920176     
     3165  -0.368000000000         0.00000000000       -0.689358250183     
     3166  -0.368000000000         0.00000000000       -0.716932580191     
     3167  -0.368000000000         0.00000000000       -0.744506910198     
     3168  -0.368000000000         0.00000000000       -0.772081240205     
     3169  -0.368000000000         0.00000000000       -0.799655570213     
     3170  -0.368000000000         0.00000000000       -0.827229900220     
     3171  -0.368000000000         0.00000000000       -0.854804230227     
     3172  -0.368000000000         0.00000000000       -0.882378560235     
     3173  -0.368000000000         0.00000000000       -0.909952890242     
     3174  -0.368000000000         0.00000000000       -0.937527220249     
     3175  -0.368000000000         0.00000000000       -0.965101550257     
     3176  -0.322000000000         0.00000000000       -0.551486600147E-001
     3177  -0.322000000000         0.00000000000       -0.110297320029     
     3178  -0.322000000000         0.00000000000       -0.165445980044     
     3179  -0.322000000000         0.00000000000       -0.220594640059     
     3180  -0.322000000000         0.00000000000       -0.275743300073     
     3181  -0.322000000000         0.00000000000       -0.330891960088     
     3182  -0.322000000000         0.00000000000       -0.386040620103     
     3183  -0.322000000000         0.00000000000       -0.441189280117     
     3184  -0.322000000000         0.00000000000       -0.496337940132     
     3185  -0.322000000000         0.00000000000       -0.551486600147     
     3186  -0.322000000000         0.00000000000       -0.606635260161     
     3187  -0.322000000000         0.00000000000       -0.661783920176     
     3188  -0.322000000000         0.00000000000       -0.716932580191     
     3189  -0.322000000000         0.00000000000       -0.772081240205     
     3190  -0.322000000000         0.00000000000       -0.827229900220     
     3191  -0.322000000000         0.00000000000       -0.882378560235     
     3192  -0.322000000000         0.00000000000       -0.937527220249     
     3193  -0.276000000000         0.00000000000       -0.275743300073E-001
     3194  -0.276000000000         0.00000000000       -0.551486600147E-001
     3195  -0.276000000000         0.00000000000       -0.827229900220E-001
     3196  -0.276000000000         0.00000000000       -0.110297320029     
     3197  -0.276000000000         0.00000000000       -0.137871650037     
     3198  -0.276000000000         0.00000000000       -0.165445980044     
     3199  -0.276000000000         0.00000000000       -0.193020310051     
     3200  -0.276000000000         0.00000000000       -0.220594640059     
     3201  -0.276000000000         0.00000000000       -0.248168970066     
     3202  -0.276000000000         0.00000000000       -0.275743300073     
     3203  -0.276000000000         0.00000000000       -0.303317630081     
     3204  -0.276000000000         0.00000000000       -0.330891960088     
     3205  -0.276000000000         0.00000000000       -0.358466290095     
     3206  -0.276000000000         0.00000000000       -0.386040620103     
     3207  -0.276000000000         0.00000000000       -0.413614950110     
     3208  -0.276000000000         0.00000000000       -0.441189280117     
     3209  -0.276000000000         0.00000000000       -0.468763610125     
     3210  -0.276000000000         0.00000000000       -0.496337940132     
     3211  -0.276000000000         0.00000000000       -0.523912270139     
     3212  -0.276000000000         0.00000000000       -0.551486600147     
     3213  -0.276000000000         0.00000000000       -0.579060930154     
     3214  -0.276000000000         0.00000000000       -0.606635260161     
     3215  -0.276000000000         0.00000000000       -0.634209590169     
     3216  -0.276000000000         0.00000000000       -0.661783920176     
     3217  -0.276000000000         0.00000000000       -0.689358250183     
     3218  -0.276000000000         0.00000000000       -0.716932580191     
     3219  -0.276000000000         0.00000000000       -0.744506910198     
     3220  -0.276000000000         0.00000000000       -0.772081240205     
     3221  -0.276000000000         0.00000000000       -0.799655570213     
     3222  -0.276000000000         0.00000000000       -0.827229900220     
     3223  -0.276000000000         0.00000000000       -0.854804230227     
     3224  -0.276000000000         0.00000000000       -0.882378560235     
     3225  -0.276000000000         0.00000000000       -0.909952890242     
     3226  -0.276000000000         0.00000000000       -0.937527220249     
     3227  -0.276000000000         0.00000000000       -0.965101550257     
     3228  -0.230000000000         0.00000000000       -0.551486600147E-001
     3229  -0.230000000000         0.00000000000       -0.110297320029     
     3230  -0.230000000000         0.00000000000       -0.165445980044     
     3231  -0.230000000000         0.00000000000       -0.220594640059     
     3232  -0.230000000000         0.00000000000       -0.275743300073     
     3233  -0.230000000000         0.00000000000       -0.330891960088     
     3234  -0.230000000000         0.00000000000       -0.386040620103     
     3235  -0.230000000000         0.00000000000       -0.441189280117     
     3236  -0.230000000000         0.00000000000       -0.496337940132     
     3237  -0.230000000000         0.00000000000       -0.551486600147     
     3238  -0.230000000000         0.00000000000       -0.606635260161     
     3239  -0.230000000000         0.00000000000       -0.661783920176     
     3240  -0.230000000000         0.00000000000       -0.716932580191     
     3241  -0.230000000000         0.00000000000       -0.772081240205     
     3242  -0.230000000000         0.00000000000       -0.827229900220     
     3243  -0.230000000000         0.00000000000       -0.882378560235     
     3244  -0.230000000000         0.00000000000       -0.937527220249     
     3245  -0.184000000000         0.00000000000       -0.275743300073E-001
     3246  -0.184000000000         0.00000000000       -0.551486600147E-001
     3247  -0.184000000000         0.00000000000       -0.827229900220E-001
     3248  -0.184000000000         0.00000000000       -0.110297320029     
     3249  -0.184000000000         0.00000000000       -0.137871650037     
     3250  -0.184000000000         0.00000000000       -0.165445980044     
     3251  -0.184000000000         0.00000000000       -0.193020310051     
     3252  -0.184000000000         0.00000000000       -0.220594640059     
     3253  -0.184000000000         0.00000000000       -0.248168970066     
     3254  -0.184000000000         0.00000000000       -0.275743300073     
     3255  -0.184000000000         0.00000000000       -0.303317630081     
     3256  -0.184000000000         0.00000000000       -0.330891960088     
     3257  -0.184000000000         0.00000000000       -0.358466290095     
     3258  -0.184000000000         0.00000000000       -0.386040620103     
     3259  -0.184000000000         0.00000000000       -0.413614950110     
     3260  -0.184000000000         0.00000000000       -0.441189280117     
     3261  -0.184000000000         0.00000000000       -0.468763610125     
     3262  -0.184000000000         0.00000000000       -0.496337940132     
     3263  -0.184000000000         0.00000000000       -0.523912270139     
     3264  -0.184000000000         0.00000000000       -0.551486600147     
     3265  -0.184000000000         0.00000000000       -0.579060930154     
     3266  -0.184000000000         0.00000000000       -0.606635260161     
     3267  -0.184000000000         0.00000000000       -0.634209590169     
     3268  -0.184000000000         0.00000000000       -0.661783920176     
     3269  -0.184000000000         0.00000000000       -0.689358250183     
     3270  -0.184000000000         0.00000000000       -0.716932580191     
     3271  -0.184000000000         0.00000000000       -0.744506910198     
     3272  -0.184000000000         0.00000000000       -0.772081240205     
     3273  -0.184000000000         0.00000000000       -0.799655570213     
     3274  -0.184000000000         0.00000000000       -0.827229900220     
     3275  -0.184000000000         0.00000000000       -0.854804230227     
     3276  -0.184000000000         0.00000000000       -0.882378560235     
     3277  -0.184000000000         0.00000000000       -0.909952890242     
     3278  -0.184000000000         0.00000000000       -0.937527220249     
     3279  -0.184000000000         0.00000000000       -0.965101550257     
     3280  -0.138000000000         0.00000000000       -0.551486600147E-001
     3281  -0.138000000000         0.00000000000       -0.110297320029     
     3282  -0.138000000000         0.00000000000       -0.165445980044     
     3283  -0.138000000000         0.00000000000       -0.220594640059     
     3284  -0.138000000000         0.00000000000       -0.275743300073     
     3285  -0.138000000000         0.00000000000       -0.330891960088     
     3286  -0.138000000000         0.00000000000       -0.386040620103     
     3287  -0.138000000000         0.00000000000       -0.441189280117     
     3288  -0.138000000000         0.00000000000       -0.496337940132     
     3289  -0.138000000000         0.00000000000       -0.551486600147     
     3290  -0.138000000000         0.00000000000       -0.606635260161     
     3291  -0.138000000000         0.00000000000       -0.661783920176     
     3292  -0.138000000000         0.00000000000       -0.716932580191     
     3293  -0.138000000000         0.00000000000       -0.772081240205     
     3294  -0.138000000000         0.00000000000       -0.827229900220     
     3295  -0.138000000000         0.00000000000       -0.882378560235     
     3296  -0.138000000000         0.00000000000       -0.937527220249     
     3297  -0.920000000000E-001    0.00000000000       -0.275743300073E-001
     3298  -0.920000000000E-001    0.00000000000       -0.551486600147E-001
     3299  -0.920000000000E-001    0.00000000000       -0.827229900220E-001
     3300  -0.920000000000E-001    0.00000000000       -0.110297320029     
     3301  -0.920000000000E-001    0.00000000000       -0.137871650037     
     3302  -0.920000000000E-001    0.00000000000       -0.165445980044     
     3303  -0.920000000000E-001    0.00000000000       -0.193020310051     
     3304  -0.920000000000E-001    0.00000000000       -0.220594640059     
     3305  -0.920000000000E-001    0.00000000000       -0.248168970066     
     3306  -0.920000000000E-001    0.00000000000       -0.275743300073     
     3307  -0.920000000000E-001    0.00000000000       -0.303317630081     
     3308  -0.920000000000E-001    0.00000000000       -0.330891960088     
     3309  -0.920000000000E-001    0.00000000000       -0.358466290095     
     3310  -0.920000000000E-001    0.00000000000       -0.386040620103     
     3311  -0.920000000000E-001    0.00000000000       -0.413614950110     
     3312  -0.920000000000E-001    0.00000000000       -0.441189280117     
     3313  -0.920000000000E-001    0.00000000000       -0.468763610125     
     3314  -0.920000000000E-001    0.00000000000       -0.496337940132     
     3315  -0.920000000000E-001    0.00000000000       -0.523912270139     
     3316  -0.920000000000E-001    0.00000000000       -0.551486600147     
     3317  -0.920000000000E-001    0.00000000000       -0.579060930154     
     3318  -0.920000000000E-001    0.00000000000       -0.606635260161     
     3319  -0.920000000000E-001    0.00000000000       -0.634209590169     
     3320  -0.920000000000E-001    0.00000000000       -0.661783920176     
     3321  -0.920000000000E-001    0.00000000000       -0.689358250183     
     3322  -0.920000000000E-001    0.00000000000       -0.716932580191     
     3323  -0.920000000000E-001    0.00000000000       -0.744506910198     
     3324  -0.920000000000E-001    0.00000000000       -0.772081240205     
     3325  -0.920000000000E-001    0.00000000000       -0.799655570213     
     3326  -0.920000000000E-001    0.00000000000       -0.827229900220     
     3327  -0.920000000000E-001    0.00000000000       -0.854804230227     
     3328  -0.920000000000E-001    0.00000000000       -0.882378560235     
     3329  -0.920000000000E-001    0.00000000000       -0.909952890242     
     3330  -0.920000000000E-001    0.00000000000       -0.937527220249     
     3331  -0.920000000000E-001    0.00000000000       -0.965101550257     
     3332  -0.460000000000E-001    0.00000000000       -0.551486600147E-001
     3333  -0.460000000000E-001    0.00000000000       -0.110297320029     
     3334  -0.460000000000E-001    0.00000000000       -0.165445980044     
     3335  -0.460000000000E-001    0.00000000000       -0.220594640059     
     3336  -0.460000000000E-001    0.00000000000       -0.275743300073     
     3337  -0.460000000000E-001    0.00000000000       -0.330891960088     
     3338  -0.460000000000E-001    0.00000000000       -0.386040620103     
     3339  -0.460000000000E-001    0.00000000000       -0.441189280117     
     3340  -0.460000000000E-001    0.00000000000       -0.496337940132     
     3341  -0.460000000000E-001    0.00000000000       -0.551486600147     
     3342  -0.460000000000E-001    0.00000000000       -0.606635260161     
     3343  -0.460000000000E-001    0.00000000000       -0.661783920176     
     3344  -0.460000000000E-001    0.00000000000       -0.716932580191     
     3345  -0.460000000000E-001    0.00000000000       -0.772081240205     
     3346  -0.460000000000E-001    0.00000000000       -0.827229900220     
     3347  -0.460000000000E-001    0.00000000000       -0.882378560235     
     3348  -0.460000000000E-001    0.00000000000       -0.937527220249     
