       1  0.54442E-008
      38  0.33734E-008
      39  0.33743E-008
      40  0.33771E-008
      41  0.33818E-008
      42  0.33883E-008
      43  0.33966E-008
      44  0.34068E-008
      45  0.34186E-008
      46  0.34322E-008
      47  0.34475E-008
      48  0.34643E-008
      49  0.34827E-008
      50  0.35026E-008
      51  0.35239E-008
      52  0.35466E-008
      53  0.35706E-008
      54  0.35957E-008
      55  0.36221E-008
      56  0.36494E-008
      57  0.36778E-008
      58  0.37071E-008
      59  0.37373E-008
      60  0.37682E-008
      61  0.37999E-008
      62  0.38322E-008
      63  0.38651E-008
      64  0.38985E-008
      65  0.39324E-008
      66  0.39667E-008
      67  0.40013E-008
      68  0.40363E-008
      69  0.40715E-008
      70  0.41069E-008
      71  0.41425E-008
      72  0.41782E-008
      73  0.42140E-008
      74  0.42499E-008
      75  0.42858E-008
      76  0.43217E-008
      77  0.43576E-008
      78  0.43934E-008
      79  0.44291E-008
      80  0.44648E-008
      81  0.45003E-008
      82  0.45357E-008
      83  0.45710E-008
      84  0.46061E-008
      85  0.46410E-008
      86  0.46758E-008
      87  0.47103E-008
      88  0.47447E-008
      89  0.47789E-008
      90  0.48128E-008
      91  0.48466E-008
      92  0.48801E-008
      93  0.49134E-008
      94  0.49464E-008
      95  0.49793E-008
      96  0.50119E-008
      97  0.50443E-008
      98  0.50764E-008
      99  0.51083E-008
     100  0.51400E-008
     101  0.51715E-008
     102  0.52027E-008
     103  0.52337E-008
     104  0.52644E-008
     105  0.52950E-008
     106  0.53253E-008
     107  0.53553E-008
     108  0.53852E-008
     109  0.54148E-008
    2127   0.0000     
    2163  0.52229E-008
    2164  0.77232E-011
    2165  0.30659E-010
    2166  0.68548E-010
    2167  0.12069E-009
    2168  0.18637E-009
    2169  0.26452E-009
    2170  0.35405E-009
    2171  0.45364E-009
    2172  0.56200E-009
    2173  0.67771E-009
    2174  0.79938E-009
    2175  0.92565E-009
    2176  0.10552E-008
    2177  0.11868E-008
    2178  0.13193E-008
    2179  0.14518E-008
    2180  0.15833E-008
    2181  0.17130E-008
    2182  0.18404E-008
    2183  0.19650E-008
    2184  0.20863E-008
    2185  0.22041E-008
    2186  0.23182E-008
    2187  0.24286E-008
    2188  0.25351E-008
    2189  0.26378E-008
    2190  0.27367E-008
    2191  0.28321E-008
    2192  0.29240E-008
    2193  0.30126E-008
    2194  0.30980E-008
    2195  0.31804E-008
    2196  0.32600E-008
    2197  0.33369E-008
    2198  0.34113E-008
    2199  0.34833E-008
    2200  0.35532E-008
    2201  0.36210E-008
    2202  0.36868E-008
    2203  0.37508E-008
    2204  0.38130E-008
    2205  0.38737E-008
    2206  0.39328E-008
    2207  0.39904E-008
    2208  0.40467E-008
    2209  0.41017E-008
    2210  0.41554E-008
    2211  0.42080E-008
    2212  0.42595E-008
    2213  0.43098E-008
    2214  0.43592E-008
    2215  0.44076E-008
    2216  0.44551E-008
    2217  0.45017E-008
    2218  0.45475E-008
    2219  0.45924E-008
    2220  0.46366E-008
    2221  0.46800E-008
    2222  0.47227E-008
    2223  0.47647E-008
    2224  0.48060E-008
    2225  0.48467E-008
    2226  0.48868E-008
    2227  0.49263E-008
    2228  0.49652E-008
    2229  0.50035E-008
    2230  0.50413E-008
    2231  0.50786E-008
    2232  0.51154E-008
    2233  0.51517E-008
    2234  0.51875E-008
    7994  0.33429E-008
    7995  0.33121E-008
    7996  0.32810E-008
    7997  0.32494E-008
    7998  0.32174E-008
    7999  0.31850E-008
    8000  0.31522E-008
    8001  0.31189E-008
    8002  0.30852E-008
    8003  0.30511E-008
    8004  0.30165E-008
    8005  0.29813E-008
    8006  0.29457E-008
    8007  0.29096E-008
    8008  0.28730E-008
    8009  0.28358E-008
    8010  0.27981E-008
    8011  0.27598E-008
    8012  0.27209E-008
    8013  0.26814E-008
    8014  0.26413E-008
    8015  0.26005E-008
    8016  0.25591E-008
    8017  0.25171E-008
    8018  0.24743E-008
    8019  0.24308E-008
    8020  0.23866E-008
    8021  0.23416E-008
    8022  0.22958E-008
    8023  0.22492E-008
    8024  0.22017E-008
    8025  0.21534E-008
    8026  0.21042E-008
    8027  0.20541E-008
    8028  0.20030E-008
    8029  0.19509E-008
    8030  0.18978E-008
    8031  0.18437E-008
    8032  0.17885E-008
    8033  0.17322E-008
    8034  0.16748E-008
    8035  0.16162E-008
    8036  0.15565E-008
    8037  0.14957E-008
    8038  0.14336E-008
    8039  0.13705E-008
    8040  0.13062E-008
    8041  0.12409E-008
    8042  0.11745E-008
    8043  0.11073E-008
    8044  0.10393E-008
    8045  0.97069E-009
    8046  0.90164E-009
    8047  0.83239E-009
    8048  0.76319E-009
    8049  0.69439E-009
    8050  0.62628E-009
    8051  0.55929E-009
    8052  0.49382E-009
    8053  0.43035E-009
    8054  0.36935E-009
    8055  0.31133E-009
    8056  0.25681E-009
    8057  0.20630E-009
    8058  0.16031E-009
    8059  0.11932E-009
    8060  0.83804E-010
    8061  0.54122E-010
    8062  0.30682E-010
    8063  0.13699E-010
    8064  0.34559E-011
    8065  0.52230E-008
    8066  0.52231E-008
    8067  0.52233E-008
    8068  0.52237E-008
    8069  0.52241E-008
    8070  0.52246E-008
    8071  0.52252E-008
    8072  0.52259E-008
    8073  0.52267E-008
    8074  0.52276E-008
    8075  0.52286E-008
    8076  0.52297E-008
    8077  0.52309E-008
    8078  0.52322E-008
    8079  0.52335E-008
    8080  0.52350E-008
    8081  0.52365E-008
    8082  0.52381E-008
    8083  0.52399E-008
    8084  0.52417E-008
    8085  0.52436E-008
    8086  0.52456E-008
    8087  0.52477E-008
    8088  0.52498E-008
    8089  0.52521E-008
    8090  0.52544E-008
    8091  0.52569E-008
    8092  0.52594E-008
    8093  0.52620E-008
    8094  0.52647E-008
    8095  0.52674E-008
    8096  0.52703E-008
    8097  0.52732E-008
    8098  0.52763E-008
    8099  0.52794E-008
    8100  0.52826E-008
    8101  0.52858E-008
    8102  0.52892E-008
    8103  0.52926E-008
    8104  0.52961E-008
    8105  0.52997E-008
    8106  0.53033E-008
    8107  0.53070E-008
    8108  0.53108E-008
    8109  0.53147E-008
    8110  0.53187E-008
    8111  0.53227E-008
    8112  0.53268E-008
    8113  0.53310E-008
    8114  0.53352E-008
    8115  0.53395E-008
    8116  0.53439E-008
    8117  0.53483E-008
    8118  0.53528E-008
    8119  0.53574E-008
    8120  0.53620E-008
    8121  0.53667E-008
    8122  0.53715E-008
    8123  0.53763E-008
    8124  0.53812E-008
    8125  0.53861E-008
    8126  0.53911E-008
    8127  0.53962E-008
    8128  0.54013E-008
    8129  0.54065E-008
    8130  0.54117E-008
    8131  0.54170E-008
    8132  0.54224E-008
    8133  0.54277E-008
    8134  0.54332E-008
    8135  0.54387E-008
    8136  0.51877E-008
    8137  0.51883E-008
    8138  0.51893E-008
    8139  0.51907E-008
    8140  0.51924E-008
    8141  0.51945E-008
    8142  0.51971E-008
    8143  0.51999E-008
    8144  0.52032E-008
    8145  0.52069E-008
    8146  0.52109E-008
    8147  0.52152E-008
    8148  0.52200E-008
    8149  0.52251E-008
    8150  0.52305E-008
    8151  0.52363E-008
    8152  0.52424E-008
    8153  0.52489E-008
    8154  0.52557E-008
    8155  0.52628E-008
    8156  0.52703E-008
    8157  0.52780E-008
    8158  0.52860E-008
    8159  0.52944E-008
    8160  0.53030E-008
    8161  0.53119E-008
    8162  0.53211E-008
    8163  0.53305E-008
    8164  0.53402E-008
    8165  0.53502E-008
    8166  0.53604E-008
    8167  0.53708E-008
    8168  0.53815E-008
    8169  0.53924E-008
    8170  0.54035E-008
    8171  0.51518E-008
    8172  0.51519E-008
    8173  0.51522E-008
    8174  0.51525E-008
    8175  0.51530E-008
    8176  0.51535E-008
    8177  0.51542E-008
    8178  0.51549E-008
    8179  0.51558E-008
    8180  0.51567E-008
    8181  0.51578E-008
    8182  0.51589E-008
    8183  0.51602E-008
    8184  0.51615E-008
    8185  0.51630E-008
    8186  0.51645E-008
    8187  0.51661E-008
    8188  0.51679E-008
    8189  0.51697E-008
    8190  0.51716E-008
    8191  0.51736E-008
    8192  0.51757E-008
    8193  0.51780E-008
    8194  0.51803E-008
    8195  0.51826E-008
    8196  0.51851E-008
    8197  0.51877E-008
    8198  0.51904E-008
    8199  0.51931E-008
    8200  0.51960E-008
    8201  0.51989E-008
    8202  0.52019E-008
    8203  0.52050E-008
    8204  0.52082E-008
    8205  0.52115E-008
    8206  0.52149E-008
    8207  0.52183E-008
    8208  0.52219E-008
    8209  0.52255E-008
    8210  0.52292E-008
    8211  0.52330E-008
    8212  0.52368E-008
    8213  0.52408E-008
    8214  0.52448E-008
    8215  0.52489E-008
    8216  0.52531E-008
    8217  0.52573E-008
    8218  0.52616E-008
    8219  0.52660E-008
    8220  0.52705E-008
    8221  0.52750E-008
    8222  0.52796E-008
    8223  0.52843E-008
    8224  0.52891E-008
    8225  0.52939E-008
    8226  0.52988E-008
    8227  0.53037E-008
    8228  0.53087E-008
    8229  0.53138E-008
    8230  0.53189E-008
    8231  0.53241E-008
    8232  0.53294E-008
    8233  0.53347E-008
    8234  0.53401E-008
    8235  0.53456E-008
    8236  0.53511E-008
    8237  0.53566E-008
    8238  0.53622E-008
    8239  0.53679E-008
    8240  0.53736E-008
    8241  0.53794E-008
    8242  0.51156E-008
    8243  0.51162E-008
    8244  0.51173E-008
    8245  0.51187E-008
    8246  0.51206E-008
    8247  0.51228E-008
    8248  0.51255E-008
    8249  0.51286E-008
    8250  0.51321E-008
    8251  0.51359E-008
    8252  0.51402E-008
    8253  0.51448E-008
    8254  0.51498E-008
    8255  0.51552E-008
    8256  0.51610E-008
    8257  0.51672E-008
    8258  0.51736E-008
    8259  0.51805E-008
    8260  0.51877E-008
    8261  0.51952E-008
    8262  0.52031E-008
    8263  0.52112E-008
    8264  0.52197E-008
    8265  0.52285E-008
    8266  0.52377E-008
    8267  0.52471E-008
    8268  0.52567E-008
    8269  0.52667E-008
    8270  0.52769E-008
    8271  0.52874E-008
    8272  0.52981E-008
    8273  0.53091E-008
    8274  0.53203E-008
    8275  0.53318E-008
    8276  0.53435E-008
    8277  0.50787E-008
    8278  0.50788E-008
    8279  0.50791E-008
    8280  0.50795E-008
    8281  0.50800E-008
    8282  0.50805E-008
    8283  0.50812E-008
    8284  0.50820E-008
    8285  0.50829E-008
    8286  0.50840E-008
    8287  0.50851E-008
    8288  0.50863E-008
    8289  0.50876E-008
    8290  0.50890E-008
    8291  0.50906E-008
    8292  0.50922E-008
    8293  0.50939E-008
    8294  0.50958E-008
    8295  0.50977E-008
    8296  0.50998E-008
    8297  0.51019E-008
    8298  0.51042E-008
    8299  0.51065E-008
    8300  0.51089E-008
    8301  0.51115E-008
    8302  0.51141E-008
    8303  0.51169E-008
    8304  0.51197E-008
    8305  0.51226E-008
    8306  0.51256E-008
    8307  0.51287E-008
    8308  0.51320E-008
    8309  0.51353E-008
    8310  0.51386E-008
    8311  0.51421E-008
    8312  0.51457E-008
    8313  0.51493E-008
    8314  0.51531E-008
    8315  0.51569E-008
    8316  0.51608E-008
    8317  0.51648E-008
    8318  0.51689E-008
    8319  0.51731E-008
    8320  0.51773E-008
    8321  0.51817E-008
    8322  0.51861E-008
    8323  0.51906E-008
    8324  0.51951E-008
    8325  0.51998E-008
    8326  0.52045E-008
    8327  0.52093E-008
    8328  0.52141E-008
    8329  0.52191E-008
    8330  0.52241E-008
    8331  0.52292E-008
    8332  0.52343E-008
    8333  0.52395E-008
    8334  0.52448E-008
    8335  0.52502E-008
    8336  0.52556E-008
    8337  0.52611E-008
    8338  0.52666E-008
    8339  0.52722E-008
    8340  0.52779E-008
    8341  0.52836E-008
    8342  0.52894E-008
    8343  0.52952E-008
    8344  0.53011E-008
    8345  0.53071E-008
    8346  0.53131E-008
    8347  0.53191E-008
    8348  0.50416E-008
    8349  0.50422E-008
    8350  0.50433E-008
    8351  0.50449E-008
    8352  0.50468E-008
    8353  0.50492E-008
    8354  0.50521E-008
    8355  0.50553E-008
    8356  0.50590E-008
    8357  0.50632E-008
    8358  0.50677E-008
    8359  0.50726E-008
    8360  0.50780E-008
    8361  0.50837E-008
    8362  0.50898E-008
    8363  0.50963E-008
    8364  0.51032E-008
    8365  0.51105E-008
    8366  0.51181E-008
    8367  0.51261E-008
    8368  0.51344E-008
    8369  0.51431E-008
    8370  0.51520E-008
    8371  0.51614E-008
    8372  0.51710E-008
    8373  0.51809E-008
    8374  0.51911E-008
    8375  0.52016E-008
    8376  0.52124E-008
    8377  0.52235E-008
    8378  0.52348E-008
    8379  0.52464E-008
    8380  0.52582E-008
    8381  0.52702E-008
    8382  0.52825E-008
    8383  0.50036E-008
    8384  0.50038E-008
    8385  0.50040E-008
    8386  0.50044E-008
    8387  0.50049E-008
    8388  0.50056E-008
    8389  0.50063E-008
    8390  0.50072E-008
    8391  0.50081E-008
    8392  0.50092E-008
    8393  0.50104E-008
    8394  0.50117E-008
    8395  0.50131E-008
    8396  0.50146E-008
    8397  0.50163E-008
    8398  0.50180E-008
    8399  0.50198E-008
    8400  0.50218E-008
    8401  0.50239E-008
    8402  0.50260E-008
    8403  0.50283E-008
    8404  0.50307E-008
    8405  0.50332E-008
    8406  0.50358E-008
    8407  0.50385E-008
    8408  0.50413E-008
    8409  0.50442E-008
    8410  0.50472E-008
    8411  0.50503E-008
    8412  0.50535E-008
    8413  0.50569E-008
    8414  0.50603E-008
    8415  0.50638E-008
    8416  0.50674E-008
    8417  0.50711E-008
    8418  0.50748E-008
    8419  0.50787E-008
    8420  0.50827E-008
    8421  0.50868E-008
    8422  0.50909E-008
    8423  0.50951E-008
    8424  0.50995E-008
    8425  0.51039E-008
    8426  0.51084E-008
    8427  0.51130E-008
    8428  0.51176E-008
    8429  0.51224E-008
    8430  0.51272E-008
    8431  0.51321E-008
    8432  0.51371E-008
    8433  0.51422E-008
    8434  0.51473E-008
    8435  0.51525E-008
    8436  0.51578E-008
    8437  0.51632E-008
    8438  0.51686E-008
    8439  0.51741E-008
    8440  0.51797E-008
    8441  0.51854E-008
    8442  0.51911E-008
    8443  0.51969E-008
    8444  0.52027E-008
    8445  0.52086E-008
    8446  0.52146E-008
    8447  0.52206E-008
    8448  0.52267E-008
    8449  0.52328E-008
    8450  0.52390E-008
    8451  0.52453E-008
    8452  0.52516E-008
    8453  0.52580E-008
    8454  0.49654E-008
    8455  0.49661E-008
    8456  0.49673E-008
    8457  0.49689E-008
    8458  0.49710E-008
    8459  0.49736E-008
    8460  0.49766E-008
    8461  0.49801E-008
    8462  0.49841E-008
    8463  0.49884E-008
    8464  0.49933E-008
    8465  0.49985E-008
    8466  0.50042E-008
    8467  0.50103E-008
    8468  0.50168E-008
    8469  0.50237E-008
    8470  0.50311E-008
    8471  0.50388E-008
    8472  0.50469E-008
    8473  0.50553E-008
    8474  0.50642E-008
    8475  0.50733E-008
    8476  0.50829E-008
    8477  0.50927E-008
    8478  0.51029E-008
    8479  0.51134E-008
    8480  0.51242E-008
    8481  0.51353E-008
    8482  0.51467E-008
    8483  0.51584E-008
    8484  0.51703E-008
    8485  0.51825E-008
    8486  0.51950E-008
    8487  0.52076E-008
    8488  0.52205E-008
    8489  0.49263E-008
    8490  0.49265E-008
    8491  0.49268E-008
    8492  0.49272E-008
    8493  0.49278E-008
    8494  0.49285E-008
    8495  0.49293E-008
    8496  0.49302E-008
    8497  0.49312E-008
    8498  0.49323E-008
    8499  0.49336E-008
    8500  0.49350E-008
    8501  0.49365E-008
    8502  0.49381E-008
    8503  0.49399E-008
    8504  0.49417E-008
    8505  0.49437E-008
    8506  0.49458E-008
    8507  0.49480E-008
    8508  0.49503E-008
    8509  0.49527E-008
    8510  0.49553E-008
    8511  0.49579E-008
    8512  0.49607E-008
    8513  0.49636E-008
    8514  0.49666E-008
    8515  0.49697E-008
    8516  0.49729E-008
    8517  0.49762E-008
    8518  0.49796E-008
    8519  0.49831E-008
    8520  0.49868E-008
    8521  0.49905E-008
    8522  0.49943E-008
    8523  0.49982E-008
    8524  0.50023E-008
    8525  0.50064E-008
    8526  0.50106E-008
    8527  0.50149E-008
    8528  0.50193E-008
    8529  0.50238E-008
    8530  0.50284E-008
    8531  0.50331E-008
    8532  0.50379E-008
    8533  0.50427E-008
    8534  0.50477E-008
    8535  0.50527E-008
    8536  0.50578E-008
    8537  0.50631E-008
    8538  0.50683E-008
    8539  0.50737E-008
    8540  0.50791E-008
    8541  0.50847E-008
    8542  0.50903E-008
    8543  0.50959E-008
    8544  0.51017E-008
    8545  0.51075E-008
    8546  0.51134E-008
    8547  0.51194E-008
    8548  0.51254E-008
    8549  0.51315E-008
    8550  0.51377E-008
    8551  0.51439E-008
    8552  0.51502E-008
    8553  0.51565E-008
    8554  0.51630E-008
    8555  0.51694E-008
    8556  0.51760E-008
    8557  0.51826E-008
    8558  0.51892E-008
    8559  0.51959E-008
    8560  0.48871E-008
    8561  0.48878E-008
    8562  0.48891E-008
    8563  0.48908E-008
    8564  0.48931E-008
    8565  0.48958E-008
    8566  0.48990E-008
    8567  0.49028E-008
    8568  0.49070E-008
    8569  0.49116E-008
    8570  0.49168E-008
    8571  0.49224E-008
    8572  0.49285E-008
    8573  0.49350E-008
    8574  0.49419E-008
    8575  0.49493E-008
    8576  0.49571E-008
    8577  0.49653E-008
    8578  0.49739E-008
    8579  0.49829E-008
    8580  0.49923E-008
    8581  0.50020E-008
    8582  0.50121E-008
    8583  0.50226E-008
    8584  0.50334E-008
    8585  0.50445E-008
    8586  0.50560E-008
    8587  0.50677E-008
    8588  0.50798E-008
    8589  0.50921E-008
    8590  0.51047E-008
    8591  0.51176E-008
    8592  0.51307E-008
    8593  0.51440E-008
    8594  0.51576E-008
    8595  0.48468E-008
    8596  0.48470E-008
    8597  0.48473E-008
    8598  0.48478E-008
    8599  0.48483E-008
    8600  0.48491E-008
    8601  0.48499E-008
    8602  0.48509E-008
    8603  0.48520E-008
    8604  0.48532E-008
    8605  0.48546E-008
    8606  0.48561E-008
    8607  0.48577E-008
    8608  0.48594E-008
    8609  0.48613E-008
    8610  0.48633E-008
    8611  0.48654E-008
    8612  0.48676E-008
    8613  0.48700E-008
    8614  0.48724E-008
    8615  0.48750E-008
    8616  0.48778E-008
    8617  0.48806E-008
    8618  0.48836E-008
    8619  0.48866E-008
    8620  0.48898E-008
    8621  0.48931E-008
    8622  0.48965E-008
    8623  0.49001E-008
    8624  0.49037E-008
    8625  0.49075E-008
    8626  0.49113E-008
    8627  0.49153E-008
    8628  0.49194E-008
    8629  0.49236E-008
    8630  0.49279E-008
    8631  0.49322E-008
    8632  0.49367E-008
    8633  0.49413E-008
    8634  0.49460E-008
    8635  0.49508E-008
    8636  0.49557E-008
    8637  0.49607E-008
    8638  0.49657E-008
    8639  0.49709E-008
    8640  0.49762E-008
    8641  0.49815E-008
    8642  0.49869E-008
    8643  0.49925E-008
    8644  0.49981E-008
    8645  0.50038E-008
    8646  0.50095E-008
    8647  0.50154E-008
    8648  0.50213E-008
    8649  0.50273E-008
    8650  0.50334E-008
    8651  0.50396E-008
    8652  0.50458E-008
    8653  0.50521E-008
    8654  0.50585E-008
    8655  0.50649E-008
    8656  0.50714E-008
    8657  0.50780E-008
    8658  0.50847E-008
    8659  0.50914E-008
    8660  0.50981E-008
    8661  0.51050E-008
    8662  0.51119E-008
    8663  0.51188E-008
    8664  0.51258E-008
    8665  0.51329E-008
    8666  0.48063E-008
    8667  0.48071E-008
    8668  0.48085E-008
    8669  0.48103E-008
    8670  0.48127E-008
    8671  0.48157E-008
    8672  0.48192E-008
    8673  0.48231E-008
    8674  0.48276E-008
    8675  0.48326E-008
    8676  0.48382E-008
    8677  0.48441E-008
    8678  0.48506E-008
    8679  0.48576E-008
    8680  0.48650E-008
    8681  0.48729E-008
    8682  0.48812E-008
    8683  0.48899E-008
    8684  0.48991E-008
    8685  0.49087E-008
    8686  0.49187E-008
    8687  0.49290E-008
    8688  0.49398E-008
    8689  0.49509E-008
    8690  0.49624E-008
    8691  0.49742E-008
    8692  0.49863E-008
    8693  0.49988E-008
    8694  0.50115E-008
    8695  0.50246E-008
    8696  0.50379E-008
    8697  0.50515E-008
    8698  0.50653E-008
    8699  0.50794E-008
    8700  0.50938E-008
    8701  0.47648E-008
    8702  0.47650E-008
    8703  0.47653E-008
    8704  0.47658E-008
    8705  0.47664E-008
    8706  0.47672E-008
    8707  0.47681E-008
    8708  0.47692E-008
    8709  0.47703E-008
    8710  0.47717E-008
    8711  0.47731E-008
    8712  0.47747E-008
    8713  0.47764E-008
    8714  0.47783E-008
    8715  0.47803E-008
    8716  0.47824E-008
    8717  0.47847E-008
    8718  0.47871E-008
    8719  0.47896E-008
    8720  0.47923E-008
    8721  0.47951E-008
    8722  0.47980E-008
    8723  0.48010E-008
    8724  0.48042E-008
    8725  0.48075E-008
    8726  0.48109E-008
    8727  0.48144E-008
    8728  0.48181E-008
    8729  0.48218E-008
    8730  0.48257E-008
    8731  0.48298E-008
    8732  0.48339E-008
    8733  0.48381E-008
    8734  0.48425E-008
    8735  0.48469E-008
    8736  0.48515E-008
    8737  0.48562E-008
    8738  0.48610E-008
    8739  0.48659E-008
    8740  0.48709E-008
    8741  0.48760E-008
    8742  0.48812E-008
    8743  0.48865E-008
    8744  0.48919E-008
    8745  0.48974E-008
    8746  0.49030E-008
    8747  0.49087E-008
    8748  0.49145E-008
    8749  0.49203E-008
    8750  0.49263E-008
    8751  0.49323E-008
    8752  0.49384E-008
    8753  0.49446E-008
    8754  0.49509E-008
    8755  0.49573E-008
    8756  0.49638E-008
    8757  0.49703E-008
    8758  0.49769E-008
    8759  0.49836E-008
    8760  0.49903E-008
    8761  0.49971E-008
    8762  0.50040E-008
    8763  0.50110E-008
    8764  0.50180E-008
    8765  0.50251E-008
    8766  0.50323E-008
    8767  0.50395E-008
    8768  0.50467E-008
    8769  0.50541E-008
    8770  0.50615E-008
    8771  0.50689E-008
    8772  0.47230E-008
    8773  0.47239E-008
    8774  0.47253E-008
    8775  0.47273E-008
    8776  0.47299E-008
    8777  0.47331E-008
    8778  0.47368E-008
    8779  0.47411E-008
    8780  0.47459E-008
    8781  0.47513E-008
    8782  0.47572E-008
    8783  0.47636E-008
    8784  0.47705E-008
    8785  0.47780E-008
    8786  0.47859E-008
    8787  0.47944E-008
    8788  0.48032E-008
    8789  0.48126E-008
    8790  0.48224E-008
    8791  0.48326E-008
    8792  0.48433E-008
    8793  0.48543E-008
    8794  0.48658E-008
    8795  0.48776E-008
    8796  0.48898E-008
    8797  0.49023E-008
    8798  0.49152E-008
    8799  0.49284E-008
    8800  0.49419E-008
    8801  0.49558E-008
    8802  0.49699E-008
    8803  0.49842E-008
    8804  0.49989E-008
    8805  0.50138E-008
    8806  0.50289E-008
    8807  0.46801E-008
    8808  0.46803E-008
    8809  0.46807E-008
    8810  0.46812E-008
    8811  0.46819E-008
    8812  0.46827E-008
    8813  0.46837E-008
    8814  0.46848E-008
    8815  0.46861E-008
    8816  0.46875E-008
    8817  0.46891E-008
    8818  0.46908E-008
    8819  0.46926E-008
    8820  0.46946E-008
    8821  0.46968E-008
    8822  0.46991E-008
    8823  0.47015E-008
    8824  0.47041E-008
    8825  0.47068E-008
    8826  0.47096E-008
    8827  0.47126E-008
    8828  0.47158E-008
    8829  0.47190E-008
    8830  0.47224E-008
    8831  0.47260E-008
    8832  0.47296E-008
    8833  0.47334E-008
    8834  0.47373E-008
    8835  0.47414E-008
    8836  0.47456E-008
    8837  0.47499E-008
    8838  0.47543E-008
    8839  0.47588E-008
    8840  0.47635E-008
    8841  0.47683E-008
    8842  0.47731E-008
    8843  0.47782E-008
    8844  0.47833E-008
    8845  0.47885E-008
    8846  0.47938E-008
    8847  0.47993E-008
    8848  0.48048E-008
    8849  0.48105E-008
    8850  0.48163E-008
    8851  0.48221E-008
    8852  0.48281E-008
    8853  0.48341E-008
    8854  0.48403E-008
    8855  0.48465E-008
    8856  0.48529E-008
    8857  0.48593E-008
    8858  0.48658E-008
    8859  0.48724E-008
    8860  0.48791E-008
    8861  0.48859E-008
    8862  0.48927E-008
    8863  0.48996E-008
    8864  0.49066E-008
    8865  0.49137E-008
    8866  0.49209E-008
    8867  0.49281E-008
    8868  0.49354E-008
    8869  0.49428E-008
    8870  0.49502E-008
    8871  0.49577E-008
    8872  0.49653E-008
    8873  0.49729E-008
    8874  0.49806E-008
    8875  0.49883E-008
    8876  0.49961E-008
    8877  0.50040E-008
    8878  0.46369E-008
    8879  0.46378E-008
    8880  0.46394E-008
    8881  0.46416E-008
    8882  0.46444E-008
    8883  0.46478E-008
    8884  0.46518E-008
    8885  0.46564E-008
    8886  0.46616E-008
    8887  0.46674E-008
    8888  0.46737E-008
    8889  0.46806E-008
    8890  0.46881E-008
    8891  0.46961E-008
    8892  0.47046E-008
    8893  0.47136E-008
    8894  0.47231E-008
    8895  0.47332E-008
    8896  0.47436E-008
    8897  0.47546E-008
    8898  0.47659E-008
    8899  0.47777E-008
    8900  0.47900E-008
    8901  0.48026E-008
    8902  0.48155E-008
    8903  0.48289E-008
    8904  0.48426E-008
    8905  0.48566E-008
    8906  0.48710E-008
    8907  0.48857E-008
    8908  0.49006E-008
    8909  0.49158E-008
    8910  0.49313E-008
    8911  0.49471E-008
    8912  0.49631E-008
    8913  0.45925E-008
    8914  0.45927E-008
    8915  0.45932E-008
    8916  0.45937E-008
    8917  0.45945E-008
    8918  0.45953E-008
    8919  0.45964E-008
    8920  0.45976E-008
    8921  0.45990E-008
    8922  0.46005E-008
    8923  0.46022E-008
    8924  0.46041E-008
    8925  0.46061E-008
    8926  0.46082E-008
    8927  0.46105E-008
    8928  0.46130E-008
    8929  0.46156E-008
    8930  0.46184E-008
    8931  0.46213E-008
    8932  0.46244E-008
    8933  0.46276E-008
    8934  0.46310E-008
    8935  0.46345E-008
    8936  0.46382E-008
    8937  0.46420E-008
    8938  0.46459E-008
    8939  0.46500E-008
    8940  0.46542E-008
    8941  0.46585E-008
    8942  0.46630E-008
    8943  0.46676E-008
    8944  0.46724E-008
    8945  0.46772E-008
    8946  0.46822E-008
    8947  0.46874E-008
    8948  0.46926E-008
    8949  0.46980E-008
    8950  0.47035E-008
    8951  0.47091E-008
    8952  0.47148E-008
    8953  0.47206E-008
    8954  0.47265E-008
    8955  0.47326E-008
    8956  0.47388E-008
    8957  0.47450E-008
    8958  0.47514E-008
    8959  0.47578E-008
    8960  0.47644E-008
    8961  0.47711E-008
    8962  0.47778E-008
    8963  0.47847E-008
    8964  0.47916E-008
    8965  0.47986E-008
    8966  0.48057E-008
    8967  0.48129E-008
    8968  0.48202E-008
    8969  0.48276E-008
    8970  0.48350E-008
    8971  0.48425E-008
    8972  0.48501E-008
    8973  0.48578E-008
    8974  0.48655E-008
    8975  0.48733E-008
    8976  0.48812E-008
    8977  0.48891E-008
    8978  0.48971E-008
    8979  0.49052E-008
    8980  0.49133E-008
    8981  0.49215E-008
    8982  0.49298E-008
    8983  0.49381E-008
    8984  0.45478E-008
    8985  0.45488E-008
    8986  0.45505E-008
    8987  0.45529E-008
    8988  0.45559E-008
    8989  0.45596E-008
    8990  0.45639E-008
    8991  0.45689E-008
    8992  0.45745E-008
    8993  0.45807E-008
    8994  0.45876E-008
    8995  0.45950E-008
    8996  0.46031E-008
    8997  0.46117E-008
    8998  0.46208E-008
    8999  0.46305E-008
    9000  0.46408E-008
    9001  0.46515E-008
    9002  0.46627E-008
    9003  0.46745E-008
    9004  0.46866E-008
    9005  0.46993E-008
    9006  0.47123E-008
    9007  0.47258E-008
    9008  0.47396E-008
    9009  0.47539E-008
    9010  0.47685E-008
    9011  0.47834E-008
    9012  0.47987E-008
    9013  0.48142E-008
    9014  0.48301E-008
    9015  0.48463E-008
    9016  0.48627E-008
    9017  0.48793E-008
    9018  0.48962E-008
    9019  0.45018E-008
    9020  0.45021E-008
    9021  0.45025E-008
    9022  0.45031E-008
    9023  0.45039E-008
    9024  0.45049E-008
    9025  0.45060E-008
    9026  0.45073E-008
    9027  0.45088E-008
    9028  0.45105E-008
    9029  0.45123E-008
    9030  0.45143E-008
    9031  0.45165E-008
    9032  0.45188E-008
    9033  0.45213E-008
    9034  0.45240E-008
    9035  0.45268E-008
    9036  0.45298E-008
    9037  0.45330E-008
    9038  0.45363E-008
    9039  0.45398E-008
    9040  0.45434E-008
    9041  0.45472E-008
    9042  0.45512E-008
    9043  0.45553E-008
    9044  0.45595E-008
    9045  0.45639E-008
    9046  0.45685E-008
    9047  0.45732E-008
    9048  0.45780E-008
    9049  0.45829E-008
    9050  0.45881E-008
    9051  0.45933E-008
    9052  0.45987E-008
    9053  0.46042E-008
    9054  0.46098E-008
    9055  0.46156E-008
    9056  0.46215E-008
    9057  0.46275E-008
    9058  0.46336E-008
    9059  0.46398E-008
    9060  0.46462E-008
    9061  0.46527E-008
    9062  0.46593E-008
    9063  0.46660E-008
    9064  0.46728E-008
    9065  0.46797E-008
    9066  0.46867E-008
    9067  0.46938E-008
    9068  0.47010E-008
    9069  0.47083E-008
    9070  0.47157E-008
    9071  0.47232E-008
    9072  0.47308E-008
    9073  0.47385E-008
    9074  0.47462E-008
    9075  0.47540E-008
    9076  0.47620E-008
    9077  0.47700E-008
    9078  0.47780E-008
    9079  0.47862E-008
    9080  0.47944E-008
    9081  0.48027E-008
    9082  0.48110E-008
    9083  0.48194E-008
    9084  0.48279E-008
    9085  0.48365E-008
    9086  0.48451E-008
    9087  0.48537E-008
    9088  0.48625E-008
    9089  0.48712E-008
    9090  0.44555E-008
    9091  0.44566E-008
    9092  0.44584E-008
    9093  0.44610E-008
    9094  0.44643E-008
    9095  0.44682E-008
    9096  0.44729E-008
    9097  0.44783E-008
    9098  0.44844E-008
    9099  0.44912E-008
    9100  0.44986E-008
    9101  0.45066E-008
    9102  0.45153E-008
    9103  0.45246E-008
    9104  0.45345E-008
    9105  0.45449E-008
    9106  0.45560E-008
    9107  0.45675E-008
    9108  0.45796E-008
    9109  0.45922E-008
    9110  0.46052E-008
    9111  0.46188E-008
    9112  0.46328E-008
    9113  0.46472E-008
    9114  0.46620E-008
    9115  0.46772E-008
    9116  0.46927E-008
    9117  0.47086E-008
    9118  0.47249E-008
    9119  0.47415E-008
    9120  0.47583E-008
    9121  0.47755E-008
    9122  0.47929E-008
    9123  0.48105E-008
    9124  0.48284E-008
    9125  0.44077E-008
    9126  0.44080E-008
    9127  0.44085E-008
    9128  0.44092E-008
    9129  0.44100E-008
    9130  0.44111E-008
    9131  0.44123E-008
    9132  0.44137E-008
    9133  0.44154E-008
    9134  0.44172E-008
    9135  0.44192E-008
    9136  0.44213E-008
    9137  0.44237E-008
    9138  0.44262E-008
    9139  0.44289E-008
    9140  0.44318E-008
    9141  0.44349E-008
    9142  0.44382E-008
    9143  0.44416E-008
    9144  0.44452E-008
    9145  0.44490E-008
    9146  0.44529E-008
    9147  0.44570E-008
    9148  0.44613E-008
    9149  0.44657E-008
    9150  0.44703E-008
    9151  0.44751E-008
    9152  0.44800E-008
    9153  0.44851E-008
    9154  0.44903E-008
    9155  0.44956E-008
    9156  0.45011E-008
    9157  0.45068E-008
    9158  0.45126E-008
    9159  0.45185E-008
    9160  0.45246E-008
    9161  0.45308E-008
    9162  0.45371E-008
    9163  0.45436E-008
    9164  0.45502E-008
    9165  0.45569E-008
    9166  0.45637E-008
    9167  0.45707E-008
    9168  0.45778E-008
    9169  0.45849E-008
    9170  0.45922E-008
    9171  0.45996E-008
    9172  0.46071E-008
    9173  0.46147E-008
    9174  0.46225E-008
    9175  0.46303E-008
    9176  0.46382E-008
    9177  0.46462E-008
    9178  0.46543E-008
    9179  0.46624E-008
    9180  0.46707E-008
    9181  0.46791E-008
    9182  0.46875E-008
    9183  0.46960E-008
    9184  0.47046E-008
    9185  0.47132E-008
    9186  0.47220E-008
    9187  0.47308E-008
    9188  0.47396E-008
    9189  0.47486E-008
    9190  0.47576E-008
    9191  0.47666E-008
    9192  0.47758E-008
    9193  0.47849E-008
    9194  0.47942E-008
    9195  0.48035E-008
    9196  0.43596E-008
    9197  0.43608E-008
    9198  0.43628E-008
    9199  0.43656E-008
    9200  0.43692E-008
    9201  0.43735E-008
    9202  0.43786E-008
    9203  0.43845E-008
    9204  0.43911E-008
    9205  0.43984E-008
    9206  0.44065E-008
    9207  0.44152E-008
    9208  0.44246E-008
    9209  0.44347E-008
    9210  0.44454E-008
    9211  0.44567E-008
    9212  0.44686E-008
    9213  0.44810E-008
    9214  0.44941E-008
    9215  0.45076E-008
    9216  0.45217E-008
    9217  0.45362E-008
    9218  0.45512E-008
    9219  0.45666E-008
    9220  0.45825E-008
    9221  0.45988E-008
    9222  0.46154E-008
    9223  0.46324E-008
    9224  0.46497E-008
    9225  0.46673E-008
    9226  0.46853E-008
    9227  0.47035E-008
    9228  0.47220E-008
    9229  0.47407E-008
    9230  0.47597E-008
    9231  0.43099E-008
    9232  0.43103E-008
    9233  0.43108E-008
    9234  0.43115E-008
    9235  0.43125E-008
    9236  0.43136E-008
    9237  0.43150E-008
    9238  0.43165E-008
    9239  0.43183E-008
    9240  0.43203E-008
    9241  0.43224E-008
    9242  0.43248E-008
    9243  0.43274E-008
    9244  0.43301E-008
    9245  0.43331E-008
    9246  0.43363E-008
    9247  0.43396E-008
    9248  0.43432E-008
    9249  0.43469E-008
    9250  0.43508E-008
    9251  0.43549E-008
    9252  0.43592E-008
    9253  0.43637E-008
    9254  0.43683E-008
    9255  0.43731E-008
    9256  0.43781E-008
    9257  0.43833E-008
    9258  0.43886E-008
    9259  0.43941E-008
    9260  0.43997E-008
    9261  0.44055E-008
    9262  0.44115E-008
    9263  0.44176E-008
    9264  0.44239E-008
    9265  0.44303E-008
    9266  0.44368E-008
    9267  0.44435E-008
    9268  0.44504E-008
    9269  0.44573E-008
    9270  0.44644E-008
    9271  0.44717E-008
    9272  0.44790E-008
    9273  0.44865E-008
    9274  0.44941E-008
    9275  0.45018E-008
    9276  0.45096E-008
    9277  0.45176E-008
    9278  0.45256E-008
    9279  0.45338E-008
    9280  0.45421E-008
    9281  0.45504E-008
    9282  0.45589E-008
    9283  0.45674E-008
    9284  0.45761E-008
    9285  0.45848E-008
    9286  0.45937E-008
    9287  0.46026E-008
    9288  0.46116E-008
    9289  0.46206E-008
    9290  0.46298E-008
    9291  0.46390E-008
    9292  0.46483E-008
    9293  0.46577E-008
    9294  0.46671E-008
    9295  0.46766E-008
    9296  0.46861E-008
    9297  0.46958E-008
    9298  0.47054E-008
    9299  0.47152E-008
    9300  0.47250E-008
    9301  0.47348E-008
    9302  0.42599E-008
    9303  0.42612E-008
    9304  0.42634E-008
    9305  0.42664E-008
    9306  0.42703E-008
    9307  0.42751E-008
    9308  0.42807E-008
    9309  0.42871E-008
    9310  0.42943E-008
    9311  0.43023E-008
    9312  0.43111E-008
    9313  0.43206E-008
    9314  0.43308E-008
    9315  0.43417E-008
    9316  0.43533E-008
    9317  0.43656E-008
    9318  0.43785E-008
    9319  0.43920E-008
    9320  0.44060E-008
    9321  0.44206E-008
    9322  0.44358E-008
    9323  0.44514E-008
    9324  0.44676E-008
    9325  0.44842E-008
    9326  0.45012E-008
    9327  0.45186E-008
    9328  0.45364E-008
    9329  0.45546E-008
    9330  0.45731E-008
    9331  0.45919E-008
    9332  0.46110E-008
    9333  0.46304E-008
    9334  0.46500E-008
    9335  0.46699E-008
    9336  0.46900E-008
    9337  0.42081E-008
    9338  0.42085E-008
    9339  0.42090E-008
    9340  0.42098E-008
    9341  0.42109E-008
    9342  0.42121E-008
    9343  0.42136E-008
    9344  0.42153E-008
    9345  0.42173E-008
    9346  0.42194E-008
    9347  0.42218E-008
    9348  0.42244E-008
    9349  0.42272E-008
    9350  0.42302E-008
    9351  0.42335E-008
    9352  0.42370E-008
    9353  0.42406E-008
    9354  0.42445E-008
    9355  0.42486E-008
    9356  0.42529E-008
    9357  0.42573E-008
    9358  0.42620E-008
    9359  0.42669E-008
    9360  0.42719E-008
    9361  0.42772E-008
    9362  0.42826E-008
    9363  0.42882E-008
    9364  0.42940E-008
    9365  0.43000E-008
    9366  0.43061E-008
    9367  0.43124E-008
    9368  0.43189E-008
    9369  0.43256E-008
    9370  0.43323E-008
    9371  0.43393E-008
    9372  0.43464E-008
    9373  0.43536E-008
    9374  0.43610E-008
    9375  0.43686E-008
    9376  0.43762E-008
    9377  0.43840E-008
    9378  0.43920E-008
    9379  0.44000E-008
    9380  0.44082E-008
    9381  0.44165E-008
    9382  0.44250E-008
    9383  0.44335E-008
    9384  0.44422E-008
    9385  0.44509E-008
    9386  0.44598E-008
    9387  0.44688E-008
    9388  0.44778E-008
    9389  0.44870E-008
    9390  0.44963E-008
    9391  0.45056E-008
    9392  0.45151E-008
    9393  0.45246E-008
    9394  0.45342E-008
    9395  0.45439E-008
    9396  0.45536E-008
    9397  0.45635E-008
    9398  0.45734E-008
    9399  0.45833E-008
    9400  0.45934E-008
    9401  0.46035E-008
    9402  0.46136E-008
    9403  0.46239E-008
    9404  0.46341E-008
    9405  0.46445E-008
    9406  0.46549E-008
    9407  0.46653E-008
    9408  0.41559E-008
    9409  0.41574E-008
    9410  0.41598E-008
    9411  0.41631E-008
    9412  0.41674E-008
    9413  0.41726E-008
    9414  0.41788E-008
    9415  0.41858E-008
    9416  0.41937E-008
    9417  0.42025E-008
    9418  0.42120E-008
    9419  0.42224E-008
    9420  0.42336E-008
    9421  0.42455E-008
    9422  0.42581E-008
    9423  0.42715E-008
    9424  0.42855E-008
    9425  0.43001E-008
    9426  0.43154E-008
    9427  0.43312E-008
    9428  0.43475E-008
    9429  0.43644E-008
    9430  0.43818E-008
    9431  0.43997E-008
    9432  0.44180E-008
    9433  0.44367E-008
    9434  0.44557E-008
    9435  0.44752E-008
    9436  0.44950E-008
    9437  0.45151E-008
    9438  0.45354E-008
    9439  0.45561E-008
    9440  0.45770E-008
    9441  0.45981E-008
    9442  0.46195E-008
    9443  0.41018E-008
    9444  0.41022E-008
    9445  0.41028E-008
    9446  0.41037E-008
    9447  0.41048E-008
    9448  0.41062E-008
    9449  0.41079E-008
    9450  0.41098E-008
    9451  0.41119E-008
    9452  0.41143E-008
    9453  0.41169E-008
    9454  0.41198E-008
    9455  0.41229E-008
    9456  0.41262E-008
    9457  0.41298E-008
    9458  0.41336E-008
    9459  0.41376E-008
    9460  0.41419E-008
    9461  0.41464E-008
    9462  0.41511E-008
    9463  0.41560E-008
    9464  0.41611E-008
    9465  0.41664E-008
    9466  0.41720E-008
    9467  0.41777E-008
    9468  0.41837E-008
    9469  0.41898E-008
    9470  0.41961E-008
    9471  0.42026E-008
    9472  0.42093E-008
    9473  0.42162E-008
    9474  0.42232E-008
    9475  0.42305E-008
    9476  0.42379E-008
    9477  0.42454E-008
    9478  0.42531E-008
    9479  0.42610E-008
    9480  0.42690E-008
    9481  0.42772E-008
    9482  0.42855E-008
    9483  0.42939E-008
    9484  0.43025E-008
    9485  0.43112E-008
    9486  0.43201E-008
    9487  0.43290E-008
    9488  0.43381E-008
    9489  0.43473E-008
    9490  0.43567E-008
    9491  0.43661E-008
    9492  0.43756E-008
    9493  0.43853E-008
    9494  0.43950E-008
    9495  0.44049E-008
    9496  0.44148E-008
    9497  0.44248E-008
    9498  0.44349E-008
    9499  0.44451E-008
    9500  0.44554E-008
    9501  0.44657E-008
    9502  0.44762E-008
    9503  0.44867E-008
    9504  0.44972E-008
    9505  0.45079E-008
    9506  0.45185E-008
    9507  0.45293E-008
    9508  0.45401E-008
    9509  0.45510E-008
    9510  0.45619E-008
    9511  0.45729E-008
    9512  0.45839E-008
    9513  0.45950E-008
    9514  0.40472E-008
    9515  0.40488E-008
    9516  0.40515E-008
    9517  0.40552E-008
    9518  0.40600E-008
    9519  0.40657E-008
    9520  0.40725E-008
    9521  0.40803E-008
    9522  0.40890E-008
    9523  0.40986E-008
    9524  0.41091E-008
    9525  0.41205E-008
    9526  0.41328E-008
    9527  0.41458E-008
    9528  0.41596E-008
    9529  0.41742E-008
    9530  0.41894E-008
    9531  0.42054E-008
    9532  0.42219E-008
    9533  0.42391E-008
    9534  0.42568E-008
    9535  0.42751E-008
    9536  0.42939E-008
    9537  0.43131E-008
    9538  0.43328E-008
    9539  0.43529E-008
    9540  0.43734E-008
    9541  0.43943E-008
    9542  0.44154E-008
    9543  0.44369E-008
    9544  0.44587E-008
    9545  0.44807E-008
    9546  0.45030E-008
    9547  0.45255E-008
    9548  0.45481E-008
    9549  0.39906E-008
    9550  0.39910E-008
    9551  0.39917E-008
    9552  0.39927E-008
    9553  0.39939E-008
    9554  0.39955E-008
    9555  0.39973E-008
    9556  0.39994E-008
    9557  0.40018E-008
    9558  0.40044E-008
    9559  0.40073E-008
    9560  0.40105E-008
    9561  0.40139E-008
    9562  0.40176E-008
    9563  0.40216E-008
    9564  0.40258E-008
    9565  0.40302E-008
    9566  0.40349E-008
    9567  0.40399E-008
    9568  0.40451E-008
    9569  0.40505E-008
    9570  0.40561E-008
    9571  0.40620E-008
    9572  0.40681E-008
    9573  0.40744E-008
    9574  0.40809E-008
    9575  0.40877E-008
    9576  0.40946E-008
    9577  0.41017E-008
    9578  0.41091E-008
    9579  0.41166E-008
    9580  0.41243E-008
    9581  0.41322E-008
    9582  0.41402E-008
    9583  0.41485E-008
    9584  0.41569E-008
    9585  0.41654E-008
    9586  0.41741E-008
    9587  0.41830E-008
    9588  0.41920E-008
    9589  0.42012E-008
    9590  0.42105E-008
    9591  0.42200E-008
    9592  0.42295E-008
    9593  0.42392E-008
    9594  0.42491E-008
    9595  0.42590E-008
    9596  0.42691E-008
    9597  0.42792E-008
    9598  0.42895E-008
    9599  0.42999E-008
    9600  0.43104E-008
    9601  0.43210E-008
    9602  0.43316E-008
    9603  0.43424E-008
    9604  0.43532E-008
    9605  0.43642E-008
    9606  0.43752E-008
    9607  0.43862E-008
    9608  0.43974E-008
    9609  0.44086E-008
    9610  0.44199E-008
    9611  0.44312E-008
    9612  0.44426E-008
    9613  0.44541E-008
    9614  0.44656E-008
    9615  0.44772E-008
    9616  0.44888E-008
    9617  0.45005E-008
    9618  0.45122E-008
    9619  0.45239E-008
    9620  0.39334E-008
    9621  0.39352E-008
    9622  0.39381E-008
    9623  0.39423E-008
    9624  0.39475E-008
    9625  0.39540E-008
    9626  0.39615E-008
    9627  0.39701E-008
    9628  0.39797E-008
    9629  0.39904E-008
    9630  0.40020E-008
    9631  0.40146E-008
    9632  0.40281E-008
    9633  0.40424E-008
    9634  0.40576E-008
    9635  0.40735E-008
    9636  0.40902E-008
    9637  0.41076E-008
    9638  0.41256E-008
    9639  0.41443E-008
    9640  0.41636E-008
    9641  0.41834E-008
    9642  0.42037E-008
    9643  0.42245E-008
    9644  0.42457E-008
    9645  0.42674E-008
    9646  0.42894E-008
    9647  0.43118E-008
    9648  0.43345E-008
    9649  0.43575E-008
    9650  0.43808E-008
    9651  0.44043E-008
    9652  0.44280E-008
    9653  0.44520E-008
    9654  0.44761E-008
    9655  0.38738E-008
    9656  0.38743E-008
    9657  0.38751E-008
    9658  0.38762E-008
    9659  0.38776E-008
    9660  0.38793E-008
    9661  0.38814E-008
    9662  0.38837E-008
    9663  0.38864E-008
    9664  0.38893E-008
    9665  0.38925E-008
    9666  0.38961E-008
    9667  0.38999E-008
    9668  0.39040E-008
    9669  0.39084E-008
    9670  0.39131E-008
    9671  0.39181E-008
    9672  0.39233E-008
    9673  0.39288E-008
    9674  0.39345E-008
    9675  0.39405E-008
    9676  0.39468E-008
    9677  0.39533E-008
    9678  0.39600E-008
    9679  0.39670E-008
    9680  0.39742E-008
    9681  0.39816E-008
    9682  0.39892E-008
    9683  0.39971E-008
    9684  0.40051E-008
    9685  0.40134E-008
    9686  0.40218E-008
    9687  0.40305E-008
    9688  0.40393E-008
    9689  0.40483E-008
    9690  0.40575E-008
    9691  0.40669E-008
    9692  0.40764E-008
    9693  0.40860E-008
    9694  0.40959E-008
    9695  0.41058E-008
    9696  0.41160E-008
    9697  0.41262E-008
    9698  0.41366E-008
    9699  0.41471E-008
    9700  0.41578E-008
    9701  0.41685E-008
    9702  0.41794E-008
    9703  0.41904E-008
    9704  0.42015E-008
    9705  0.42127E-008
    9706  0.42240E-008
    9707  0.42354E-008
    9708  0.42469E-008
    9709  0.42584E-008
    9710  0.42701E-008
    9711  0.42818E-008
    9712  0.42936E-008
    9713  0.43055E-008
    9714  0.43174E-008
    9715  0.43294E-008
    9716  0.43415E-008
    9717  0.43536E-008
    9718  0.43658E-008
    9719  0.43780E-008
    9720  0.43903E-008
    9721  0.44026E-008
    9722  0.44149E-008
    9723  0.44273E-008
    9724  0.44398E-008
    9725  0.44523E-008
    9726  0.38137E-008
    9727  0.38157E-008
    9728  0.38190E-008
    9729  0.38237E-008
    9730  0.38296E-008
    9731  0.38368E-008
    9732  0.38452E-008
    9733  0.38548E-008
    9734  0.38656E-008
    9735  0.38774E-008
    9736  0.38903E-008
    9737  0.39043E-008
    9738  0.39192E-008
    9739  0.39350E-008
    9740  0.39517E-008
    9741  0.39693E-008
    9742  0.39876E-008
    9743  0.40066E-008
    9744  0.40263E-008
    9745  0.40467E-008
    9746  0.40677E-008
    9747  0.40892E-008
    9748  0.41113E-008
    9749  0.41338E-008
    9750  0.41568E-008
    9751  0.41801E-008
    9752  0.42039E-008
    9753  0.42279E-008
    9754  0.42523E-008
    9755  0.42770E-008
    9756  0.43019E-008
    9757  0.43270E-008
    9758  0.43523E-008
    9759  0.43778E-008
    9760  0.44034E-008
    9761  0.37510E-008
    9762  0.37515E-008
    9763  0.37524E-008
    9764  0.37536E-008
    9765  0.37552E-008
    9766  0.37572E-008
    9767  0.37595E-008
    9768  0.37621E-008
    9769  0.37651E-008
    9770  0.37684E-008
    9771  0.37720E-008
    9772  0.37760E-008
    9773  0.37803E-008
    9774  0.37849E-008
    9775  0.37899E-008
    9776  0.37951E-008
    9777  0.38007E-008
    9778  0.38065E-008
    9779  0.38126E-008
    9780  0.38190E-008
    9781  0.38257E-008
    9782  0.38327E-008
    9783  0.38399E-008
    9784  0.38474E-008
    9785  0.38551E-008
    9786  0.38631E-008
    9787  0.38713E-008
    9788  0.38798E-008
    9789  0.38884E-008
    9790  0.38973E-008
    9791  0.39064E-008
    9792  0.39157E-008
    9793  0.39252E-008
    9794  0.39349E-008
    9795  0.39448E-008
    9796  0.39549E-008
    9797  0.39651E-008
    9798  0.39756E-008
    9799  0.39861E-008
    9800  0.39969E-008
    9801  0.40077E-008
    9802  0.40188E-008
    9803  0.40299E-008
    9804  0.40412E-008
    9805  0.40527E-008
    9806  0.40642E-008
    9807  0.40759E-008
    9808  0.40877E-008
    9809  0.40996E-008
    9810  0.41116E-008
    9811  0.41237E-008
    9812  0.41358E-008
    9813  0.41481E-008
    9814  0.41605E-008
    9815  0.41729E-008
    9816  0.41855E-008
    9817  0.41981E-008
    9818  0.42107E-008
    9819  0.42235E-008
    9820  0.42363E-008
    9821  0.42491E-008
    9822  0.42620E-008
    9823  0.42750E-008
    9824  0.42880E-008
    9825  0.43010E-008
    9826  0.43141E-008
    9827  0.43273E-008
    9828  0.43404E-008
    9829  0.43536E-008
    9830  0.43668E-008
    9831  0.43801E-008
    9832  0.36875E-008
    9833  0.36898E-008
    9834  0.36936E-008
    9835  0.36989E-008
    9836  0.37056E-008
    9837  0.37137E-008
    9838  0.37231E-008
    9839  0.37339E-008
    9840  0.37460E-008
    9841  0.37593E-008
    9842  0.37737E-008
    9843  0.37893E-008
    9844  0.38058E-008
    9845  0.38234E-008
    9846  0.38419E-008
    9847  0.38612E-008
    9848  0.38814E-008
    9849  0.39023E-008
    9850  0.39240E-008
    9851  0.39463E-008
    9852  0.39692E-008
    9853  0.39926E-008
    9854  0.40166E-008
    9855  0.40410E-008
    9856  0.40659E-008
    9857  0.40912E-008
    9858  0.41168E-008
    9859  0.41427E-008
    9860  0.41689E-008
    9861  0.41953E-008
    9862  0.42220E-008
    9863  0.42488E-008
    9864  0.42758E-008
    9865  0.43030E-008
    9866  0.43302E-008
    9867  0.36212E-008
    9868  0.36218E-008
    9869  0.36228E-008
    9870  0.36242E-008
    9871  0.36260E-008
    9872  0.36282E-008
    9873  0.36309E-008
    9874  0.36339E-008
    9875  0.36372E-008
    9876  0.36410E-008
    9877  0.36451E-008
    9878  0.36497E-008
    9879  0.36545E-008
    9880  0.36597E-008
    9881  0.36653E-008
    9882  0.36712E-008
    9883  0.36775E-008
    9884  0.36841E-008
    9885  0.36909E-008
    9886  0.36981E-008
    9887  0.37056E-008
    9888  0.37134E-008
    9889  0.37215E-008
    9890  0.37299E-008
    9891  0.37385E-008
    9892  0.37474E-008
    9893  0.37565E-008
    9894  0.37659E-008
    9895  0.37755E-008
    9896  0.37854E-008
    9897  0.37955E-008
    9898  0.38058E-008
    9899  0.38163E-008
    9900  0.38270E-008
    9901  0.38379E-008
    9902  0.38489E-008
    9903  0.38602E-008
    9904  0.38716E-008
    9905  0.38832E-008
    9906  0.38950E-008
    9907  0.39069E-008
    9908  0.39189E-008
    9909  0.39311E-008
    9910  0.39434E-008
    9911  0.39559E-008
    9912  0.39684E-008
    9913  0.39811E-008
    9914  0.39939E-008
    9915  0.40068E-008
    9916  0.40198E-008
    9917  0.40329E-008
    9918  0.40461E-008
    9919  0.40593E-008
    9920  0.40727E-008
    9921  0.40861E-008
    9922  0.40996E-008
    9923  0.41131E-008
    9924  0.41267E-008
    9925  0.41404E-008
    9926  0.41541E-008
    9927  0.41679E-008
    9928  0.41817E-008
    9929  0.41956E-008
    9930  0.42095E-008
    9931  0.42234E-008
    9932  0.42374E-008
    9933  0.42514E-008
    9934  0.42654E-008
    9935  0.42794E-008
    9936  0.42935E-008
    9937  0.43076E-008
    9938  0.35541E-008
    9939  0.35567E-008
    9940  0.35610E-008
    9941  0.35670E-008
    9942  0.35747E-008
    9943  0.35839E-008
    9944  0.35947E-008
    9945  0.36069E-008
    9946  0.36206E-008
    9947  0.36355E-008
    9948  0.36518E-008
    9949  0.36692E-008
    9950  0.36877E-008
    9951  0.37073E-008
    9952  0.37278E-008
    9953  0.37493E-008
    9954  0.37716E-008
    9955  0.37947E-008
    9956  0.38185E-008
    9957  0.38429E-008
    9958  0.38680E-008
    9959  0.38936E-008
    9960  0.39197E-008
    9961  0.39463E-008
    9962  0.39733E-008
    9963  0.40006E-008
    9964  0.40282E-008
    9965  0.40561E-008
    9966  0.40843E-008
    9967  0.41127E-008
    9968  0.41413E-008
    9969  0.41700E-008
    9970  0.41988E-008
    9971  0.42277E-008
    9972  0.42567E-008
    9973  0.34836E-008
    9974  0.34843E-008
    9975  0.34855E-008
    9976  0.34871E-008
    9977  0.34892E-008
    9978  0.34917E-008
    9979  0.34947E-008
    9980  0.34982E-008
    9981  0.35021E-008
    9982  0.35064E-008
    9983  0.35111E-008
    9984  0.35163E-008
    9985  0.35218E-008
    9986  0.35278E-008
    9987  0.35342E-008
    9988  0.35409E-008
    9989  0.35480E-008
    9990  0.35554E-008
    9991  0.35632E-008
    9992  0.35714E-008
    9993  0.35798E-008
    9994  0.35886E-008
    9995  0.35977E-008
    9996  0.36071E-008
    9997  0.36168E-008
    9998  0.36268E-008
    9999  0.36370E-008
   10000  0.36475E-008
   10001  0.36582E-008
   10002  0.36692E-008
   10003  0.36804E-008
   10004  0.36918E-008
   10005  0.37035E-008
   10006  0.37153E-008
   10007  0.37273E-008
   10008  0.37396E-008
   10009  0.37520E-008
   10010  0.37646E-008
   10011  0.37773E-008
   10012  0.37902E-008
   10013  0.38033E-008
   10014  0.38164E-008
   10015  0.38298E-008
   10016  0.38432E-008
   10017  0.38568E-008
   10018  0.38705E-008
   10019  0.38843E-008
   10020  0.38982E-008
   10021  0.39122E-008
   10022  0.39263E-008
   10023  0.39405E-008
   10024  0.39547E-008
   10025  0.39691E-008
   10026  0.39835E-008
   10027  0.39979E-008
   10028  0.40125E-008
   10029  0.40271E-008
   10030  0.40417E-008
   10031  0.40564E-008
   10032  0.40711E-008
   10033  0.40859E-008
   10034  0.41007E-008
   10035  0.41155E-008
   10036  0.41304E-008
   10037  0.41453E-008
   10038  0.41602E-008
   10039  0.41751E-008
   10040  0.41900E-008
   10041  0.42050E-008
   10042  0.42200E-008
   10043  0.42349E-008
   10044  0.34123E-008
   10045  0.34153E-008
   10046  0.34203E-008
   10047  0.34273E-008
   10048  0.34361E-008
   10049  0.34467E-008
   10050  0.34591E-008
   10051  0.34731E-008
   10052  0.34886E-008
   10053  0.35056E-008
   10054  0.35240E-008
   10055  0.35437E-008
   10056  0.35645E-008
   10057  0.35864E-008
   10058  0.36094E-008
   10059  0.36333E-008
   10060  0.36580E-008
   10061  0.36836E-008
   10062  0.37098E-008
   10063  0.37367E-008
   10064  0.37642E-008
   10065  0.37923E-008
   10066  0.38208E-008
   10067  0.38497E-008
   10068  0.38789E-008
   10069  0.39085E-008
   10070  0.39384E-008
   10071  0.39685E-008
   10072  0.39989E-008
   10073  0.40293E-008
   10074  0.40600E-008
   10075  0.40907E-008
   10076  0.41215E-008
   10077  0.41523E-008
   10078  0.41832E-008
   10079  0.33372E-008
   10080  0.33380E-008
   10081  0.33393E-008
   10082  0.33412E-008
   10083  0.33437E-008
   10084  0.33466E-008
   10085  0.33501E-008
   10086  0.33541E-008
   10087  0.33587E-008
   10088  0.33637E-008
   10089  0.33691E-008
   10090  0.33751E-008
   10091  0.33815E-008
   10092  0.33884E-008
   10093  0.33957E-008
   10094  0.34034E-008
   10095  0.34115E-008
   10096  0.34201E-008
   10097  0.34290E-008
   10098  0.34382E-008
   10099  0.34479E-008
   10100  0.34578E-008
   10101  0.34681E-008
   10102  0.34788E-008
   10103  0.34897E-008
   10104  0.35009E-008
   10105  0.35124E-008
   10106  0.35242E-008
   10107  0.35362E-008
   10108  0.35485E-008
   10109  0.35610E-008
   10110  0.35737E-008
   10111  0.35867E-008
   10112  0.35998E-008
   10113  0.36132E-008
   10114  0.36267E-008
   10115  0.36405E-008
   10116  0.36543E-008
   10117  0.36684E-008
   10118  0.36826E-008
   10119  0.36969E-008
   10120  0.37114E-008
   10121  0.37260E-008
   10122  0.37407E-008
   10123  0.37556E-008
   10124  0.37705E-008
   10125  0.37856E-008
   10126  0.38007E-008
   10127  0.38159E-008
   10128  0.38312E-008
   10129  0.38466E-008
   10130  0.38620E-008
   10131  0.38776E-008
   10132  0.38931E-008
   10133  0.39087E-008
   10134  0.39244E-008
   10135  0.39401E-008
   10136  0.39559E-008
   10137  0.39716E-008
   10138  0.39875E-008
   10139  0.40033E-008
   10140  0.40192E-008
   10141  0.40350E-008
   10142  0.40509E-008
   10143  0.40668E-008
   10144  0.40827E-008
   10145  0.40987E-008
   10146  0.41146E-008
   10147  0.41305E-008
   10148  0.41464E-008
   10149  0.41623E-008
   10150  0.32611E-008
   10151  0.32647E-008
   10152  0.32706E-008
   10153  0.32787E-008
   10154  0.32890E-008
   10155  0.33013E-008
   10156  0.33156E-008
   10157  0.33318E-008
   10158  0.33497E-008
   10159  0.33691E-008
   10160  0.33901E-008
   10161  0.34124E-008
   10162  0.34360E-008
   10163  0.34607E-008
   10164  0.34864E-008
   10165  0.35131E-008
   10166  0.35407E-008
   10167  0.35690E-008
   10168  0.35981E-008
   10169  0.36278E-008
   10170  0.36580E-008
   10171  0.36887E-008
   10172  0.37198E-008
   10173  0.37513E-008
   10174  0.37832E-008
   10175  0.38153E-008
   10176  0.38476E-008
   10177  0.38801E-008
   10178  0.39127E-008
   10179  0.39455E-008
   10180  0.39783E-008
   10181  0.40112E-008
   10182  0.40440E-008
   10183  0.40769E-008
   10184  0.41097E-008
   10185  0.31807E-008
   10186  0.31817E-008
   10187  0.31833E-008
   10188  0.31855E-008
   10189  0.31884E-008
   10190  0.31919E-008
   10191  0.31960E-008
   10192  0.32007E-008
   10193  0.32060E-008
   10194  0.32119E-008
   10195  0.32183E-008
   10196  0.32253E-008
   10197  0.32327E-008
   10198  0.32407E-008
   10199  0.32492E-008
   10200  0.32581E-008
   10201  0.32675E-008
   10202  0.32774E-008
   10203  0.32876E-008
   10204  0.32983E-008
   10205  0.33093E-008
   10206  0.33207E-008
   10207  0.33324E-008
   10208  0.33445E-008
   10209  0.33569E-008
   10210  0.33696E-008
   10211  0.33826E-008
   10212  0.33959E-008
   10213  0.34094E-008
   10214  0.34232E-008
   10215  0.34372E-008
   10216  0.34515E-008
   10217  0.34659E-008
   10218  0.34806E-008
   10219  0.34955E-008
   10220  0.35105E-008
   10221  0.35257E-008
   10222  0.35411E-008
   10223  0.35566E-008
   10224  0.35723E-008
   10225  0.35881E-008
   10226  0.36040E-008
   10227  0.36200E-008
   10228  0.36362E-008
   10229  0.36524E-008
   10230  0.36687E-008
   10231  0.36851E-008
   10232  0.37016E-008
   10233  0.37182E-008
   10234  0.37348E-008
   10235  0.37515E-008
   10236  0.37683E-008
   10237  0.37850E-008
   10238  0.38019E-008
   10239  0.38187E-008
   10240  0.38356E-008
   10241  0.38526E-008
   10242  0.38695E-008
   10243  0.38865E-008
   10244  0.39034E-008
   10245  0.39204E-008
   10246  0.39374E-008
   10247  0.39544E-008
   10248  0.39714E-008
   10249  0.39884E-008
   10250  0.40054E-008
   10251  0.40223E-008
   10252  0.40393E-008
   10253  0.40562E-008
   10254  0.40731E-008
   10255  0.40900E-008
   10256  0.30994E-008
   10257  0.31036E-008
   10258  0.31106E-008
   10259  0.31202E-008
   10260  0.31323E-008
   10261  0.31468E-008
   10262  0.31636E-008
   10263  0.31824E-008
   10264  0.32031E-008
   10265  0.32256E-008
   10266  0.32496E-008
   10267  0.32751E-008
   10268  0.33019E-008
   10269  0.33298E-008
   10270  0.33588E-008
   10271  0.33888E-008
   10272  0.34196E-008
   10273  0.34512E-008
   10274  0.34834E-008
   10275  0.35162E-008
   10276  0.35494E-008
   10277  0.35831E-008
   10278  0.36172E-008
   10279  0.36516E-008
   10280  0.36862E-008
   10281  0.37210E-008
   10282  0.37560E-008
   10283  0.37911E-008
   10284  0.38262E-008
   10285  0.38614E-008
   10286  0.38966E-008
   10287  0.39317E-008
   10288  0.39668E-008
   10289  0.40018E-008
   10290  0.40367E-008
   10291  0.30130E-008
   10292  0.30141E-008
   10293  0.30161E-008
   10294  0.30187E-008
   10295  0.30222E-008
   10296  0.30263E-008
   10297  0.30312E-008
   10298  0.30368E-008
   10299  0.30431E-008
   10300  0.30501E-008
   10301  0.30577E-008
   10302  0.30659E-008
   10303  0.30747E-008
   10304  0.30840E-008
   10305  0.30940E-008
   10306  0.31044E-008
   10307  0.31154E-008
   10308  0.31268E-008
   10309  0.31387E-008
   10310  0.31510E-008
   10311  0.31637E-008
   10312  0.31768E-008
   10313  0.31903E-008
   10314  0.32041E-008
   10315  0.32182E-008
   10316  0.32327E-008
   10317  0.32475E-008
   10318  0.32625E-008
   10319  0.32778E-008
   10320  0.32933E-008
   10321  0.33091E-008
   10322  0.33251E-008
   10323  0.33413E-008
   10324  0.33577E-008
   10325  0.33743E-008
   10326  0.33910E-008
   10327  0.34079E-008
   10328  0.34250E-008
   10329  0.34422E-008
   10330  0.34595E-008
   10331  0.34769E-008
   10332  0.34944E-008
   10333  0.35120E-008
   10334  0.35297E-008
   10335  0.35475E-008
   10336  0.35654E-008
   10337  0.35833E-008
   10338  0.36013E-008
   10339  0.36193E-008
   10340  0.36374E-008
   10341  0.36555E-008
   10342  0.36737E-008
   10343  0.36918E-008
   10344  0.37100E-008
   10345  0.37282E-008
   10346  0.37465E-008
   10347  0.37647E-008
   10348  0.37829E-008
   10349  0.38012E-008
   10350  0.38194E-008
   10351  0.38376E-008
   10352  0.38558E-008
   10353  0.38740E-008
   10354  0.38921E-008
   10355  0.39103E-008
   10356  0.39284E-008
   10357  0.39464E-008
   10358  0.39645E-008
   10359  0.39825E-008
   10360  0.40005E-008
   10361  0.40184E-008
   10362  0.29257E-008
   10363  0.29308E-008
   10364  0.29391E-008
   10365  0.29506E-008
   10366  0.29651E-008
   10367  0.29823E-008
   10368  0.30021E-008
   10369  0.30242E-008
   10370  0.30484E-008
   10371  0.30745E-008
   10372  0.31023E-008
   10373  0.31315E-008
   10374  0.31621E-008
   10375  0.31939E-008
   10376  0.32267E-008
   10377  0.32604E-008
   10378  0.32950E-008
   10379  0.33302E-008
   10380  0.33659E-008
   10381  0.34022E-008
   10382  0.34389E-008
   10383  0.34759E-008
   10384  0.35132E-008
   10385  0.35508E-008
   10386  0.35884E-008
   10387  0.36262E-008
   10388  0.36640E-008
   10389  0.37019E-008
   10390  0.37397E-008
   10391  0.37775E-008
   10392  0.38151E-008
   10393  0.38527E-008
   10394  0.38901E-008
   10395  0.39274E-008
   10396  0.39645E-008
   10397  0.28326E-008
   10398  0.28340E-008
   10399  0.28363E-008
   10400  0.28396E-008
   10401  0.28437E-008
   10402  0.28487E-008
   10403  0.28546E-008
   10404  0.28614E-008
   10405  0.28689E-008
   10406  0.28772E-008
   10407  0.28863E-008
   10408  0.28960E-008
   10409  0.29065E-008
   10410  0.29176E-008
   10411  0.29293E-008
   10412  0.29416E-008
   10413  0.29545E-008
   10414  0.29679E-008
   10415  0.29817E-008
   10416  0.29961E-008
   10417  0.30108E-008
   10418  0.30260E-008
   10419  0.30415E-008
   10420  0.30574E-008
   10421  0.30736E-008
   10422  0.30902E-008
   10423  0.31070E-008
   10424  0.31241E-008
   10425  0.31414E-008
   10426  0.31590E-008
   10427  0.31768E-008
   10428  0.31948E-008
   10429  0.32130E-008
   10430  0.32314E-008
   10431  0.32499E-008
   10432  0.32686E-008
   10433  0.32874E-008
   10434  0.33063E-008
   10435  0.33254E-008
   10436  0.33445E-008
   10437  0.33637E-008
   10438  0.33830E-008
   10439  0.34024E-008
   10440  0.34218E-008
   10441  0.34413E-008
   10442  0.34609E-008
   10443  0.34805E-008
   10444  0.35001E-008
   10445  0.35197E-008
   10446  0.35394E-008
   10447  0.35590E-008
   10448  0.35787E-008
   10449  0.35984E-008
   10450  0.36180E-008
   10451  0.36377E-008
   10452  0.36573E-008
   10453  0.36770E-008
   10454  0.36966E-008
   10455  0.37161E-008
   10456  0.37357E-008
   10457  0.37552E-008
   10458  0.37747E-008
   10459  0.37941E-008
   10460  0.38135E-008
   10461  0.38328E-008
   10462  0.38521E-008
   10463  0.38713E-008
   10464  0.38905E-008
   10465  0.39097E-008
   10466  0.39287E-008
   10467  0.39477E-008
   10468  0.27388E-008
   10469  0.27450E-008
   10470  0.27551E-008
   10471  0.27690E-008
   10472  0.27864E-008
   10473  0.28070E-008
   10474  0.28305E-008
   10475  0.28567E-008
   10476  0.28852E-008
   10477  0.29157E-008
   10478  0.29479E-008
   10479  0.29817E-008
   10480  0.30168E-008
   10481  0.30531E-008
   10482  0.30903E-008
   10483  0.31283E-008
   10484  0.31671E-008
   10485  0.32064E-008
   10486  0.32462E-008
   10487  0.32864E-008
   10488  0.33268E-008
   10489  0.33675E-008
   10490  0.34084E-008
   10491  0.34493E-008
   10492  0.34903E-008
   10493  0.35312E-008
   10494  0.35721E-008
   10495  0.36129E-008
   10496  0.36536E-008
   10497  0.36941E-008
   10498  0.37344E-008
   10499  0.37745E-008
   10500  0.38144E-008
   10501  0.38540E-008
   10502  0.38933E-008
   10503  0.26383E-008
   10504  0.26401E-008
   10505  0.26429E-008
   10506  0.26469E-008
   10507  0.26519E-008
   10508  0.26580E-008
   10509  0.26652E-008
   10510  0.26733E-008
   10511  0.26824E-008
   10512  0.26925E-008
   10513  0.27034E-008
   10514  0.27151E-008
   10515  0.27276E-008
   10516  0.27409E-008
   10517  0.27548E-008
   10518  0.27694E-008
   10519  0.27846E-008
   10520  0.28003E-008
   10521  0.28166E-008
   10522  0.28334E-008
   10523  0.28506E-008
   10524  0.28682E-008
   10525  0.28862E-008
   10526  0.29045E-008
   10527  0.29232E-008
   10528  0.29422E-008
   10529  0.29614E-008
   10530  0.29809E-008
   10531  0.30006E-008
   10532  0.30206E-008
   10533  0.30407E-008
   10534  0.30610E-008
   10535  0.30815E-008
   10536  0.31021E-008
   10537  0.31228E-008
   10538  0.31436E-008
   10539  0.31646E-008
   10540  0.31856E-008
   10541  0.32067E-008
   10542  0.32279E-008
   10543  0.32491E-008
   10544  0.32704E-008
   10545  0.32917E-008
   10546  0.33130E-008
   10547  0.33344E-008
   10548  0.33558E-008
   10549  0.33771E-008
   10550  0.33985E-008
   10551  0.34199E-008
   10552  0.34412E-008
   10553  0.34626E-008
   10554  0.34839E-008
   10555  0.35051E-008
   10556  0.35264E-008
   10557  0.35476E-008
   10558  0.35687E-008
   10559  0.35898E-008
   10560  0.36109E-008
   10561  0.36319E-008
   10562  0.36528E-008
   10563  0.36737E-008
   10564  0.36945E-008
   10565  0.37152E-008
   10566  0.37359E-008
   10567  0.37565E-008
   10568  0.37770E-008
   10569  0.37975E-008
   10570  0.38179E-008
   10571  0.38381E-008
   10572  0.38583E-008
   10573  0.38785E-008
   10574  0.25376E-008
   10575  0.25451E-008
   10576  0.25575E-008
   10577  0.25744E-008
   10578  0.25954E-008
   10579  0.26203E-008
   10580  0.26485E-008
   10581  0.26797E-008
   10582  0.27133E-008
   10583  0.27491E-008
   10584  0.27867E-008
   10585  0.28259E-008
   10586  0.28662E-008
   10587  0.29077E-008
   10588  0.29500E-008
   10589  0.29929E-008
   10590  0.30365E-008
   10591  0.30804E-008
   10592  0.31247E-008
   10593  0.31692E-008
   10594  0.32138E-008
   10595  0.32585E-008
   10596  0.33032E-008
   10597  0.33478E-008
   10598  0.33923E-008
   10599  0.34367E-008
   10600  0.34809E-008
   10601  0.35248E-008
   10602  0.35685E-008
   10603  0.36119E-008
   10604  0.36549E-008
   10605  0.36977E-008
   10606  0.37401E-008
   10607  0.37821E-008
   10608  0.38238E-008
   10609  0.24293E-008
   10610  0.24314E-008
   10611  0.24349E-008
   10612  0.24397E-008
   10613  0.24459E-008
   10614  0.24534E-008
   10615  0.24621E-008
   10616  0.24720E-008
   10617  0.24831E-008
   10618  0.24953E-008
   10619  0.25085E-008
   10620  0.25226E-008
   10621  0.25377E-008
   10622  0.25535E-008
   10623  0.25702E-008
   10624  0.25876E-008
   10625  0.26056E-008
   10626  0.26242E-008
   10627  0.26434E-008
   10628  0.26630E-008
   10629  0.26832E-008
   10630  0.27037E-008
   10631  0.27246E-008
   10632  0.27458E-008
   10633  0.27674E-008
   10634  0.27892E-008
   10635  0.28112E-008
   10636  0.28335E-008
   10637  0.28559E-008
   10638  0.28786E-008
   10639  0.29013E-008
   10640  0.29242E-008
   10641  0.29473E-008
   10642  0.29704E-008
   10643  0.29936E-008
   10644  0.30168E-008
   10645  0.30402E-008
   10646  0.30635E-008
   10647  0.30869E-008
   10648  0.31103E-008
   10649  0.31337E-008
   10650  0.31572E-008
   10651  0.31806E-008
   10652  0.32040E-008
   10653  0.32274E-008
   10654  0.32507E-008
   10655  0.32740E-008
   10656  0.32973E-008
   10657  0.33205E-008
   10658  0.33437E-008
   10659  0.33668E-008
   10660  0.33898E-008
   10661  0.34128E-008
   10662  0.34357E-008
   10663  0.34585E-008
   10664  0.34813E-008
   10665  0.35039E-008
   10666  0.35265E-008
   10667  0.35490E-008
   10668  0.35714E-008
   10669  0.35937E-008
   10670  0.36158E-008
   10671  0.36380E-008
   10672  0.36600E-008
   10673  0.36818E-008
   10674  0.37036E-008
   10675  0.37253E-008
   10676  0.37469E-008
   10677  0.37684E-008
   10678  0.37898E-008
   10679  0.38110E-008
   10680  0.23214E-008
   10681  0.23306E-008
   10682  0.23457E-008
   10683  0.23664E-008
   10684  0.23920E-008
   10685  0.24221E-008
   10686  0.24560E-008
   10687  0.24932E-008
   10688  0.25331E-008
   10689  0.25752E-008
   10690  0.26191E-008
   10691  0.26645E-008
   10692  0.27110E-008
   10693  0.27584E-008
   10694  0.28065E-008
   10695  0.28550E-008
   10696  0.29039E-008
   10697  0.29530E-008
   10698  0.30022E-008
   10699  0.30515E-008
   10700  0.31006E-008
   10701  0.31496E-008
   10702  0.31985E-008
   10703  0.32471E-008
   10704  0.32954E-008
   10705  0.33433E-008
   10706  0.33909E-008
   10707  0.34382E-008
   10708  0.34850E-008
   10709  0.35313E-008
   10710  0.35773E-008
   10711  0.36228E-008
   10712  0.36678E-008
   10713  0.37123E-008
   10714  0.37563E-008
   10715  0.22050E-008
   10716  0.22076E-008
   10717  0.22119E-008
   10718  0.22178E-008
   10719  0.22254E-008
   10720  0.22346E-008
   10721  0.22453E-008
   10722  0.22574E-008
   10723  0.22709E-008
   10724  0.22857E-008
   10725  0.23017E-008
   10726  0.23187E-008
   10727  0.23369E-008
   10728  0.23559E-008
   10729  0.23759E-008
   10730  0.23966E-008
   10731  0.24180E-008
   10732  0.24400E-008
   10733  0.24626E-008
   10734  0.24857E-008
   10735  0.25093E-008
   10736  0.25332E-008
   10737  0.25575E-008
   10738  0.25821E-008
   10739  0.26070E-008
   10740  0.26320E-008
   10741  0.26573E-008
   10742  0.26827E-008
   10743  0.27082E-008
   10744  0.27339E-008
   10745  0.27597E-008
   10746  0.27855E-008
   10747  0.28114E-008
   10748  0.28373E-008
   10749  0.28632E-008
   10750  0.28891E-008
   10751  0.29151E-008
   10752  0.29410E-008
   10753  0.29669E-008
   10754  0.29927E-008
   10755  0.30185E-008
   10756  0.30443E-008
   10757  0.30700E-008
   10758  0.30956E-008
   10759  0.31211E-008
   10760  0.31466E-008
   10761  0.31719E-008
   10762  0.31972E-008
   10763  0.32224E-008
   10764  0.32475E-008
   10765  0.32724E-008
   10766  0.32973E-008
   10767  0.33221E-008
   10768  0.33467E-008
   10769  0.33712E-008
   10770  0.33956E-008
   10771  0.34199E-008
   10772  0.34440E-008
   10773  0.34680E-008
   10774  0.34919E-008
   10775  0.35157E-008
   10776  0.35393E-008
   10777  0.35628E-008
   10778  0.35862E-008
   10779  0.36094E-008
   10780  0.36325E-008
   10781  0.36555E-008
   10782  0.36783E-008
   10783  0.37010E-008
   10784  0.37235E-008
   10785  0.37459E-008
   10786  0.20901E-008
   10787  0.21015E-008
   10788  0.21200E-008
   10789  0.21452E-008
   10790  0.21764E-008
   10791  0.22128E-008
   10792  0.22535E-008
   10793  0.22979E-008
   10794  0.23452E-008
   10795  0.23948E-008
   10796  0.24461E-008
   10797  0.24987E-008
   10798  0.25523E-008
   10799  0.26064E-008
   10800  0.26610E-008
   10801  0.27157E-008
   10802  0.27706E-008
   10803  0.28253E-008
   10804  0.28799E-008
   10805  0.29342E-008
   10806  0.29883E-008
   10807  0.30419E-008
   10808  0.30951E-008
   10809  0.31479E-008
   10810  0.32002E-008
   10811  0.32519E-008
   10812  0.33031E-008
   10813  0.33537E-008
   10814  0.34037E-008
   10815  0.34532E-008
   10816  0.35021E-008
   10817  0.35503E-008
   10818  0.35980E-008
   10819  0.36450E-008
   10820  0.36914E-008
   10821  0.19661E-008
   10822  0.19692E-008
   10823  0.19745E-008
   10824  0.19818E-008
   10825  0.19911E-008
   10826  0.20023E-008
   10827  0.20154E-008
   10828  0.20301E-008
   10829  0.20465E-008
   10830  0.20644E-008
   10831  0.20838E-008
   10832  0.21044E-008
   10833  0.21262E-008
   10834  0.21490E-008
   10835  0.21728E-008
   10836  0.21975E-008
   10837  0.22229E-008
   10838  0.22489E-008
   10839  0.22756E-008
   10840  0.23027E-008
   10841  0.23302E-008
   10842  0.23581E-008
   10843  0.23862E-008
   10844  0.24147E-008
   10845  0.24433E-008
   10846  0.24720E-008
   10847  0.25009E-008
   10848  0.25299E-008
   10849  0.25589E-008
   10850  0.25879E-008
   10851  0.26170E-008
   10852  0.26460E-008
   10853  0.26750E-008
   10854  0.27040E-008
   10855  0.27329E-008
   10856  0.27618E-008
   10857  0.27905E-008
   10858  0.28192E-008
   10859  0.28478E-008
   10860  0.28762E-008
   10861  0.29046E-008
   10862  0.29328E-008
   10863  0.29609E-008
   10864  0.29888E-008
   10865  0.30167E-008
   10866  0.30443E-008
   10867  0.30719E-008
   10868  0.30992E-008
   10869  0.31265E-008
   10870  0.31535E-008
   10871  0.31805E-008
   10872  0.32072E-008
   10873  0.32338E-008
   10874  0.32602E-008
   10875  0.32865E-008
   10876  0.33126E-008
   10877  0.33385E-008
   10878  0.33643E-008
   10879  0.33898E-008
   10880  0.34153E-008
   10881  0.34405E-008
   10882  0.34656E-008
   10883  0.34905E-008
   10884  0.35152E-008
   10885  0.35398E-008
   10886  0.35642E-008
   10887  0.35884E-008
   10888  0.36125E-008
   10889  0.36364E-008
   10890  0.36601E-008
   10891  0.36837E-008
   10892  0.18451E-008
   10893  0.18590E-008
   10894  0.18816E-008
   10895  0.19123E-008
   10896  0.19500E-008
   10897  0.19938E-008
   10898  0.20427E-008
   10899  0.20955E-008
   10900  0.21514E-008
   10901  0.22096E-008
   10902  0.22693E-008
   10903  0.23301E-008
   10904  0.23915E-008
   10905  0.24532E-008
   10906  0.25150E-008
   10907  0.25765E-008
   10908  0.26378E-008
   10909  0.26987E-008
   10910  0.27590E-008
   10911  0.28188E-008
   10912  0.28780E-008
   10913  0.29365E-008
   10914  0.29943E-008
   10915  0.30514E-008
   10916  0.31078E-008
   10917  0.31634E-008
   10918  0.32182E-008
   10919  0.32723E-008
   10920  0.33256E-008
   10921  0.33782E-008
   10922  0.34300E-008
   10923  0.34810E-008
   10924  0.35313E-008
   10925  0.35809E-008
   10926  0.36297E-008
   10927  0.17143E-008
   10928  0.17182E-008
   10929  0.17246E-008
   10930  0.17335E-008
   10931  0.17448E-008
   10932  0.17584E-008
   10933  0.17743E-008
   10934  0.17921E-008
   10935  0.18120E-008
   10936  0.18336E-008
   10937  0.18568E-008
   10938  0.18815E-008
   10939  0.19076E-008
   10940  0.19348E-008
   10941  0.19631E-008
   10942  0.19923E-008
   10943  0.20223E-008
   10944  0.20530E-008
   10945  0.20842E-008
   10946  0.21158E-008
   10947  0.21479E-008
   10948  0.21802E-008
   10949  0.22127E-008
   10950  0.22454E-008
   10951  0.22782E-008
   10952  0.23111E-008
   10953  0.23439E-008
   10954  0.23768E-008
   10955  0.24096E-008
   10956  0.24424E-008
   10957  0.24750E-008
   10958  0.25075E-008
   10959  0.25399E-008
   10960  0.25722E-008
   10961  0.26043E-008
   10962  0.26362E-008
   10963  0.26680E-008
   10964  0.26996E-008
   10965  0.27310E-008
   10966  0.27622E-008
   10967  0.27932E-008
   10968  0.28240E-008
   10969  0.28546E-008
   10970  0.28850E-008
   10971  0.29152E-008
   10972  0.29452E-008
   10973  0.29750E-008
   10974  0.30045E-008
   10975  0.30338E-008
   10976  0.30629E-008
   10977  0.30918E-008
   10978  0.31205E-008
   10979  0.31490E-008
   10980  0.31772E-008
   10981  0.32052E-008
   10982  0.32330E-008
   10983  0.32606E-008
   10984  0.32880E-008
   10985  0.33152E-008
   10986  0.33421E-008
   10987  0.33689E-008
   10988  0.33954E-008
   10989  0.34217E-008
   10990  0.34478E-008
   10991  0.34737E-008
   10992  0.34994E-008
   10993  0.35249E-008
   10994  0.35502E-008
   10995  0.35753E-008
   10996  0.36002E-008
   10997  0.36249E-008
   10998  0.15889E-008
   10999  0.16058E-008
   11000  0.16332E-008
   11001  0.16701E-008
   11002  0.17155E-008
   11003  0.17679E-008
   11004  0.18260E-008
   11005  0.18884E-008
   11006  0.19540E-008
   11007  0.20218E-008
   11008  0.20910E-008
   11009  0.21609E-008
   11010  0.22310E-008
   11011  0.23009E-008
   11012  0.23704E-008
   11013  0.24393E-008
   11014  0.25074E-008
   11015  0.25747E-008
   11016  0.26412E-008
   11017  0.27066E-008
   11018  0.27712E-008
   11019  0.28347E-008
   11020  0.28972E-008
   11021  0.29587E-008
   11022  0.30193E-008
   11023  0.30788E-008
   11024  0.31373E-008
   11025  0.31949E-008
   11026  0.32515E-008
   11027  0.33071E-008
   11028  0.33619E-008
   11029  0.34157E-008
   11030  0.34686E-008
   11031  0.35206E-008
   11032  0.35717E-008
   11033  0.14534E-008
   11034  0.14580E-008
   11035  0.14658E-008
   11036  0.14765E-008
   11037  0.14901E-008
   11038  0.15065E-008
   11039  0.15255E-008
   11040  0.15469E-008
   11041  0.15706E-008
   11042  0.15964E-008
   11043  0.16241E-008
   11044  0.16535E-008
   11045  0.16844E-008
   11046  0.17166E-008
   11047  0.17499E-008
   11048  0.17842E-008
   11049  0.18193E-008
   11050  0.18551E-008
   11051  0.18914E-008
   11052  0.19281E-008
   11053  0.19651E-008
   11054  0.20023E-008
   11055  0.20396E-008
   11056  0.20770E-008
   11057  0.21143E-008
   11058  0.21516E-008
   11059  0.21888E-008
   11060  0.22259E-008
   11061  0.22627E-008
   11062  0.22994E-008
   11063  0.23359E-008
   11064  0.23721E-008
   11065  0.24081E-008
   11066  0.24438E-008
   11067  0.24793E-008
   11068  0.25144E-008
   11069  0.25493E-008
   11070  0.25840E-008
   11071  0.26183E-008
   11072  0.26523E-008
   11073  0.26861E-008
   11074  0.27195E-008
   11075  0.27527E-008
   11076  0.27856E-008
   11077  0.28182E-008
   11078  0.28505E-008
   11079  0.28825E-008
   11080  0.29142E-008
   11081  0.29457E-008
   11082  0.29768E-008
   11083  0.30077E-008
   11084  0.30383E-008
   11085  0.30687E-008
   11086  0.30987E-008
   11087  0.31285E-008
   11088  0.31580E-008
   11089  0.31872E-008
   11090  0.32162E-008
   11091  0.32449E-008
   11092  0.32734E-008
   11093  0.33016E-008
   11094  0.33295E-008
   11095  0.33572E-008
   11096  0.33847E-008
   11097  0.34119E-008
   11098  0.34388E-008
   11099  0.34656E-008
   11100  0.34921E-008
   11101  0.35183E-008
   11102  0.35444E-008
   11103  0.35702E-008
   11104  0.13261E-008
   11105  0.13463E-008
   11106  0.13790E-008
   11107  0.14231E-008
   11108  0.14770E-008
   11109  0.15389E-008
   11110  0.16073E-008
   11111  0.16803E-008
   11112  0.17567E-008
   11113  0.18350E-008
   11114  0.19144E-008
   11115  0.19941E-008
   11116  0.20734E-008
   11117  0.21521E-008
   11118  0.22298E-008
   11119  0.23063E-008
   11120  0.23816E-008
   11121  0.24556E-008
   11122  0.25282E-008
   11123  0.25995E-008
   11124  0.26694E-008
   11125  0.27380E-008
   11126  0.28053E-008
   11127  0.28712E-008
   11128  0.29359E-008
   11129  0.29993E-008
   11130  0.30615E-008
   11131  0.31224E-008
   11132  0.31823E-008
   11133  0.32409E-008
   11134  0.32985E-008
   11135  0.33549E-008
   11136  0.34104E-008
   11137  0.34647E-008
   11138  0.35181E-008
   11139  0.11887E-008
   11140  0.11942E-008
   11141  0.12034E-008
   11142  0.12162E-008
   11143  0.12323E-008
   11144  0.12517E-008
   11145  0.12742E-008
   11146  0.12996E-008
   11147  0.13276E-008
   11148  0.13580E-008
   11149  0.13905E-008
   11150  0.14250E-008
   11151  0.14612E-008
   11152  0.14988E-008
   11153  0.15376E-008
   11154  0.15774E-008
   11155  0.16181E-008
   11156  0.16594E-008
   11157  0.17012E-008
   11158  0.17433E-008
   11159  0.17856E-008
   11160  0.18280E-008
   11161  0.18704E-008
   11162  0.19127E-008
   11163  0.19548E-008
   11164  0.19968E-008
   11165  0.20385E-008
   11166  0.20800E-008
   11167  0.21211E-008
   11168  0.21618E-008
   11169  0.22022E-008
   11170  0.22423E-008
   11171  0.22819E-008
   11172  0.23212E-008
   11173  0.23600E-008
   11174  0.23985E-008
   11175  0.24366E-008
   11176  0.24742E-008
   11177  0.25115E-008
   11178  0.25484E-008
   11179  0.25849E-008
   11180  0.26210E-008
   11181  0.26568E-008
   11182  0.26921E-008
   11183  0.27271E-008
   11184  0.27617E-008
   11185  0.27960E-008
   11186  0.28298E-008
   11187  0.28634E-008
   11188  0.28965E-008
   11189  0.29293E-008
   11190  0.29618E-008
   11191  0.29940E-008
   11192  0.30258E-008
   11193  0.30573E-008
   11194  0.30884E-008
   11195  0.31193E-008
   11196  0.31498E-008
   11197  0.31800E-008
   11198  0.32099E-008
   11199  0.32395E-008
   11200  0.32688E-008
   11201  0.32978E-008
   11202  0.33266E-008
   11203  0.33550E-008
   11204  0.33832E-008
   11205  0.34111E-008
   11206  0.34387E-008
   11207  0.34661E-008
   11208  0.34932E-008
   11209  0.35200E-008
   11210  0.10632E-008
   11211  0.10870E-008
   11212  0.11255E-008
   11213  0.11772E-008
   11214  0.12403E-008
   11215  0.13125E-008
   11216  0.13919E-008
   11217  0.14762E-008
   11218  0.15639E-008
   11219  0.16534E-008
   11220  0.17435E-008
   11221  0.18333E-008
   11222  0.19223E-008
   11223  0.20099E-008
   11224  0.20960E-008
   11225  0.21803E-008
   11226  0.22628E-008
   11227  0.23435E-008
   11228  0.24223E-008
   11229  0.24993E-008
   11230  0.25746E-008
   11231  0.26481E-008
   11232  0.27200E-008
   11233  0.27903E-008
   11234  0.28589E-008
   11235  0.29261E-008
   11236  0.29918E-008
   11237  0.30560E-008
   11238  0.31189E-008
   11239  0.31804E-008
   11240  0.32406E-008
   11241  0.32996E-008
   11242  0.33574E-008
   11243  0.34140E-008
   11244  0.34695E-008
   11245  0.92784E-009
   11246  0.93432E-009
   11247  0.94508E-009
   11248  0.95994E-009
   11249  0.97881E-009
   11250  0.10014E-008
   11251  0.10276E-008
   11252  0.10571E-008
   11253  0.10896E-008
   11254  0.11249E-008
   11255  0.11626E-008
   11256  0.12024E-008
   11257  0.12441E-008
   11258  0.12873E-008
   11259  0.13319E-008
   11260  0.13775E-008
   11261  0.14239E-008
   11262  0.14709E-008
   11263  0.15184E-008
   11264  0.15661E-008
   11265  0.16138E-008
   11266  0.16616E-008
   11267  0.17092E-008
   11268  0.17565E-008
   11269  0.18036E-008
   11270  0.18503E-008
   11271  0.18966E-008
   11272  0.19424E-008
   11273  0.19878E-008
   11274  0.20326E-008
   11275  0.20770E-008
   11276  0.21208E-008
   11277  0.21641E-008
   11278  0.22069E-008
   11279  0.22491E-008
   11280  0.22908E-008
   11281  0.23320E-008
   11282  0.23727E-008
   11283  0.24128E-008
   11284  0.24525E-008
   11285  0.24917E-008
   11286  0.25304E-008
   11287  0.25686E-008
   11288  0.26063E-008
   11289  0.26436E-008
   11290  0.26804E-008
   11291  0.27168E-008
   11292  0.27527E-008
   11293  0.27882E-008
   11294  0.28233E-008
   11295  0.28580E-008
   11296  0.28922E-008
   11297  0.29261E-008
   11298  0.29596E-008
   11299  0.29927E-008
   11300  0.30254E-008
   11301  0.30577E-008
   11302  0.30897E-008
   11303  0.31213E-008
   11304  0.31526E-008
   11305  0.31835E-008
   11306  0.32141E-008
   11307  0.32443E-008
   11308  0.32743E-008
   11309  0.33039E-008
   11310  0.33332E-008
   11311  0.33621E-008
   11312  0.33908E-008
   11313  0.34192E-008
   11314  0.34473E-008
   11315  0.34751E-008
   11316  0.80868E-009
   11317  0.83617E-009
   11318  0.88066E-009
   11319  0.94030E-009
   11320  0.10128E-008
   11321  0.10956E-008
   11322  0.11862E-008
   11323  0.12821E-008
   11324  0.13813E-008
   11325  0.14820E-008
   11326  0.15829E-008
   11327  0.16829E-008
   11328  0.17814E-008
   11329  0.18780E-008
   11330  0.19722E-008
   11331  0.20642E-008
   11332  0.21537E-008
   11333  0.22408E-008
   11334  0.23256E-008
   11335  0.24082E-008
   11336  0.24885E-008
   11337  0.25668E-008
   11338  0.26430E-008
   11339  0.27173E-008
   11340  0.27898E-008
   11341  0.28604E-008
   11342  0.29293E-008
   11343  0.29966E-008
   11344  0.30623E-008
   11345  0.31265E-008
   11346  0.31892E-008
   11347  0.32505E-008
   11348  0.33105E-008
   11349  0.33691E-008
   11350  0.34265E-008
   11351  0.68021E-009
   11352  0.68764E-009
   11353  0.69996E-009
   11354  0.71698E-009
   11355  0.73856E-009
   11356  0.76443E-009
   11357  0.79435E-009
   11358  0.82799E-009
   11359  0.86504E-009
   11360  0.90515E-009
   11361  0.94798E-009
   11362  0.99317E-009
   11363  0.10404E-008
   11364  0.10893E-008
   11365  0.11395E-008
   11366  0.11909E-008
   11367  0.12430E-008
   11368  0.12957E-008
   11369  0.13487E-008
   11370  0.14019E-008
   11371  0.14551E-008
   11372  0.15080E-008
   11373  0.15607E-008
   11374  0.16130E-008
   11375  0.16649E-008
   11376  0.17162E-008
   11377  0.17669E-008
   11378  0.18170E-008
   11379  0.18664E-008
   11380  0.19152E-008
   11381  0.19633E-008
   11382  0.20108E-008
   11383  0.20576E-008
   11384  0.21037E-008
   11385  0.21491E-008
   11386  0.21939E-008
   11387  0.22380E-008
   11388  0.22815E-008
   11389  0.23244E-008
   11390  0.23666E-008
   11391  0.24083E-008
   11392  0.24494E-008
   11393  0.24899E-008
   11394  0.25299E-008
   11395  0.25693E-008
   11396  0.26081E-008
   11397  0.26465E-008
   11398  0.26843E-008
   11399  0.27217E-008
   11400  0.27585E-008
   11401  0.27949E-008
   11402  0.28308E-008
   11403  0.28662E-008
   11404  0.29012E-008
   11405  0.29358E-008
   11406  0.29699E-008
   11407  0.30036E-008
   11408  0.30369E-008
   11409  0.30698E-008
   11410  0.31023E-008
   11411  0.31344E-008
   11412  0.31661E-008
   11413  0.31975E-008
   11414  0.32285E-008
   11415  0.32591E-008
   11416  0.32894E-008
   11417  0.33194E-008
   11418  0.33490E-008
   11419  0.33783E-008
   11420  0.34073E-008
   11421  0.34360E-008
   11422  0.57254E-009
   11423  0.60368E-009
   11424  0.65402E-009
   11425  0.72139E-009
   11426  0.80309E-009
   11427  0.89617E-009
   11428  0.99765E-009
   11429  0.11048E-008
   11430  0.12151E-008
   11431  0.13266E-008
   11432  0.14378E-008
   11433  0.15475E-008
   11434  0.16551E-008
   11435  0.17600E-008
   11436  0.18620E-008
   11437  0.19611E-008
   11438  0.20571E-008
   11439  0.21502E-008
   11440  0.22405E-008
   11441  0.23281E-008
   11442  0.24132E-008
   11443  0.24957E-008
   11444  0.25759E-008
   11445  0.26539E-008
   11446  0.27297E-008
   11447  0.28035E-008
   11448  0.28753E-008
   11449  0.29453E-008
   11450  0.30135E-008
   11451  0.30800E-008
   11452  0.31449E-008
   11453  0.32083E-008
   11454  0.32702E-008
   11455  0.33306E-008
   11456  0.33897E-008
   11457  0.45645E-009
   11458  0.46477E-009
   11459  0.47857E-009
   11460  0.49763E-009
   11461  0.52179E-009
   11462  0.55073E-009
   11463  0.58417E-009
   11464  0.62174E-009
   11465  0.66308E-009
   11466  0.70779E-009
   11467  0.75546E-009
   11468  0.80570E-009
   11469  0.85810E-009
   11470  0.91230E-009
   11471  0.96792E-009
   11472  0.10246E-008
   11473  0.10821E-008
   11474  0.11401E-008
   11475  0.11984E-008
   11476  0.12567E-008
   11477  0.13148E-008
   11478  0.13727E-008
   11479  0.14301E-008
   11480  0.14869E-008
   11481  0.15432E-008
   11482  0.15987E-008
   11483  0.16535E-008
   11484  0.17075E-008
   11485  0.17607E-008
   11486  0.18131E-008
   11487  0.18646E-008
   11488  0.19154E-008
   11489  0.19653E-008
   11490  0.20144E-008
   11491  0.20627E-008
   11492  0.21102E-008
   11493  0.21570E-008
   11494  0.22030E-008
   11495  0.22483E-008
   11496  0.22929E-008
   11497  0.23368E-008
   11498  0.23800E-008
   11499  0.24226E-008
   11500  0.24645E-008
   11501  0.25058E-008
   11502  0.25465E-008
   11503  0.25866E-008
   11504  0.26261E-008
   11505  0.26650E-008
   11506  0.27034E-008
   11507  0.27413E-008
   11508  0.27786E-008
   11509  0.28154E-008
   11510  0.28517E-008
   11511  0.28876E-008
   11512  0.29229E-008
   11513  0.29578E-008
   11514  0.29923E-008
   11515  0.30263E-008
   11516  0.30598E-008
   11517  0.30930E-008
   11518  0.31257E-008
   11519  0.31580E-008
   11520  0.31900E-008
   11521  0.32215E-008
   11522  0.32527E-008
   11523  0.32835E-008
   11524  0.33139E-008
   11525  0.33440E-008
   11526  0.33738E-008
   11527  0.34031E-008
   11528  0.36572E-009
   11529  0.40020E-009
   11530  0.45587E-009
   11531  0.53029E-009
   11532  0.62040E-009
   11533  0.72283E-009
   11534  0.83422E-009
   11535  0.95144E-009
   11536  0.10718E-008
   11537  0.11930E-008
   11538  0.13135E-008
   11539  0.14319E-008
   11540  0.15475E-008
   11541  0.16599E-008
   11542  0.17688E-008
   11543  0.18740E-008
   11544  0.19758E-008
   11545  0.20742E-008
   11546  0.21693E-008
   11547  0.22612E-008
   11548  0.23503E-008
   11549  0.24365E-008
   11550  0.25201E-008
   11551  0.26012E-008
   11552  0.26799E-008
   11553  0.27564E-008
   11554  0.28307E-008
   11555  0.29029E-008
   11556  0.29733E-008
   11557  0.30418E-008
   11558  0.31085E-008
   11559  0.31736E-008
   11560  0.32371E-008
   11561  0.32990E-008
   11562  0.33595E-008
   11563  0.26759E-009
   11564  0.27669E-009
   11565  0.29179E-009
   11566  0.31264E-009
   11567  0.33906E-009
   11568  0.37068E-009
   11569  0.40721E-009
   11570  0.44821E-009
   11571  0.49330E-009
   11572  0.54202E-009
   11573  0.59392E-009
   11574  0.64857E-009
   11575  0.70550E-009
   11576  0.76432E-009
   11577  0.82459E-009
   11578  0.88599E-009
   11579  0.94812E-009
   11580  0.10107E-008
   11581  0.10735E-008
   11582  0.11362E-008
   11583  0.11987E-008
   11584  0.12607E-008
   11585  0.13222E-008
   11586  0.13829E-008
   11587  0.14429E-008
   11588  0.15021E-008
   11589  0.15603E-008
   11590  0.16177E-008
   11591  0.16740E-008
   11592  0.17295E-008
   11593  0.17839E-008
   11594  0.18375E-008
   11595  0.18900E-008
   11596  0.19417E-008
   11597  0.19924E-008
   11598  0.20423E-008
   11599  0.20913E-008
   11600  0.21394E-008
   11601  0.21868E-008
   11602  0.22333E-008
   11603  0.22790E-008
   11604  0.23240E-008
   11605  0.23683E-008
   11606  0.24118E-008
   11607  0.24547E-008
   11608  0.24969E-008
   11609  0.25384E-008
   11610  0.25793E-008
   11611  0.26196E-008
   11612  0.26592E-008
   11613  0.26983E-008
   11614  0.27368E-008
   11615  0.27748E-008
   11616  0.28122E-008
   11617  0.28490E-008
   11618  0.28854E-008
   11619  0.29213E-008
   11620  0.29567E-008
   11621  0.29916E-008
   11622  0.30260E-008
   11623  0.30600E-008
   11624  0.30935E-008
   11625  0.31266E-008
   11626  0.31593E-008
   11627  0.31916E-008
   11628  0.32235E-008
   11629  0.32549E-008
   11630  0.32860E-008
   11631  0.33168E-008
   11632  0.33471E-008
   11633  0.33771E-008
   11634  0.19899E-009
   11635  0.23624E-009
   11636  0.29637E-009
   11637  0.37665E-009
   11638  0.47373E-009
   11639  0.58391E-009
   11640  0.70351E-009
   11641  0.82911E-009
   11642  0.95773E-009
   11643  0.10870E-008
   11644  0.12150E-008
   11645  0.13406E-008
   11646  0.14628E-008
   11647  0.15812E-008
   11648  0.16956E-008
   11649  0.18059E-008
   11650  0.19123E-008
   11651  0.20149E-008
   11652  0.21138E-008
   11653  0.22093E-008
   11654  0.23015E-008
   11655  0.23907E-008
   11656  0.24770E-008
   11657  0.25605E-008
   11658  0.26415E-008
   11659  0.27201E-008
   11660  0.27963E-008
   11661  0.28704E-008
   11662  0.29424E-008
   11663  0.30125E-008
   11664  0.30807E-008
   11665  0.31471E-008
   11666  0.32118E-008
   11667  0.32749E-008
   11668  0.33365E-008
   11669  0.12397E-009
   11670  0.13369E-009
   11671  0.14980E-009
   11672  0.17205E-009
   11673  0.20022E-009
   11674  0.23394E-009
   11675  0.27288E-009
   11676  0.31657E-009
   11677  0.36458E-009
   11678  0.41643E-009
   11679  0.47163E-009
   11680  0.52970E-009
   11681  0.59016E-009
   11682  0.65257E-009
   11683  0.71646E-009
   11684  0.78148E-009
   11685  0.84722E-009
   11686  0.91339E-009
   11687  0.97966E-009
   11688  0.10458E-008
   11689  0.11116E-008
   11690  0.11769E-008
   11691  0.12414E-008
   11692  0.13052E-008
   11693  0.13681E-008
   11694  0.14300E-008
   11695  0.14909E-008
   11696  0.15508E-008
   11697  0.16096E-008
   11698  0.16674E-008
   11699  0.17241E-008
   11700  0.17797E-008
   11701  0.18343E-008
   11702  0.18879E-008
   11703  0.19405E-008
   11704  0.19921E-008
   11705  0.20428E-008
   11706  0.20925E-008
   11707  0.21414E-008
   11708  0.21894E-008
   11709  0.22365E-008
   11710  0.22828E-008
   11711  0.23284E-008
   11712  0.23732E-008
   11713  0.24172E-008
   11714  0.24605E-008
   11715  0.25031E-008
   11716  0.25450E-008
   11717  0.25863E-008
   11718  0.26269E-008
   11719  0.26669E-008
   11720  0.27063E-008
   11721  0.27450E-008
   11722  0.27833E-008
   11723  0.28209E-008
   11724  0.28580E-008
   11725  0.28946E-008
   11726  0.29307E-008
   11727  0.29663E-008
   11728  0.30013E-008
   11729  0.30359E-008
   11730  0.30701E-008
   11731  0.31038E-008
   11732  0.31370E-008
   11733  0.31698E-008
   11734  0.32022E-008
   11735  0.32342E-008
   11736  0.32658E-008
   11737  0.32970E-008
   11738  0.33278E-008
   11739  0.33582E-008
   11740  0.81847E-010
   11741  0.12109E-009
   11742  0.18441E-009
   11743  0.26890E-009
   11744  0.37099E-009
   11745  0.48673E-009
   11746  0.61221E-009
   11747  0.74378E-009
   11748  0.87832E-009
   11749  0.10133E-008
   11750  0.11467E-008
   11751  0.12773E-008
   11752  0.14042E-008
   11753  0.15269E-008
   11754  0.16452E-008
   11755  0.17591E-008
   11756  0.18687E-008
   11757  0.19742E-008
   11758  0.20758E-008
   11759  0.21737E-008
   11760  0.22682E-008
   11761  0.23594E-008
   11762  0.24476E-008
   11763  0.25328E-008
   11764  0.26154E-008
   11765  0.26954E-008
   11766  0.27730E-008
   11767  0.28483E-008
   11768  0.29215E-008
   11769  0.29926E-008
   11770  0.30618E-008
   11771  0.31291E-008
   11772  0.31947E-008
   11773  0.32586E-008
   11774  0.33210E-008
   11775  0.34070E-010
   11776  0.44179E-010
   11777  0.60940E-010
   11778  0.84074E-010
   11779  0.11337E-009
   11780  0.14843E-009
   11781  0.18890E-009
   11782  0.23429E-009
   11783  0.28417E-009
   11784  0.33801E-009
   11785  0.39530E-009
   11786  0.45556E-009
   11787  0.51826E-009
   11788  0.58294E-009
   11789  0.64914E-009
   11790  0.71646E-009
   11791  0.78449E-009
   11792  0.85291E-009
   11793  0.92140E-009
   11794  0.98971E-009
   11795  0.10576E-008
   11796  0.11249E-008
   11797  0.11915E-008
   11798  0.12571E-008
   11799  0.13218E-008
   11800  0.13855E-008
   11801  0.14481E-008
   11802  0.15096E-008
   11803  0.15699E-008
   11804  0.16292E-008
   11805  0.16872E-008
   11806  0.17442E-008
   11807  0.18001E-008
   11808  0.18549E-008
   11809  0.19086E-008
   11810  0.19613E-008
   11811  0.20130E-008
   11812  0.20638E-008
   11813  0.21136E-008
   11814  0.21625E-008
   11815  0.22105E-008
   11816  0.22577E-008
   11817  0.23040E-008
   11818  0.23495E-008
   11819  0.23943E-008
   11820  0.24383E-008
   11821  0.24815E-008
   11822  0.25241E-008
   11823  0.25660E-008
   11824  0.26072E-008
   11825  0.26477E-008
   11826  0.26876E-008
   11827  0.27270E-008
   11828  0.27657E-008
   11829  0.28038E-008
   11830  0.28414E-008
   11831  0.28784E-008
   11832  0.29149E-008
   11833  0.29509E-008
   11834  0.29864E-008
   11835  0.30214E-008
   11836  0.30559E-008
   11837  0.30899E-008
   11838  0.31235E-008
   11839  0.31566E-008
   11840  0.31893E-008
   11841  0.32216E-008
   11842  0.32535E-008
   11843  0.32850E-008
   11844  0.33161E-008
   11845  0.33468E-008
   11846  0.21377E-010
   11847  0.61666E-010
   11848  0.12665E-009
   11849  0.21335E-009
   11850  0.31805E-009
   11851  0.43670E-009
   11852  0.56524E-009
   11853  0.69994E-009
   11854  0.83755E-009
   11855  0.97547E-009
   11856  0.11117E-008
   11857  0.12450E-008
   11858  0.13743E-008
   11859  0.14992E-008
   11860  0.16195E-008
   11861  0.17352E-008
   11862  0.18465E-008
   11863  0.19535E-008
   11864  0.20565E-008
   11865  0.21557E-008
   11866  0.22513E-008
   11867  0.23436E-008
   11868  0.24327E-008
   11869  0.25188E-008
   11870  0.26022E-008
   11871  0.26830E-008
   11872  0.27612E-008
   11873  0.28372E-008
   11874  0.29109E-008
   11875  0.29826E-008
   11876  0.30523E-008
   11877  0.31201E-008
   11878  0.31861E-008
   11879  0.32504E-008
   11880  0.33131E-008
