       1  0.23766E-006
      14  0.20916E-006
      15  0.20921E-006
      16  0.20939E-006
      17  0.20968E-006
      18  0.21008E-006
      19  0.21060E-006
      20  0.21123E-006
      21  0.21198E-006
      22  0.21282E-006
      23  0.21377E-006
      24  0.21482E-006
      25  0.21597E-006
      26  0.21721E-006
      27  0.21853E-006
      28  0.21994E-006
      29  0.22143E-006
      30  0.22300E-006
      31  0.22463E-006
      32  0.22633E-006
      33  0.22809E-006
      34  0.22991E-006
      35  0.23178E-006
      36  0.23370E-006
      37  0.23566E-006
     279   0.0000     
     291  0.15278E-006
     292  0.48862E-009
     293  0.19124E-008
     294  0.42821E-008
     295  0.75292E-008
     296  0.11632E-007
     297  0.16505E-007
     298  0.22097E-007
     299  0.28314E-007
     300  0.35084E-007
     301  0.42316E-007
     302  0.49923E-007
     303  0.57825E-007
     304  0.65935E-007
     305  0.74185E-007
     306  0.82495E-007
     307  0.90816E-007
     308  0.99080E-007
     309  0.10726E-006
     310  0.11529E-006
     311  0.12317E-006
     312  0.13085E-006
     313  0.13835E-006
     314  0.14569E-006
     938  0.20341E-006
     939  0.19745E-006
     940  0.19125E-006
     941  0.18479E-006
     942  0.17805E-006
     943  0.17101E-006
     944  0.16363E-006
     945  0.15590E-006
     946  0.14777E-006
     947  0.13920E-006
     948  0.13016E-006
     949  0.12060E-006
     950  0.11045E-006
     951  0.99717E-007
     952  0.88307E-007
     953  0.76329E-007
     954  0.63771E-007
     955  0.50995E-007
     956  0.38255E-007
     957  0.26246E-007
     958  0.15654E-007
     959  0.72505E-008
     960  0.19402E-008
     961  0.15311E-006
     962  0.15414E-006
     963  0.15585E-006
     964  0.15812E-006
     965  0.16088E-006
     966  0.16405E-006
     967  0.16753E-006
     968  0.17126E-006
     969  0.17517E-006
     970  0.17924E-006
     971  0.18339E-006
     972  0.18762E-006
     973  0.19188E-006
     974  0.19617E-006
     975  0.20047E-006
     976  0.20475E-006
     977  0.20902E-006
     978  0.21325E-006
     979  0.21744E-006
     980  0.22159E-006
     981  0.22569E-006
     982  0.22974E-006
     983  0.23373E-006
     984  0.14726E-006
     985  0.15172E-006
     986  0.15828E-006
     987  0.16614E-006
     988  0.17472E-006
     989  0.18363E-006
     990  0.19265E-006
     991  0.20162E-006
     992  0.21046E-006
     993  0.21911E-006
     994  0.22751E-006
     995  0.13882E-006
     996  0.14015E-006
     997  0.14230E-006
     998  0.14514E-006
     999  0.14854E-006
    1000  0.15238E-006
    1001  0.15655E-006
    1002  0.16095E-006
    1003  0.16550E-006
    1004  0.17016E-006
    1005  0.17488E-006
    1006  0.17963E-006
    1007  0.18438E-006
    1008  0.18913E-006
    1009  0.19384E-006
    1010  0.19852E-006
    1011  0.20314E-006
    1012  0.20771E-006
    1013  0.21222E-006
    1014  0.21666E-006
    1015  0.22103E-006
    1016  0.22532E-006
    1017  0.22955E-006
    1018  0.13287E-006
    1019  0.13841E-006
    1020  0.14639E-006
    1021  0.15569E-006
    1022  0.16558E-006
    1023  0.17563E-006
    1024  0.18563E-006
    1025  0.19544E-006
    1026  0.20500E-006
    1027  0.21425E-006
    1028  0.22318E-006
    1029  0.12375E-006
    1030  0.12541E-006
    1031  0.12807E-006
    1032  0.13155E-006
    1033  0.13568E-006
    1034  0.14030E-006
    1035  0.14523E-006
    1036  0.15039E-006
    1037  0.15565E-006
    1038  0.16098E-006
    1039  0.16632E-006
    1040  0.17164E-006
    1041  0.17693E-006
    1042  0.18216E-006
    1043  0.18732E-006
    1044  0.19240E-006
    1045  0.19741E-006
    1046  0.20232E-006
    1047  0.20715E-006
    1048  0.21189E-006
    1049  0.21653E-006
    1050  0.22108E-006
    1051  0.22554E-006
    1052  0.11777E-006
    1053  0.12456E-006
    1054  0.13413E-006
    1055  0.14505E-006
    1056  0.15639E-006
    1057  0.16768E-006
    1058  0.17872E-006
    1059  0.18941E-006
    1060  0.19970E-006
    1061  0.20958E-006
    1062  0.21904E-006
    1063  0.10798E-006
    1064  0.11000E-006
    1065  0.11325E-006
    1066  0.11747E-006
    1067  0.12243E-006
    1068  0.12792E-006
    1069  0.13372E-006
    1070  0.13971E-006
    1071  0.14576E-006
    1072  0.15182E-006
    1073  0.15782E-006
    1074  0.16376E-006
    1075  0.16960E-006
    1076  0.17534E-006
    1077  0.18097E-006
    1078  0.18648E-006
    1079  0.19187E-006
    1080  0.19715E-006
    1081  0.20230E-006
    1082  0.20733E-006
    1083  0.21225E-006
    1084  0.21706E-006
    1085  0.22175E-006
    1086  0.10210E-006
    1087  0.11029E-006
    1088  0.12167E-006
    1089  0.13438E-006
    1090  0.14729E-006
    1091  0.15990E-006
    1092  0.17203E-006
    1093  0.18362E-006
    1094  0.19465E-006
    1095  0.20515E-006
    1096  0.21514E-006
    1097  0.91690E-007
    1098  0.94134E-007
    1099  0.98042E-007
    1100  0.10308E-006
    1101  0.10897E-006
    1102  0.11543E-006
    1103  0.12218E-006
    1104  0.12908E-006
    1105  0.13597E-006
    1106  0.14281E-006
    1107  0.14952E-006
    1108  0.15610E-006
    1109  0.16252E-006
    1110  0.16879E-006
    1111  0.17489E-006
    1112  0.18083E-006
    1113  0.18661E-006
    1114  0.19224E-006
    1115  0.19772E-006
    1116  0.20305E-006
    1117  0.20824E-006
    1118  0.21329E-006
    1119  0.21821E-006
    1120  0.86121E-007
    1121  0.95868E-007
    1122  0.10922E-006
    1123  0.12385E-006
    1124  0.13842E-006
    1125  0.15240E-006
    1126  0.16564E-006
    1127  0.17813E-006
    1128  0.18991E-006
    1129  0.20102E-006
    1130  0.21151E-006
    1131  0.75228E-007
    1132  0.78131E-007
    1133  0.82761E-007
    1134  0.88701E-007
    1135  0.95589E-007
    1136  0.10309E-006
    1137  0.11085E-006
    1138  0.11872E-006
    1139  0.12649E-006
    1140  0.13414E-006
    1141  0.14158E-006
    1142  0.14881E-006
    1143  0.15581E-006
    1144  0.16260E-006
    1145  0.16917E-006
    1146  0.17554E-006
    1147  0.18170E-006
    1148  0.18768E-006
    1149  0.19347E-006
    1150  0.19909E-006
    1151  0.20453E-006
    1152  0.20982E-006
    1153  0.21495E-006
    1154  0.70209E-007
    1155  0.81625E-007
    1156  0.97065E-007
    1157  0.11371E-006
    1158  0.12999E-006
    1159  0.14534E-006
    1160  0.15968E-006
    1161  0.17306E-006
    1162  0.18555E-006
    1163  0.19724E-006
    1164  0.20821E-006
    1165  0.59047E-007
    1166  0.62433E-007
    1167  0.67822E-007
    1168  0.74703E-007
    1169  0.82635E-007
    1170  0.91208E-007
    1171  0.10001E-006
    1172  0.10886E-006
    1173  0.11753E-006
    1174  0.12599E-006
    1175  0.13415E-006
    1176  0.14203E-006
    1177  0.14960E-006
    1178  0.15690E-006
    1179  0.16393E-006
    1180  0.17070E-006
    1181  0.17723E-006
    1182  0.18354E-006
    1183  0.18962E-006
    1184  0.19550E-006
    1185  0.20119E-006
    1186  0.20670E-006
    1187  0.21204E-006
    1188  0.54866E-007
    1189  0.67992E-007
    1190  0.85558E-007
    1191  0.10422E-006
    1192  0.12218E-006
    1193  0.13888E-006
    1194  0.15427E-006
    1195  0.16848E-006
    1196  0.18164E-006
    1197  0.19387E-006
    1198  0.20529E-006
    1199  0.43718E-007
    1200  0.47589E-007
    1201  0.53738E-007
    1202  0.61559E-007
    1203  0.70528E-007
    1204  0.80168E-007
    1205  0.89995E-007
    1206  0.99811E-007
    1207  0.10935E-006
    1208  0.11859E-006
    1209  0.12743E-006
    1210  0.13592E-006
    1211  0.14403E-006
    1212  0.15181E-006
    1213  0.15926E-006
    1214  0.16641E-006
    1215  0.17328E-006
    1216  0.17988E-006
    1217  0.18624E-006
    1218  0.19236E-006
    1219  0.19827E-006
    1220  0.20397E-006
    1221  0.20949E-006
    1222  0.40679E-007
    1223  0.55470E-007
    1224  0.75089E-007
    1225  0.95678E-007
    1226  0.11523E-006
    1227  0.13317E-006
    1228  0.14953E-006
    1229  0.16449E-006
    1230  0.17826E-006
    1231  0.19097E-006
    1232  0.20277E-006
    1233  0.29887E-007
    1234  0.34216E-007
    1235  0.41085E-007
    1236  0.49791E-007
    1237  0.59734E-007
    1238  0.70371E-007
    1239  0.81150E-007
    1240  0.91856E-007
    1241  0.10219E-006
    1242  0.11214E-006
    1243  0.12161E-006
    1244  0.13065E-006
    1245  0.13924E-006
    1246  0.14744E-006
    1247  0.15527E-006
    1248  0.16275E-006
    1249  0.16991E-006
    1250  0.17678E-006
    1251  0.18337E-006
    1252  0.18971E-006
    1253  0.19580E-006
    1254  0.20168E-006
    1255  0.20735E-006
    1256  0.28287E-007
    1257  0.44593E-007
    1258  0.66067E-007
    1259  0.88384E-007
    1260  0.10934E-006
    1261  0.12837E-006
    1262  0.14557E-006
    1263  0.16119E-006
    1264  0.17546E-006
    1265  0.18858E-006
    1266  0.20071E-006
    1267  0.18228E-007
    1268  0.22958E-007
    1269  0.30454E-007
    1270  0.39932E-007
    1271  0.50721E-007
    1272  0.62222E-007
    1273  0.73823E-007
    1274  0.85293E-007
    1275  0.96308E-007
    1276  0.10686E-006
    1277  0.11686E-006
    1278  0.12636E-006
    1279  0.13536E-006
    1280  0.14392E-006
    1281  0.15205E-006
    1282  0.15981E-006
    1283  0.16721E-006
    1284  0.17430E-006
    1285  0.18108E-006
    1286  0.18759E-006
    1287  0.19384E-006
    1288  0.19985E-006
    1289  0.20565E-006
    1290  0.18317E-007
    1291  0.35880E-007
    1292  0.58887E-007
    1293  0.82621E-007
    1294  0.10473E-006
    1295  0.12463E-006
    1296  0.14250E-006
    1297  0.15863E-006
    1298  0.17330E-006
    1299  0.18674E-006
    1300  0.19913E-006
    1301  0.93691E-008
    1302  0.14412E-007
    1303  0.22397E-007
    1304  0.32476E-007
    1305  0.43924E-007
    1306  0.56094E-007
    1307  0.68331E-007
    1308  0.80390E-007
    1309  0.91927E-007
    1310  0.10295E-006
    1311  0.11335E-006
    1312  0.12320E-006
    1313  0.13250E-006
    1314  0.14132E-006
    1315  0.14969E-006
    1316  0.15765E-006
    1317  0.16524E-006
    1318  0.17248E-006
    1319  0.17941E-006
    1320  0.18604E-006
    1321  0.19241E-006
    1322  0.19853E-006
    1323  0.20441E-006
    1324  0.11322E-007
    1325  0.29786E-007
    1326  0.53889E-007
    1327  0.78631E-007
    1328  0.10155E-006
    1329  0.12207E-006
    1330  0.14040E-006
    1331  0.15689E-006
    1332  0.17184E-006
    1333  0.18550E-006
    1334  0.19806E-006
    1335  0.38269E-008
    1336  0.90689E-008
    1337  0.17366E-007
    1338  0.27826E-007
    1339  0.39692E-007
    1340  0.52287E-007
    1341  0.64925E-007
    1342  0.77356E-007
    1343  0.89222E-007
    1344  0.10053E-006
    1345  0.11118E-006
    1346  0.12125E-006
    1347  0.13075E-006
    1348  0.13974E-006
    1349  0.14825E-006
    1350  0.15634E-006
    1351  0.16404E-006
    1352  0.17138E-006
    1353  0.17839E-006
    1354  0.18511E-006
    1355  0.19154E-006
    1356  0.19772E-006
    1357  0.20367E-006
    1358  0.77147E-008
    1359  0.26649E-007
    1360  0.51323E-007
    1361  0.76589E-007
    1362  0.99923E-007
    1363  0.12076E-006
    1364  0.13934E-006
    1365  0.15601E-006
    1366  0.17110E-006
    1367  0.18487E-006
    1368  0.19752E-006
