       1  0.18710E-008
      14  0.34618E-009
      15  0.34661E-009
      16  0.34818E-009
      17  0.35069E-009
      18  0.35413E-009
      19  0.35861E-009
      20  0.36395E-009
      21  0.37032E-009
      22  0.37759E-009
      23  0.38588E-009
      24  0.39510E-009
      25  0.40515E-009
      26  0.41612E-009
      27  0.42801E-009
      28  0.44080E-009
      29  0.45434E-009
      30  0.46869E-009
      31  0.48393E-009
      32  0.49994E-009
      33  0.51669E-009
      34  0.53415E-009
      35  0.55233E-009
      36  0.57123E-009
      37  0.59080E-009
      38  0.61102E-009
      39  0.63175E-009
      40  0.65307E-009
      41  0.67500E-009
      42  0.69751E-009
      43  0.72043E-009
      44  0.74385E-009
      45  0.76773E-009
      46  0.79205E-009
      47  0.81671E-009
      48  0.84179E-009
      49  0.86723E-009
      50  0.89300E-009
      51  0.91902E-009
      52  0.94533E-009
      53  0.97187E-009
      54  0.99867E-009
      55  0.10256E-008
      56  0.10527E-008
      57  0.10800E-008
      58  0.11075E-008
      59  0.11350E-008
      60  0.11626E-008
      61  0.11903E-008
      62  0.12181E-008
      63  0.12459E-008
      64  0.12738E-008
      65  0.13016E-008
      66  0.13295E-008
      67  0.13573E-008
      68  0.13851E-008
      69  0.14129E-008
      70  0.14406E-008
      71  0.14683E-008
      72  0.14959E-008
      73  0.15235E-008
      74  0.15509E-008
      75  0.15783E-008
      76  0.16055E-008
      77  0.16327E-008
      78  0.16597E-008
      79  0.16866E-008
      80  0.17134E-008
      81  0.17400E-008
      82  0.17665E-008
      83  0.17929E-008
      84  0.18191E-008
      85  0.18451E-008
     807   0.0000     
     819  0.18405E-008
     820  0.65732E-012
     821  0.26257E-011
     822  0.59037E-011
     823  0.10483E-010
     824  0.16356E-010
     825  0.23511E-010
     826  0.31935E-010
     827  0.41612E-010
     828  0.52524E-010
     829  0.64650E-010
     830  0.77969E-010
     831  0.92456E-010
     832  0.10808E-009
     833  0.12483E-009
     834  0.14265E-009
     835  0.16153E-009
     836  0.18142E-009
     837  0.20230E-009
     838  0.22413E-009
     839  0.24687E-009
     840  0.27049E-009
     841  0.29494E-009
     842  0.32018E-009
     843  0.34619E-009
     844  0.37291E-009
     845  0.40031E-009
     846  0.42834E-009
     847  0.45697E-009
     848  0.48615E-009
     849  0.51585E-009
     850  0.54603E-009
     851  0.57664E-009
     852  0.60765E-009
     853  0.63901E-009
     854  0.67070E-009
     855  0.70268E-009
     856  0.73491E-009
     857  0.76735E-009
     858  0.79998E-009
     859  0.83275E-009
     860  0.86565E-009
     861  0.89863E-009
     862  0.93168E-009
     863  0.96476E-009
     864  0.99785E-009
     865  0.10309E-008
     866  0.10639E-008
     867  0.10969E-008
     868  0.11298E-008
     869  0.11626E-008
     870  0.11953E-008
     871  0.12278E-008
     872  0.12602E-008
     873  0.12924E-008
     874  0.13245E-008
     875  0.13564E-008
     876  0.13881E-008
     877  0.14196E-008
     878  0.14508E-008
     879  0.14819E-008
     880  0.15128E-008
     881  0.15434E-008
     882  0.15739E-008
     883  0.16041E-008
     884  0.16341E-008
     885  0.16640E-008
     886  0.16936E-008
     887  0.17231E-008
     888  0.17525E-008
     889  0.17817E-008
     890  0.18111E-008
    2714  0.33120E-009
    2715  0.31611E-009
    2716  0.30093E-009
    2717  0.28562E-009
    2718  0.27017E-009
    2719  0.25459E-009
    2720  0.23888E-009
    2721  0.22302E-009
    2722  0.20703E-009
    2723  0.19089E-009
    2724  0.17460E-009
    2725  0.15818E-009
    2726  0.14161E-009
    2727  0.12493E-009
    2728  0.10815E-009
    2729  0.91400E-010
    2730  0.74759E-010
    2731  0.58590E-010
    2732  0.43180E-010
    2733  0.29165E-010
    2734  0.17174E-010
    2735  0.78847E-011
    2736  0.20775E-011
    2737  0.18406E-008
    2738  0.18409E-008
    2739  0.18414E-008
    2740  0.18421E-008
    2741  0.18428E-008
    2742  0.18437E-008
    2743  0.18448E-008
    2744  0.18459E-008
    2745  0.18470E-008
    2746  0.18483E-008
    2747  0.18496E-008
    2748  0.18509E-008
    2749  0.18523E-008
    2750  0.18538E-008
    2751  0.18553E-008
    2752  0.18568E-008
    2753  0.18584E-008
    2754  0.18601E-008
    2755  0.18618E-008
    2756  0.18635E-008
    2757  0.18653E-008
    2758  0.18672E-008
    2759  0.18690E-008
    2760  0.18116E-008
    2761  0.18131E-008
    2762  0.18152E-008
    2763  0.18177E-008
    2764  0.18205E-008
    2765  0.18235E-008
    2766  0.18266E-008
    2767  0.18300E-008
    2768  0.18335E-008
    2769  0.18372E-008
    2770  0.18411E-008
    2771  0.17819E-008
    2772  0.17824E-008
    2773  0.17831E-008
    2774  0.17841E-008
    2775  0.17853E-008
    2776  0.17866E-008
    2777  0.17880E-008
    2778  0.17894E-008
    2779  0.17910E-008
    2780  0.17925E-008
    2781  0.17942E-008
    2782  0.17958E-008
    2783  0.17975E-008
    2784  0.17993E-008
    2785  0.18011E-008
    2786  0.18029E-008
    2787  0.18048E-008
    2788  0.18067E-008
    2789  0.18087E-008
    2790  0.18107E-008
    2791  0.18127E-008
    2792  0.18148E-008
    2793  0.18169E-008
    2794  0.17532E-008
    2795  0.17551E-008
    2796  0.17578E-008
    2797  0.17610E-008
    2798  0.17644E-008
    2799  0.17680E-008
    2800  0.17717E-008
    2801  0.17757E-008
    2802  0.17797E-008
    2803  0.17840E-008
    2804  0.17883E-008
    2805  0.17233E-008
    2806  0.17239E-008
    2807  0.17248E-008
    2808  0.17260E-008
    2809  0.17274E-008
    2810  0.17289E-008
    2811  0.17306E-008
    2812  0.17324E-008
    2813  0.17342E-008
    2814  0.17361E-008
    2815  0.17380E-008
    2816  0.17400E-008
    2817  0.17420E-008
    2818  0.17440E-008
    2819  0.17461E-008
    2820  0.17482E-008
    2821  0.17504E-008
    2822  0.17526E-008
    2823  0.17548E-008
    2824  0.17571E-008
    2825  0.17594E-008
    2826  0.17617E-008
    2827  0.17641E-008
    2828  0.16945E-008
    2829  0.16967E-008
    2830  0.16999E-008
    2831  0.17036E-008
    2832  0.17076E-008
    2833  0.17118E-008
    2834  0.17161E-008
    2835  0.17206E-008
    2836  0.17252E-008
    2837  0.17300E-008
    2838  0.17350E-008
    2839  0.16642E-008
    2840  0.16649E-008
    2841  0.16659E-008
    2842  0.16673E-008
    2843  0.16689E-008
    2844  0.16707E-008
    2845  0.16727E-008
    2846  0.16747E-008
    2847  0.16768E-008
    2848  0.16790E-008
    2849  0.16812E-008
    2850  0.16834E-008
    2851  0.16857E-008
    2852  0.16881E-008
    2853  0.16904E-008
    2854  0.16928E-008
    2855  0.16953E-008
    2856  0.16978E-008
    2857  0.17003E-008
    2858  0.17028E-008
    2859  0.17054E-008
    2860  0.17080E-008
    2861  0.17107E-008
    2862  0.16351E-008
    2863  0.16377E-008
    2864  0.16414E-008
    2865  0.16456E-008
    2866  0.16502E-008
    2867  0.16549E-008
    2868  0.16598E-008
    2869  0.16649E-008
    2870  0.16701E-008
    2871  0.16755E-008
    2872  0.16810E-008
    2873  0.16044E-008
    2874  0.16051E-008
    2875  0.16063E-008
    2876  0.16079E-008
    2877  0.16097E-008
    2878  0.16118E-008
    2879  0.16140E-008
    2880  0.16164E-008
    2881  0.16187E-008
    2882  0.16212E-008
    2883  0.16237E-008
    2884  0.16263E-008
    2885  0.16288E-008
    2886  0.16315E-008
    2887  0.16341E-008
    2888  0.16368E-008
    2889  0.16396E-008
    2890  0.16423E-008
    2891  0.16451E-008
    2892  0.16480E-008
    2893  0.16509E-008
    2894  0.16538E-008
    2895  0.16567E-008
    2896  0.15750E-008
    2897  0.15779E-008
    2898  0.15821E-008
    2899  0.15869E-008
    2900  0.15921E-008
    2901  0.15974E-008
    2902  0.16029E-008
    2903  0.16086E-008
    2904  0.16144E-008
    2905  0.16204E-008
    2906  0.16264E-008
    2907  0.15437E-008
    2908  0.15446E-008
    2909  0.15459E-008
    2910  0.15477E-008
    2911  0.15498E-008
    2912  0.15522E-008
    2913  0.15547E-008
    2914  0.15573E-008
    2915  0.15600E-008
    2916  0.15628E-008
    2917  0.15656E-008
    2918  0.15684E-008
    2919  0.15713E-008
    2920  0.15743E-008
    2921  0.15772E-008
    2922  0.15802E-008
    2923  0.15833E-008
    2924  0.15863E-008
    2925  0.15895E-008
    2926  0.15926E-008
    2927  0.15958E-008
    2928  0.15990E-008
    2929  0.16022E-008
    2930  0.15140E-008
    2931  0.15173E-008
    2932  0.15220E-008
    2933  0.15275E-008
    2934  0.15333E-008
    2935  0.15393E-008
    2936  0.15454E-008
    2937  0.15517E-008
    2938  0.15582E-008
    2939  0.15647E-008
    2940  0.15714E-008
    2941  0.14823E-008
    2942  0.14832E-008
    2943  0.14847E-008
    2944  0.14867E-008
    2945  0.14891E-008
    2946  0.14917E-008
    2947  0.14946E-008
    2948  0.14975E-008
    2949  0.15005E-008
    2950  0.15036E-008
    2951  0.15068E-008
    2952  0.15100E-008
    2953  0.15132E-008
    2954  0.15164E-008
    2955  0.15197E-008
    2956  0.15231E-008
    2957  0.15264E-008
    2958  0.15298E-008
    2959  0.15333E-008
    2960  0.15367E-008
    2961  0.15402E-008
    2962  0.15438E-008
    2963  0.15473E-008
    2964  0.14522E-008
    2965  0.14560E-008
    2966  0.14613E-008
    2967  0.14673E-008
    2968  0.14738E-008
    2969  0.14805E-008
    2970  0.14873E-008
    2971  0.14943E-008
    2972  0.15014E-008
    2973  0.15086E-008
    2974  0.15160E-008
    2975  0.14199E-008
    2976  0.14210E-008
    2977  0.14227E-008
    2978  0.14250E-008
    2979  0.14276E-008
    2980  0.14306E-008
    2981  0.14337E-008
    2982  0.14370E-008
    2983  0.14404E-008
    2984  0.14438E-008
    2985  0.14473E-008
    2986  0.14509E-008
    2987  0.14544E-008
    2988  0.14581E-008
    2989  0.14617E-008
    2990  0.14654E-008
    2991  0.14691E-008
    2992  0.14728E-008
    2993  0.14766E-008
    2994  0.14804E-008
    2995  0.14842E-008
    2996  0.14881E-008
    2997  0.14920E-008
    2998  0.13896E-008
    2999  0.13938E-008
    3000  0.13997E-008
    3001  0.14065E-008
    3002  0.14137E-008
    3003  0.14211E-008
    3004  0.14287E-008
    3005  0.14364E-008
    3006  0.14442E-008
    3007  0.14521E-008
    3008  0.14602E-008
    3009  0.13568E-008
    3010  0.13580E-008
    3011  0.13599E-008
    3012  0.13624E-008
    3013  0.13654E-008
    3014  0.13687E-008
    3015  0.13722E-008
    3016  0.13759E-008
    3017  0.13796E-008
    3018  0.13834E-008
    3019  0.13873E-008
    3020  0.13912E-008
    3021  0.13952E-008
    3022  0.13992E-008
    3023  0.14032E-008
    3024  0.14072E-008
    3025  0.14113E-008
    3026  0.14154E-008
    3027  0.14195E-008
    3028  0.14237E-008
    3029  0.14279E-008
    3030  0.14321E-008
    3031  0.14364E-008
    3032  0.13262E-008
    3033  0.13309E-008
    3034  0.13375E-008
    3035  0.13451E-008
    3036  0.13530E-008
    3037  0.13612E-008
    3038  0.13695E-008
    3039  0.13780E-008
    3040  0.13866E-008
    3041  0.13952E-008
    3042  0.14040E-008
    3043  0.12929E-008
    3044  0.12943E-008
    3045  0.12964E-008
    3046  0.12992E-008
    3047  0.13025E-008
    3048  0.13062E-008
    3049  0.13100E-008
    3050  0.13141E-008
    3051  0.13183E-008
    3052  0.13225E-008
    3053  0.13268E-008
    3054  0.13311E-008
    3055  0.13354E-008
    3056  0.13398E-008
    3057  0.13442E-008
    3058  0.13487E-008
    3059  0.13531E-008
    3060  0.13576E-008
    3061  0.13622E-008
    3062  0.13667E-008
    3063  0.13713E-008
    3064  0.13759E-008
    3065  0.13805E-008
    3066  0.12621E-008
    3067  0.12673E-008
    3068  0.12747E-008
    3069  0.12830E-008
    3070  0.12918E-008
    3071  0.13009E-008
    3072  0.13100E-008
    3073  0.13193E-008
    3074  0.13286E-008
    3075  0.13381E-008
    3076  0.13477E-008
    3077  0.12283E-008
    3078  0.12298E-008
    3079  0.12322E-008
    3080  0.12353E-008
    3081  0.12390E-008
    3082  0.12430E-008
    3083  0.12473E-008
    3084  0.12518E-008
    3085  0.12564E-008
    3086  0.12611E-008
    3087  0.12658E-008
    3088  0.12705E-008
    3089  0.12753E-008
    3090  0.12801E-008
    3091  0.12849E-008
    3092  0.12898E-008
    3093  0.12947E-008
    3094  0.12996E-008
    3095  0.13045E-008
    3096  0.13095E-008
    3097  0.13144E-008
    3098  0.13194E-008
    3099  0.13244E-008
    3100  0.11974E-008
    3101  0.12032E-008
    3102  0.12113E-008
    3103  0.12205E-008
    3104  0.12302E-008
    3105  0.12401E-008
    3106  0.12501E-008
    3107  0.12603E-008
    3108  0.12705E-008
    3109  0.12808E-008
    3110  0.12912E-008
    3111  0.11632E-008
    3112  0.11648E-008
    3113  0.11675E-008
    3114  0.11709E-008
    3115  0.11749E-008
    3116  0.11794E-008
    3117  0.11842E-008
    3118  0.11891E-008
    3119  0.11942E-008
    3120  0.11993E-008
    3121  0.12044E-008
    3122  0.12096E-008
    3123  0.12149E-008
    3124  0.12201E-008
    3125  0.12254E-008
    3126  0.12307E-008
    3127  0.12360E-008
    3128  0.12413E-008
    3129  0.12467E-008
    3130  0.12521E-008
    3131  0.12575E-008
    3132  0.12629E-008
    3133  0.12683E-008
    3134  0.11322E-008
    3135  0.11385E-008
    3136  0.11475E-008
    3137  0.11576E-008
    3138  0.11683E-008
    3139  0.11791E-008
    3140  0.11901E-008
    3141  0.12011E-008
    3142  0.12122E-008
    3143  0.12234E-008
    3144  0.12346E-008
    3145  0.10976E-008
    3146  0.10994E-008
    3147  0.11023E-008
    3148  0.11061E-008
    3149  0.11105E-008
    3150  0.11154E-008
    3151  0.11207E-008
    3152  0.11261E-008
    3153  0.11316E-008
    3154  0.11372E-008
    3155  0.11429E-008
    3156  0.11486E-008
    3157  0.11543E-008
    3158  0.11600E-008
    3159  0.11657E-008
    3160  0.11715E-008
    3161  0.11773E-008
    3162  0.11830E-008
    3163  0.11888E-008
    3164  0.11947E-008
    3165  0.12005E-008
    3166  0.12064E-008
    3167  0.12122E-008
    3168  0.10665E-008
    3169  0.10735E-008
    3170  0.10834E-008
    3171  0.10945E-008
    3172  0.11061E-008
    3173  0.11180E-008
    3174  0.11299E-008
    3175  0.11419E-008
    3176  0.11539E-008
    3177  0.11660E-008
    3178  0.11781E-008
    3179  0.10316E-008
    3180  0.10336E-008
    3181  0.10368E-008
    3182  0.10410E-008
    3183  0.10458E-008
    3184  0.10512E-008
    3185  0.10569E-008
    3186  0.10629E-008
    3187  0.10689E-008
    3188  0.10751E-008
    3189  0.10812E-008
    3190  0.10874E-008
    3191  0.10936E-008
    3192  0.10998E-008
    3193  0.11060E-008
    3194  0.11123E-008
    3195  0.11185E-008
    3196  0.11248E-008
    3197  0.11311E-008
    3198  0.11374E-008
    3199  0.11437E-008
    3200  0.11500E-008
    3201  0.11563E-008
    3202  0.10007E-008
    3203  0.10084E-008
    3204  0.10191E-008
    3205  0.10313E-008
    3206  0.10440E-008
    3207  0.10568E-008
    3208  0.10698E-008
    3209  0.10827E-008
    3210  0.10958E-008
    3211  0.11088E-008
    3212  0.11219E-008
    3213  0.96554E-009
    3214  0.96772E-009
    3215  0.97121E-009
    3216  0.97574E-009
    3217  0.98107E-009
    3218  0.98696E-009
    3219  0.99320E-009
    3220  0.99968E-009
    3221  0.10063E-008
    3222  0.10129E-008
    3223  0.10196E-008
    3224  0.10263E-008
    3225  0.10330E-008
    3226  0.10398E-008
    3227  0.10465E-008
    3228  0.10533E-008
    3229  0.10600E-008
    3230  0.10668E-008
    3231  0.10735E-008
    3232  0.10803E-008
    3233  0.10871E-008
    3234  0.10939E-008
    3235  0.11007E-008
    3236  0.93477E-009
    3237  0.94315E-009
    3238  0.95486E-009
    3239  0.96812E-009
    3240  0.98191E-009
    3241  0.99586E-009
    3242  0.10099E-008
    3243  0.10239E-008
    3244  0.10379E-008
    3245  0.10519E-008
    3246  0.10660E-008
    3247  0.89948E-009
    3248  0.90186E-009
    3249  0.90567E-009
    3250  0.91060E-009
    3251  0.91640E-009
    3252  0.92281E-009
    3253  0.92959E-009
    3254  0.93663E-009
    3255  0.94377E-009
    3256  0.95099E-009
    3257  0.95823E-009
    3258  0.96549E-009
    3259  0.97276E-009
    3260  0.98003E-009
    3261  0.98730E-009
    3262  0.99457E-009
    3263  0.10018E-008
    3264  0.10091E-008
    3265  0.10164E-008
    3266  0.10236E-008
    3267  0.10309E-008
    3268  0.10382E-008
    3269  0.10455E-008
    3270  0.86901E-009
    3271  0.87812E-009
    3272  0.89085E-009
    3273  0.90522E-009
    3274  0.92016E-009
    3275  0.93523E-009
    3276  0.95032E-009
    3277  0.96540E-009
    3278  0.98047E-009
    3279  0.99552E-009
    3280  0.10106E-008
    3281  0.83367E-009
    3282  0.83625E-009
    3283  0.84039E-009
    3284  0.84575E-009
    3285  0.85203E-009
    3286  0.85899E-009
    3287  0.86633E-009
    3288  0.87394E-009
    3289  0.88166E-009
    3290  0.88946E-009
    3291  0.89727E-009
    3292  0.90510E-009
    3293  0.91293E-009
    3294  0.92075E-009
    3295  0.92857E-009
    3296  0.93638E-009
    3297  0.94418E-009
    3298  0.95198E-009
    3299  0.95977E-009
    3300  0.96755E-009
    3301  0.97532E-009
    3302  0.98310E-009
    3303  0.99088E-009
    3304  0.80362E-009
    3305  0.81349E-009
    3306  0.82726E-009
    3307  0.84280E-009
    3308  0.85891E-009
    3309  0.87514E-009
    3310  0.89136E-009
    3311  0.90754E-009
    3312  0.92368E-009
    3313  0.93977E-009
    3314  0.95583E-009
    3315  0.76835E-009
    3316  0.77114E-009
    3317  0.77561E-009
    3318  0.78140E-009
    3319  0.78820E-009
    3320  0.79570E-009
    3321  0.80363E-009
    3322  0.81183E-009
    3323  0.82015E-009
    3324  0.82855E-009
    3325  0.83695E-009
    3326  0.84536E-009
    3327  0.85376E-009
    3328  0.86216E-009
    3329  0.87054E-009
    3330  0.87890E-009
    3331  0.88725E-009
    3332  0.89558E-009
    3333  0.90390E-009
    3334  0.91221E-009
    3335  0.92050E-009
    3336  0.92877E-009
    3337  0.93706E-009
    3338  0.73884E-009
    3339  0.74950E-009
    3340  0.76434E-009
    3341  0.78107E-009
    3342  0.79839E-009
    3343  0.81580E-009
    3344  0.83318E-009
    3345  0.85049E-009
    3346  0.86772E-009
    3347  0.88488E-009
    3348  0.90197E-009
    3349  0.70376E-009
    3350  0.70676E-009
    3351  0.71158E-009
    3352  0.71782E-009
    3353  0.72513E-009
    3354  0.73321E-009
    3355  0.74172E-009
    3356  0.75054E-009
    3357  0.75947E-009
    3358  0.76847E-009
    3359  0.77748E-009
    3360  0.78649E-009
    3361  0.79548E-009
    3362  0.80445E-009
    3363  0.81340E-009
    3364  0.82233E-009
    3365  0.83123E-009
    3366  0.84012E-009
    3367  0.84898E-009
    3368  0.85782E-009
    3369  0.86663E-009
    3370  0.87543E-009
    3371  0.88421E-009
    3372  0.67494E-009
    3373  0.68639E-009
    3374  0.70233E-009
    3375  0.72028E-009
    3376  0.73883E-009
    3377  0.75745E-009
    3378  0.77600E-009
    3379  0.79445E-009
    3380  0.81280E-009
    3381  0.83104E-009
    3382  0.84917E-009
    3383  0.64017E-009
    3384  0.64340E-009
    3385  0.64856E-009
    3386  0.65525E-009
    3387  0.66310E-009
    3388  0.67175E-009
    3389  0.68088E-009
    3390  0.69031E-009
    3391  0.69986E-009
    3392  0.70949E-009
    3393  0.71910E-009
    3394  0.72872E-009
    3395  0.73830E-009
    3396  0.74786E-009
    3397  0.75739E-009
    3398  0.76689E-009
    3399  0.77636E-009
    3400  0.78579E-009
    3401  0.79520E-009
    3402  0.80457E-009
    3403  0.81391E-009
    3404  0.82323E-009
    3405  0.83252E-009
    3406  0.61218E-009
    3407  0.62444E-009
    3408  0.64150E-009
    3409  0.66068E-009
    3410  0.68048E-009
    3411  0.70032E-009
    3412  0.72006E-009
    3413  0.73967E-009
    3414  0.75913E-009
    3415  0.77845E-009
    3416  0.79764E-009
    3417  0.57787E-009
    3418  0.58132E-009
    3419  0.58685E-009
    3420  0.59399E-009
    3421  0.60237E-009
    3422  0.61161E-009
    3423  0.62135E-009
    3424  0.63141E-009
    3425  0.64158E-009
    3426  0.65183E-009
    3427  0.66207E-009
    3428  0.67229E-009
    3429  0.68248E-009
    3430  0.69263E-009
    3431  0.70274E-009
    3432  0.71281E-009
    3433  0.72284E-009
    3434  0.73284E-009
    3435  0.74279E-009
    3436  0.75271E-009
    3437  0.76258E-009
    3438  0.77243E-009
    3439  0.78225E-009
    3440  0.55086E-009
    3441  0.56394E-009
    3442  0.58212E-009
    3443  0.60254E-009
    3444  0.62359E-009
    3445  0.64467E-009
    3446  0.66560E-009
    3447  0.68636E-009
    3448  0.70695E-009
    3449  0.72736E-009
    3450  0.74761E-009
    3451  0.51717E-009
    3452  0.52084E-009
    3453  0.52672E-009
    3454  0.53433E-009
    3455  0.54324E-009
    3456  0.55307E-009
    3457  0.56342E-009
    3458  0.57411E-009
    3459  0.58491E-009
    3460  0.59579E-009
    3461  0.60664E-009
    3462  0.61747E-009
    3463  0.62826E-009
    3464  0.63900E-009
    3465  0.64970E-009
    3466  0.66034E-009
    3467  0.67094E-009
    3468  0.68149E-009
    3469  0.69199E-009
    3470  0.70244E-009
    3471  0.71284E-009
    3472  0.72321E-009
    3473  0.73353E-009
    3474  0.49129E-009
    3475  0.50519E-009
    3476  0.52449E-009
    3477  0.54615E-009
    3478  0.56845E-009
    3479  0.59075E-009
    3480  0.61287E-009
    3481  0.63478E-009
    3482  0.65649E-009
    3483  0.67798E-009
    3484  0.69928E-009
    3485  0.45836E-009
    3486  0.46226E-009
    3487  0.46850E-009
    3488  0.47656E-009
    3489  0.48601E-009
    3490  0.49642E-009
    3491  0.50738E-009
    3492  0.51869E-009
    3493  0.53012E-009
    3494  0.54162E-009
    3495  0.55308E-009
    3496  0.56452E-009
    3497  0.57590E-009
    3498  0.58723E-009
    3499  0.59850E-009
    3500  0.60972E-009
    3501  0.62087E-009
    3502  0.63197E-009
    3503  0.64302E-009
    3504  0.65401E-009
    3505  0.66494E-009
    3506  0.67583E-009
    3507  0.68668E-009
    3508  0.43378E-009
    3509  0.44849E-009
    3510  0.46890E-009
    3511  0.49178E-009
    3512  0.51532E-009
    3513  0.53883E-009
    3514  0.56212E-009
    3515  0.58517E-009
    3516  0.60798E-009
    3517  0.63054E-009
    3518  0.65287E-009
    3519  0.40178E-009
    3520  0.40589E-009
    3521  0.41248E-009
    3522  0.42100E-009
    3523  0.43097E-009
    3524  0.44196E-009
    3525  0.45352E-009
    3526  0.46545E-009
    3527  0.47749E-009
    3528  0.48960E-009
    3529  0.50167E-009
    3530  0.51370E-009
    3531  0.52567E-009
    3532  0.53758E-009
    3533  0.54941E-009
    3534  0.56119E-009
    3535  0.57289E-009
    3536  0.58453E-009
    3537  0.59611E-009
    3538  0.60762E-009
    3539  0.61907E-009
    3540  0.63045E-009
    3541  0.64178E-009
    3542  0.37864E-009
    3543  0.39414E-009
    3544  0.41564E-009
    3545  0.43973E-009
    3546  0.46448E-009
    3547  0.48918E-009
    3548  0.51362E-009
    3549  0.53779E-009
    3550  0.56167E-009
    3551  0.58528E-009
    3552  0.60863E-009
    3553  0.34774E-009
    3554  0.35207E-009
    3555  0.35900E-009
    3556  0.36796E-009
    3557  0.37844E-009
    3558  0.38999E-009
    3559  0.40214E-009
    3560  0.41466E-009
    3561  0.42731E-009
    3562  0.44001E-009
    3563  0.45267E-009
    3564  0.46529E-009
    3565  0.47782E-009
    3566  0.49029E-009
    3567  0.50268E-009
    3568  0.51500E-009
    3569  0.52724E-009
    3570  0.53941E-009
    3571  0.55151E-009
    3572  0.56353E-009
    3573  0.57548E-009
    3574  0.58738E-009
    3575  0.59923E-009
    3576  0.32621E-009
    3577  0.34248E-009
    3578  0.36504E-009
    3579  0.39029E-009
    3580  0.41622E-009
    3581  0.44206E-009
    3582  0.46762E-009
    3583  0.49286E-009
    3584  0.51779E-009
    3585  0.54240E-009
    3586  0.56673E-009
    3587  0.29656E-009
    3588  0.30110E-009
    3589  0.30836E-009
    3590  0.31774E-009
    3591  0.32873E-009
    3592  0.34082E-009
    3593  0.35353E-009
    3594  0.36664E-009
    3595  0.37986E-009
    3596  0.39314E-009
    3597  0.40637E-009
    3598  0.41954E-009
    3599  0.43263E-009
    3600  0.44564E-009
    3601  0.45856E-009
    3602  0.47140E-009
    3603  0.48416E-009
    3604  0.49683E-009
    3605  0.50942E-009
    3606  0.52193E-009
    3607  0.53436E-009
    3608  0.54672E-009
    3609  0.55901E-009
    3610  0.27678E-009
    3611  0.29380E-009
    3612  0.31737E-009
    3613  0.34375E-009
    3614  0.37081E-009
    3615  0.39775E-009
    3616  0.42438E-009
    3617  0.45065E-009
    3618  0.47657E-009
    3619  0.50215E-009
    3620  0.52740E-009
    3621  0.24856E-009
    3622  0.25330E-009
    3623  0.26088E-009
    3624  0.27067E-009
    3625  0.28213E-009
    3626  0.29474E-009
    3627  0.30799E-009
    3628  0.32165E-009
    3629  0.33542E-009
    3630  0.34926E-009
    3631  0.36302E-009
    3632  0.37673E-009
    3633  0.39034E-009
    3634  0.40387E-009
    3635  0.41730E-009
    3636  0.43064E-009
    3637  0.44388E-009
    3638  0.45704E-009
    3639  0.47010E-009
    3640  0.48308E-009
    3641  0.49597E-009
    3642  0.50878E-009
    3643  0.52151E-009
    3644  0.23069E-009
    3645  0.24841E-009
    3646  0.27295E-009
    3647  0.30039E-009
    3648  0.32852E-009
    3649  0.35651E-009
    3650  0.38414E-009
    3651  0.41139E-009
    3652  0.43825E-009
    3653  0.46474E-009
    3654  0.49087E-009
    3655  0.20406E-009
    3656  0.20899E-009
    3657  0.21686E-009
    3658  0.22704E-009
    3659  0.23894E-009
    3660  0.25204E-009
    3661  0.26580E-009
    3662  0.27998E-009
    3663  0.29428E-009
    3664  0.30863E-009
    3665  0.32290E-009
    3666  0.33711E-009
    3667  0.35122E-009
    3668  0.36523E-009
    3669  0.37913E-009
    3670  0.39294E-009
    3671  0.40664E-009
    3672  0.42025E-009
    3673  0.43376E-009
    3674  0.44717E-009
    3675  0.46049E-009
    3676  0.47372E-009
    3677  0.48686E-009
    3678  0.18823E-009
    3679  0.20660E-009
    3680  0.23205E-009
    3681  0.26048E-009
    3682  0.28961E-009
    3683  0.31858E-009
    3684  0.34715E-009
    3685  0.37531E-009
    3686  0.40305E-009
    3687  0.43039E-009
    3688  0.45733E-009
    3689  0.16335E-009
    3690  0.16845E-009
    3691  0.17660E-009
    3692  0.18713E-009
    3693  0.19945E-009
    3694  0.21300E-009
    3695  0.22724E-009
    3696  0.24190E-009
    3697  0.25668E-009
    3698  0.27150E-009
    3699  0.28625E-009
    3700  0.30093E-009
    3701  0.31549E-009
    3702  0.32995E-009
    3703  0.34429E-009
    3704  0.35853E-009
    3705  0.37266E-009
    3706  0.38668E-009
    3707  0.40060E-009
    3708  0.41442E-009
    3709  0.42813E-009
    3710  0.44175E-009
    3711  0.45527E-009
    3712  0.14968E-009
    3713  0.16866E-009
    3714  0.19494E-009
    3715  0.22428E-009
    3716  0.25433E-009
    3717  0.28420E-009
    3718  0.31364E-009
    3719  0.34263E-009
    3720  0.37117E-009
    3721  0.39929E-009
    3722  0.42699E-009
    3723  0.12670E-009
    3724  0.13196E-009
    3725  0.14037E-009
    3726  0.15122E-009
    3727  0.16392E-009
    3728  0.17788E-009
    3729  0.19255E-009
    3730  0.20765E-009
    3731  0.22287E-009
    3732  0.23813E-009
    3733  0.25331E-009
    3734  0.26841E-009
    3735  0.28339E-009
    3736  0.29825E-009
    3737  0.31300E-009
    3738  0.32763E-009
    3739  0.34214E-009
    3740  0.35654E-009
    3741  0.37084E-009
    3742  0.38502E-009
    3743  0.39909E-009
    3744  0.41307E-009
    3745  0.42697E-009
    3746  0.11532E-009
    3747  0.13485E-009
    3748  0.16187E-009
    3749  0.19204E-009
    3750  0.22292E-009
    3751  0.25359E-009
    3752  0.28381E-009
    3753  0.31355E-009
    3754  0.34282E-009
    3755  0.37163E-009
    3756  0.40000E-009
    3757  0.94385E-010
    3758  0.99781E-010
    3759  0.10841E-009
    3760  0.11956E-009
    3761  0.13259E-009
    3762  0.14693E-009
    3763  0.16198E-009
    3764  0.17747E-009
    3765  0.19308E-009
    3766  0.20873E-009
    3767  0.22429E-009
    3768  0.23977E-009
    3769  0.25511E-009
    3770  0.27034E-009
    3771  0.28545E-009
    3772  0.30043E-009
    3773  0.31528E-009
    3774  0.33002E-009
    3775  0.34464E-009
    3776  0.35914E-009
    3777  0.37353E-009
    3778  0.38781E-009
    3779  0.40200E-009
    3780  0.85381E-010
    3781  0.10539E-009
    3782  0.13308E-009
    3783  0.16398E-009
    3784  0.19559E-009
    3785  0.22696E-009
    3786  0.25787E-009
    3787  0.28827E-009
    3788  0.31817E-009
    3789  0.34759E-009
    3790  0.37655E-009
    3791  0.66624E-010
    3792  0.72142E-010
    3793  0.80970E-010
    3794  0.92368E-010
    3795  0.10569E-009
    3796  0.12035E-009
    3797  0.13573E-009
    3798  0.15157E-009
    3799  0.16751E-009
    3800  0.18350E-009
    3801  0.19940E-009
    3802  0.21520E-009
    3803  0.23087E-009
    3804  0.24641E-009
    3805  0.26182E-009
    3806  0.27711E-009
    3807  0.29226E-009
    3808  0.30729E-009
    3809  0.32220E-009
    3810  0.33698E-009
    3811  0.35165E-009
    3812  0.36622E-009
    3813  0.38068E-009
    3814  0.60089E-010
    3815  0.80511E-010
    3816  0.10876E-009
    3817  0.14028E-009
    3818  0.17251E-009
    3819  0.20449E-009
    3820  0.23599E-009
    3821  0.26695E-009
    3822  0.29739E-009
    3823  0.32734E-009
    3824  0.35681E-009
    3825  0.43622E-010
    3826  0.49243E-010
    3827  0.58234E-010
    3828  0.69842E-010
    3829  0.83411E-010
    3830  0.98334E-010
    3831  0.11399E-009
    3832  0.13012E-009
    3833  0.14635E-009
    3834  0.16262E-009
    3835  0.17879E-009
    3836  0.19486E-009
    3837  0.21080E-009
    3838  0.22661E-009
    3839  0.24228E-009
    3840  0.25782E-009
    3841  0.27322E-009
    3842  0.28850E-009
    3843  0.30364E-009
    3844  0.31867E-009
    3845  0.33357E-009
    3846  0.34835E-009
    3847  0.36302E-009
    3848  0.39625E-010
    3849  0.60382E-010
    3850  0.89090E-010
    3851  0.12111E-009
    3852  0.15385E-009
    3853  0.18633E-009
    3854  0.21830E-009
    3855  0.24972E-009
    3856  0.28061E-009
    3857  0.31098E-009
    3858  0.34086E-009
    3859  0.25550E-010
    3860  0.31252E-010
    3861  0.40372E-010
    3862  0.52147E-010
    3863  0.65909E-010
    3864  0.81043E-010
    3865  0.96924E-010
    3866  0.11327E-009
    3867  0.12972E-009
    3868  0.14622E-009
    3869  0.16261E-009
    3870  0.17890E-009
    3871  0.19505E-009
    3872  0.21107E-009
    3873  0.22694E-009
    3874  0.24268E-009
    3875  0.25828E-009
    3876  0.27375E-009
    3877  0.28909E-009
    3878  0.30430E-009
    3879  0.31938E-009
    3880  0.33435E-009
    3881  0.34919E-009
    3882  0.24141E-010
    3883  0.45153E-010
    3884  0.74209E-010
    3885  0.10662E-009
    3886  0.13974E-009
    3887  0.17259E-009
    3888  0.20492E-009
    3889  0.23670E-009
    3890  0.26792E-009
    3891  0.29862E-009
    3892  0.32882E-009
    3893  0.12543E-010
    3894  0.18303E-010
    3895  0.27517E-010
    3896  0.39411E-010
    3897  0.53313E-010
    3898  0.68600E-010
    3899  0.84641E-010
    3900  0.10115E-009
    3901  0.11777E-009
    3902  0.13442E-009
    3903  0.15097E-009
    3904  0.16742E-009
    3905  0.18372E-009
    3906  0.19988E-009
    3907  0.21591E-009
    3908  0.23179E-009
    3909  0.24753E-009
    3910  0.26314E-009
    3911  0.27862E-009
    3912  0.29396E-009
    3913  0.30918E-009
    3914  0.32429E-009
    3915  0.33926E-009
    3916  0.13752E-010
    3917  0.34936E-010
    3918  0.64227E-010
    3919  0.96892E-010
    3920  0.13028E-009
    3921  0.16338E-009
    3922  0.19595E-009
    3923  0.22796E-009
    3924  0.25941E-009
    3925  0.29032E-009
    3926  0.32072E-009
    3927  0.46989E-011
    3928  0.10494E-010
    3929  0.19765E-010
    3930  0.31732E-010
    3931  0.45718E-010
    3932  0.61097E-010
    3933  0.77234E-010
    3934  0.93843E-010
    3935  0.11055E-009
    3936  0.12731E-009
    3937  0.14395E-009
    3938  0.16049E-009
    3939  0.17688E-009
    3940  0.19314E-009
    3941  0.20925E-009
    3942  0.22522E-009
    3943  0.24105E-009
    3944  0.25674E-009
    3945  0.27229E-009
    3946  0.28771E-009
    3947  0.30299E-009
    3948  0.31816E-009
    3949  0.33321E-009
    3950  0.85379E-011
    3951  0.29808E-010
    3952  0.59218E-010
    3953  0.92011E-010
    3954  0.12553E-009
    3955  0.15876E-009
    3956  0.19145E-009
    3957  0.22357E-009
    3958  0.25513E-009
    3959  0.28614E-009
    3960  0.31663E-009
