       1  0.37528E-008
      14  0.58964E-009
      15  0.59050E-009
      16  0.59376E-009
      17  0.59885E-009
      18  0.60599E-009
      19  0.61528E-009
      20  0.62659E-009
      21  0.63969E-009
      22  0.65487E-009
      23  0.67206E-009
      24  0.69129E-009
      25  0.71221E-009
      26  0.73494E-009
      27  0.75960E-009
      28  0.78606E-009
      29  0.81410E-009
      30  0.84388E-009
      31  0.87543E-009
      32  0.90868E-009
      33  0.94335E-009
      34  0.97952E-009
      35  0.10172E-008
      36  0.10564E-008
      37  0.10969E-008
      38  0.11386E-008
      39  0.11817E-008
      40  0.12261E-008
      41  0.12715E-008
      42  0.13180E-008
      43  0.13656E-008
      44  0.14143E-008
      45  0.14637E-008
      46  0.15141E-008
      47  0.15653E-008
      48  0.16173E-008
      49  0.16700E-008
      50  0.17232E-008
      51  0.17771E-008
      52  0.18317E-008
      53  0.18866E-008
      54  0.19421E-008
      55  0.19979E-008
      56  0.20542E-008
      57  0.21108E-008
      58  0.21675E-008
      59  0.22246E-008
      60  0.22819E-008
      61  0.23393E-008
      62  0.23969E-008
      63  0.24545E-008
      64  0.25122E-008
      65  0.25700E-008
      66  0.26277E-008
      67  0.26854E-008
      68  0.27431E-008
      69  0.28007E-008
      70  0.28582E-008
      71  0.29156E-008
      72  0.29728E-008
      73  0.30300E-008
      74  0.30869E-008
      75  0.31437E-008
      76  0.32003E-008
      77  0.32567E-008
      78  0.33128E-008
      79  0.33688E-008
      80  0.34245E-008
      81  0.34799E-008
      82  0.35351E-008
      83  0.35900E-008
      84  0.36446E-008
      85  0.36988E-008
     807   0.0000     
     819  0.37046E-008
     820  0.13076E-011
     821  0.52242E-011
     822  0.11747E-010
     823  0.20860E-010
     824  0.32550E-010
     825  0.46791E-010
     826  0.63561E-010
     827  0.82825E-010
     828  0.10455E-009
     829  0.12869E-009
     830  0.15521E-009
     831  0.18406E-009
     832  0.21518E-009
     833  0.24852E-009
     834  0.28403E-009
     835  0.32163E-009
     836  0.36128E-009
     837  0.40289E-009
     838  0.44640E-009
     839  0.49173E-009
     840  0.53882E-009
     841  0.58759E-009
     842  0.63795E-009
     843  0.68984E-009
     844  0.74316E-009
     845  0.79786E-009
     846  0.85384E-009
     847  0.91102E-009
     848  0.96934E-009
     849  0.10287E-008
     850  0.10890E-008
     851  0.11503E-008
     852  0.12123E-008
     853  0.12751E-008
     854  0.13385E-008
     855  0.14026E-008
     856  0.14672E-008
     857  0.15322E-008
     858  0.15976E-008
     859  0.16634E-008
     860  0.17294E-008
     861  0.17957E-008
     862  0.18621E-008
     863  0.19286E-008
     864  0.19951E-008
     865  0.20617E-008
     866  0.21282E-008
     867  0.21946E-008
     868  0.22609E-008
     869  0.23270E-008
     870  0.23930E-008
     871  0.24587E-008
     872  0.25241E-008
     873  0.25893E-008
     874  0.26541E-008
     875  0.27187E-008
     876  0.27828E-008
     877  0.28467E-008
     878  0.29101E-008
     879  0.29732E-008
     880  0.30359E-008
     881  0.30982E-008
     882  0.31601E-008
     883  0.32217E-008
     884  0.32829E-008
     885  0.33437E-008
     886  0.34042E-008
     887  0.34644E-008
     888  0.35244E-008
     889  0.35843E-008
     890  0.36442E-008
    2714  0.56379E-009
    2715  0.53777E-009
    2716  0.51166E-009
    2717  0.48537E-009
    2718  0.45886E-009
    2719  0.43216E-009
    2720  0.40525E-009
    2721  0.37814E-009
    2722  0.35082E-009
    2723  0.32329E-009
    2724  0.29554E-009
    2725  0.26760E-009
    2726  0.23943E-009
    2727  0.21112E-009
    2728  0.18266E-009
    2729  0.15430E-009
    2730  0.12615E-009
    2731  0.98824E-010
    2732  0.72805E-010
    2733  0.49159E-010
    2734  0.28940E-010
    2735  0.13284E-010
    2736  0.34991E-011
    2737  0.37048E-008
    2738  0.37052E-008
    2739  0.37060E-008
    2740  0.37071E-008
    2741  0.37084E-008
    2742  0.37098E-008
    2743  0.37114E-008
    2744  0.37132E-008
    2745  0.37150E-008
    2746  0.37170E-008
    2747  0.37190E-008
    2748  0.37212E-008
    2749  0.37234E-008
    2750  0.37257E-008
    2751  0.37281E-008
    2752  0.37305E-008
    2753  0.37330E-008
    2754  0.37356E-008
    2755  0.37383E-008
    2756  0.37411E-008
    2757  0.37439E-008
    2758  0.37468E-008
    2759  0.37498E-008
    2760  0.36451E-008
    2761  0.36476E-008
    2762  0.36511E-008
    2763  0.36552E-008
    2764  0.36597E-008
    2765  0.36644E-008
    2766  0.36695E-008
    2767  0.36748E-008
    2768  0.36804E-008
    2769  0.36863E-008
    2770  0.36924E-008
    2771  0.35845E-008
    2772  0.35853E-008
    2773  0.35866E-008
    2774  0.35882E-008
    2775  0.35901E-008
    2776  0.35922E-008
    2777  0.35945E-008
    2778  0.35969E-008
    2779  0.35994E-008
    2780  0.36020E-008
    2781  0.36046E-008
    2782  0.36073E-008
    2783  0.36101E-008
    2784  0.36129E-008
    2785  0.36158E-008
    2786  0.36187E-008
    2787  0.36218E-008
    2788  0.36248E-008
    2789  0.36280E-008
    2790  0.36312E-008
    2791  0.36344E-008
    2792  0.36377E-008
    2793  0.36411E-008
    2794  0.35256E-008
    2795  0.35287E-008
    2796  0.35332E-008
    2797  0.35384E-008
    2798  0.35440E-008
    2799  0.35499E-008
    2800  0.35560E-008
    2801  0.35623E-008
    2802  0.35689E-008
    2803  0.35757E-008
    2804  0.35827E-008
    2805  0.34647E-008
    2806  0.34657E-008
    2807  0.34672E-008
    2808  0.34691E-008
    2809  0.34714E-008
    2810  0.34740E-008
    2811  0.34768E-008
    2812  0.34797E-008
    2813  0.34827E-008
    2814  0.34858E-008
    2815  0.34889E-008
    2816  0.34921E-008
    2817  0.34954E-008
    2818  0.34987E-008
    2819  0.35021E-008
    2820  0.35055E-008
    2821  0.35090E-008
    2822  0.35126E-008
    2823  0.35162E-008
    2824  0.35198E-008
    2825  0.35236E-008
    2826  0.35273E-008
    2827  0.35312E-008
    2828  0.34056E-008
    2829  0.34093E-008
    2830  0.34146E-008
    2831  0.34207E-008
    2832  0.34273E-008
    2833  0.34341E-008
    2834  0.34412E-008
    2835  0.34485E-008
    2836  0.34560E-008
    2837  0.34637E-008
    2838  0.34717E-008
    2839  0.33441E-008
    2840  0.33452E-008
    2841  0.33469E-008
    2842  0.33492E-008
    2843  0.33518E-008
    2844  0.33548E-008
    2845  0.33581E-008
    2846  0.33614E-008
    2847  0.33649E-008
    2848  0.33685E-008
    2849  0.33721E-008
    2850  0.33758E-008
    2851  0.33795E-008
    2852  0.33833E-008
    2853  0.33872E-008
    2854  0.33911E-008
    2855  0.33951E-008
    2856  0.33991E-008
    2857  0.34032E-008
    2858  0.34073E-008
    2859  0.34115E-008
    2860  0.34158E-008
    2861  0.34201E-008
    2862  0.32844E-008
    2863  0.32887E-008
    2864  0.32948E-008
    2865  0.33018E-008
    2866  0.33094E-008
    2867  0.33172E-008
    2868  0.33252E-008
    2869  0.33335E-008
    2870  0.33420E-008
    2871  0.33507E-008
    2872  0.33596E-008
    2873  0.32221E-008
    2874  0.32234E-008
    2875  0.32254E-008
    2876  0.32279E-008
    2877  0.32310E-008
    2878  0.32344E-008
    2879  0.32381E-008
    2880  0.32419E-008
    2881  0.32459E-008
    2882  0.32499E-008
    2883  0.32541E-008
    2884  0.32582E-008
    2885  0.32625E-008
    2886  0.32668E-008
    2887  0.32711E-008
    2888  0.32756E-008
    2889  0.32800E-008
    2890  0.32846E-008
    2891  0.32891E-008
    2892  0.32938E-008
    2893  0.32985E-008
    2894  0.33032E-008
    2895  0.33080E-008
    2896  0.31619E-008
    2897  0.31668E-008
    2898  0.31737E-008
    2899  0.31817E-008
    2900  0.31902E-008
    2901  0.31990E-008
    2902  0.32081E-008
    2903  0.32174E-008
    2904  0.32269E-008
    2905  0.32366E-008
    2906  0.32465E-008
    2907  0.30987E-008
    2908  0.31001E-008
    2909  0.31024E-008
    2910  0.31053E-008
    2911  0.31088E-008
    2912  0.31127E-008
    2913  0.31168E-008
    2914  0.31212E-008
    2915  0.31256E-008
    2916  0.31302E-008
    2917  0.31348E-008
    2918  0.31395E-008
    2919  0.31443E-008
    2920  0.31491E-008
    2921  0.31540E-008
    2922  0.31589E-008
    2923  0.31639E-008
    2924  0.31689E-008
    2925  0.31740E-008
    2926  0.31792E-008
    2927  0.31844E-008
    2928  0.31896E-008
    2929  0.31949E-008
    2930  0.30379E-008
    2931  0.30435E-008
    2932  0.30513E-008
    2933  0.30603E-008
    2934  0.30698E-008
    2935  0.30797E-008
    2936  0.30898E-008
    2937  0.31002E-008
    2938  0.31108E-008
    2939  0.31215E-008
    2940  0.31325E-008
    2941  0.29738E-008
    2942  0.29754E-008
    2943  0.29779E-008
    2944  0.29812E-008
    2945  0.29851E-008
    2946  0.29895E-008
    2947  0.29942E-008
    2948  0.29991E-008
    2949  0.30041E-008
    2950  0.30092E-008
    2951  0.30144E-008
    2952  0.30196E-008
    2953  0.30249E-008
    2954  0.30303E-008
    2955  0.30357E-008
    2956  0.30412E-008
    2957  0.30467E-008
    2958  0.30523E-008
    2959  0.30580E-008
    2960  0.30637E-008
    2961  0.30694E-008
    2962  0.30752E-008
    2963  0.30810E-008
    2964  0.29124E-008
    2965  0.29186E-008
    2966  0.29274E-008
    2967  0.29375E-008
    2968  0.29482E-008
    2969  0.29592E-008
    2970  0.29705E-008
    2971  0.29820E-008
    2972  0.29937E-008
    2973  0.30056E-008
    2974  0.30177E-008
    2975  0.28473E-008
    2976  0.28491E-008
    2977  0.28520E-008
    2978  0.28557E-008
    2979  0.28601E-008
    2980  0.28650E-008
    2981  0.28702E-008
    2982  0.28757E-008
    2983  0.28813E-008
    2984  0.28870E-008
    2985  0.28927E-008
    2986  0.28986E-008
    2987  0.29045E-008
    2988  0.29104E-008
    2989  0.29165E-008
    2990  0.29225E-008
    2991  0.29286E-008
    2992  0.29348E-008
    2993  0.29410E-008
    2994  0.29473E-008
    2995  0.29536E-008
    2996  0.29600E-008
    2997  0.29664E-008
    2998  0.27854E-008
    2999  0.27924E-008
    3000  0.28022E-008
    3001  0.28135E-008
    3002  0.28254E-008
    3003  0.28377E-008
    3004  0.28502E-008
    3005  0.28629E-008
    3006  0.28757E-008
    3007  0.28888E-008
    3008  0.29021E-008
    3009  0.27194E-008
    3010  0.27214E-008
    3011  0.27246E-008
    3012  0.27287E-008
    3013  0.27337E-008
    3014  0.27391E-008
    3015  0.27450E-008
    3016  0.27511E-008
    3017  0.27573E-008
    3018  0.27636E-008
    3019  0.27700E-008
    3020  0.27765E-008
    3021  0.27831E-008
    3022  0.27896E-008
    3023  0.27963E-008
    3024  0.28030E-008
    3025  0.28097E-008
    3026  0.28165E-008
    3027  0.28233E-008
    3028  0.28302E-008
    3029  0.28371E-008
    3030  0.28441E-008
    3031  0.28511E-008
    3032  0.26570E-008
    3033  0.26648E-008
    3034  0.26758E-008
    3035  0.26883E-008
    3036  0.27016E-008
    3037  0.27151E-008
    3038  0.27289E-008
    3039  0.27429E-008
    3040  0.27571E-008
    3041  0.27714E-008
    3042  0.27860E-008
    3043  0.25901E-008
    3044  0.25923E-008
    3045  0.25959E-008
    3046  0.26005E-008
    3047  0.26060E-008
    3048  0.26121E-008
    3049  0.26186E-008
    3050  0.26253E-008
    3051  0.26323E-008
    3052  0.26393E-008
    3053  0.26464E-008
    3054  0.26535E-008
    3055  0.26608E-008
    3056  0.26680E-008
    3057  0.26753E-008
    3058  0.26827E-008
    3059  0.26901E-008
    3060  0.26975E-008
    3061  0.27050E-008
    3062  0.27125E-008
    3063  0.27201E-008
    3064  0.27277E-008
    3065  0.27354E-008
    3066  0.25273E-008
    3067  0.25360E-008
    3068  0.25482E-008
    3069  0.25621E-008
    3070  0.25768E-008
    3071  0.25918E-008
    3072  0.26069E-008
    3073  0.26223E-008
    3074  0.26378E-008
    3075  0.26535E-008
    3076  0.26694E-008
    3077  0.24595E-008
    3078  0.24620E-008
    3079  0.24660E-008
    3080  0.24712E-008
    3081  0.24773E-008
    3082  0.24840E-008
    3083  0.24912E-008
    3084  0.24987E-008
    3085  0.25063E-008
    3086  0.25141E-008
    3087  0.25219E-008
    3088  0.25298E-008
    3089  0.25377E-008
    3090  0.25457E-008
    3091  0.25537E-008
    3092  0.25618E-008
    3093  0.25699E-008
    3094  0.25780E-008
    3095  0.25862E-008
    3096  0.25944E-008
    3097  0.26027E-008
    3098  0.26110E-008
    3099  0.26193E-008
    3100  0.23965E-008
    3101  0.24061E-008
    3102  0.24197E-008
    3103  0.24351E-008
    3104  0.24512E-008
    3105  0.24677E-008
    3106  0.24844E-008
    3107  0.25012E-008
    3108  0.25182E-008
    3109  0.25353E-008
    3110  0.25525E-008
    3111  0.23280E-008
    3112  0.23308E-008
    3113  0.23352E-008
    3114  0.23409E-008
    3115  0.23476E-008
    3116  0.23551E-008
    3117  0.23630E-008
    3118  0.23713E-008
    3119  0.23797E-008
    3120  0.23882E-008
    3121  0.23968E-008
    3122  0.24055E-008
    3123  0.24142E-008
    3124  0.24229E-008
    3125  0.24317E-008
    3126  0.24405E-008
    3127  0.24494E-008
    3128  0.24582E-008
    3129  0.24672E-008
    3130  0.24761E-008
    3131  0.24851E-008
    3132  0.24941E-008
    3133  0.25031E-008
    3134  0.22648E-008
    3135  0.22755E-008
    3136  0.22904E-008
    3137  0.23073E-008
    3138  0.23251E-008
    3139  0.23432E-008
    3140  0.23614E-008
    3141  0.23798E-008
    3142  0.23983E-008
    3143  0.24169E-008
    3144  0.24357E-008
    3145  0.21957E-008
    3146  0.21987E-008
    3147  0.22036E-008
    3148  0.22099E-008
    3149  0.22173E-008
    3150  0.22255E-008
    3151  0.22343E-008
    3152  0.22433E-008
    3153  0.22526E-008
    3154  0.22619E-008
    3155  0.22713E-008
    3156  0.22808E-008
    3157  0.22903E-008
    3158  0.22999E-008
    3159  0.23095E-008
    3160  0.23191E-008
    3161  0.23287E-008
    3162  0.23384E-008
    3163  0.23480E-008
    3164  0.23577E-008
    3165  0.23675E-008
    3166  0.23772E-008
    3167  0.23870E-008
    3168  0.21325E-008
    3169  0.21442E-008
    3170  0.21606E-008
    3171  0.21792E-008
    3172  0.21987E-008
    3173  0.22185E-008
    3174  0.22383E-008
    3175  0.22583E-008
    3176  0.22784E-008
    3177  0.22986E-008
    3178  0.23189E-008
    3179  0.20629E-008
    3180  0.20662E-008
    3181  0.20716E-008
    3182  0.20785E-008
    3183  0.20866E-008
    3184  0.20957E-008
    3185  0.21052E-008
    3186  0.21151E-008
    3187  0.21252E-008
    3188  0.21355E-008
    3189  0.21458E-008
    3190  0.21561E-008
    3191  0.21665E-008
    3192  0.21769E-008
    3193  0.21873E-008
    3194  0.21977E-008
    3195  0.22082E-008
    3196  0.22186E-008
    3197  0.22291E-008
    3198  0.22396E-008
    3199  0.22501E-008
    3200  0.22607E-008
    3201  0.22713E-008
    3202  0.19999E-008
    3203  0.20127E-008
    3204  0.20307E-008
    3205  0.20511E-008
    3206  0.20723E-008
    3207  0.20938E-008
    3208  0.21154E-008
    3209  0.21371E-008
    3210  0.21589E-008
    3211  0.21807E-008
    3212  0.22026E-008
    3213  0.19299E-008
    3214  0.19335E-008
    3215  0.19394E-008
    3216  0.19470E-008
    3217  0.19559E-008
    3218  0.19657E-008
    3219  0.19762E-008
    3220  0.19870E-008
    3221  0.19980E-008
    3222  0.20092E-008
    3223  0.20204E-008
    3224  0.20316E-008
    3225  0.20429E-008
    3226  0.20541E-008
    3227  0.20654E-008
    3228  0.20767E-008
    3229  0.20880E-008
    3230  0.20994E-008
    3231  0.21107E-008
    3232  0.21220E-008
    3233  0.21334E-008
    3234  0.21448E-008
    3235  0.21561E-008
    3236  0.18673E-008
    3237  0.18813E-008
    3238  0.19009E-008
    3239  0.19231E-008
    3240  0.19462E-008
    3241  0.19696E-008
    3242  0.19930E-008
    3243  0.20165E-008
    3244  0.20400E-008
    3245  0.20635E-008
    3246  0.20871E-008
    3247  0.17971E-008
    3248  0.18011E-008
    3249  0.18075E-008
    3250  0.18157E-008
    3251  0.18254E-008
    3252  0.18362E-008
    3253  0.18475E-008
    3254  0.18593E-008
    3255  0.18713E-008
    3256  0.18834E-008
    3257  0.18955E-008
    3258  0.19077E-008
    3259  0.19199E-008
    3260  0.19321E-008
    3261  0.19443E-008
    3262  0.19565E-008
    3263  0.19687E-008
    3264  0.19809E-008
    3265  0.19931E-008
    3266  0.20053E-008
    3267  0.20175E-008
    3268  0.20297E-008
    3269  0.20419E-008
    3270  0.17351E-008
    3271  0.17503E-008
    3272  0.17717E-008
    3273  0.17958E-008
    3274  0.18208E-008
    3275  0.18461E-008
    3276  0.18714E-008
    3277  0.18967E-008
    3278  0.19220E-008
    3279  0.19473E-008
    3280  0.19726E-008
    3281  0.16650E-008
    3282  0.16693E-008
    3283  0.16762E-008
    3284  0.16852E-008
    3285  0.16957E-008
    3286  0.17074E-008
    3287  0.17197E-008
    3288  0.17325E-008
    3289  0.17454E-008
    3290  0.17585E-008
    3291  0.17716E-008
    3292  0.17847E-008
    3293  0.17979E-008
    3294  0.18110E-008
    3295  0.18242E-008
    3296  0.18373E-008
    3297  0.18504E-008
    3298  0.18635E-008
    3299  0.18766E-008
    3300  0.18897E-008
    3301  0.19028E-008
    3302  0.19159E-008
    3303  0.19290E-008
    3304  0.16038E-008
    3305  0.16203E-008
    3306  0.16434E-008
    3307  0.16695E-008
    3308  0.16965E-008
    3309  0.17238E-008
    3310  0.17510E-008
    3311  0.17782E-008
    3312  0.18054E-008
    3313  0.18325E-008
    3314  0.18596E-008
    3315  0.15339E-008
    3316  0.15386E-008
    3317  0.15461E-008
    3318  0.15558E-008
    3319  0.15672E-008
    3320  0.15798E-008
    3321  0.15931E-008
    3322  0.16068E-008
    3323  0.16208E-008
    3324  0.16349E-008
    3325  0.16490E-008
    3326  0.16632E-008
    3327  0.16773E-008
    3328  0.16914E-008
    3329  0.17055E-008
    3330  0.17196E-008
    3331  0.17337E-008
    3332  0.17477E-008
    3333  0.17617E-008
    3334  0.17757E-008
    3335  0.17897E-008
    3336  0.18037E-008
    3337  0.18177E-008
    3338  0.14738E-008
    3339  0.14916E-008
    3340  0.15166E-008
    3341  0.15446E-008
    3342  0.15737E-008
    3343  0.16030E-008
    3344  0.16323E-008
    3345  0.16614E-008
    3346  0.16905E-008
    3347  0.17195E-008
    3348  0.17483E-008
    3349  0.14044E-008
    3350  0.14094E-008
    3351  0.14175E-008
    3352  0.14280E-008
    3353  0.14403E-008
    3354  0.14538E-008
    3355  0.14681E-008
    3356  0.14829E-008
    3357  0.14980E-008
    3358  0.15131E-008
    3359  0.15282E-008
    3360  0.15434E-008
    3361  0.15585E-008
    3362  0.15737E-008
    3363  0.15887E-008
    3364  0.16038E-008
    3365  0.16188E-008
    3366  0.16338E-008
    3367  0.16488E-008
    3368  0.16637E-008
    3369  0.16786E-008
    3370  0.16935E-008
    3371  0.17084E-008
    3372  0.13456E-008
    3373  0.13649E-008
    3374  0.13916E-008
    3375  0.14218E-008
    3376  0.14530E-008
    3377  0.14844E-008
    3378  0.15156E-008
    3379  0.15468E-008
    3380  0.15777E-008
    3381  0.16086E-008
    3382  0.16393E-008
    3383  0.12770E-008
    3384  0.12824E-008
    3385  0.12911E-008
    3386  0.13024E-008
    3387  0.13155E-008
    3388  0.13301E-008
    3389  0.13454E-008
    3390  0.13613E-008
    3391  0.13773E-008
    3392  0.13935E-008
    3393  0.14097E-008
    3394  0.14259E-008
    3395  0.14421E-008
    3396  0.14582E-008
    3397  0.14743E-008
    3398  0.14903E-008
    3399  0.15063E-008
    3400  0.15223E-008
    3401  0.15382E-008
    3402  0.15541E-008
    3403  0.15699E-008
    3404  0.15857E-008
    3405  0.16015E-008
    3406  0.12199E-008
    3407  0.12405E-008
    3408  0.12692E-008
    3409  0.13014E-008
    3410  0.13348E-008
    3411  0.13682E-008
    3412  0.14015E-008
    3413  0.14346E-008
    3414  0.14676E-008
    3415  0.15003E-008
    3416  0.15329E-008
    3417  0.11523E-008
    3418  0.11581E-008
    3419  0.11674E-008
    3420  0.11794E-008
    3421  0.11935E-008
    3422  0.12090E-008
    3423  0.12254E-008
    3424  0.12423E-008
    3425  0.12595E-008
    3426  0.12767E-008
    3427  0.12940E-008
    3428  0.13112E-008
    3429  0.13284E-008
    3430  0.13456E-008
    3431  0.13627E-008
    3432  0.13797E-008
    3433  0.13967E-008
    3434  0.14136E-008
    3435  0.14305E-008
    3436  0.14473E-008
    3437  0.14640E-008
    3438  0.14807E-008
    3439  0.14974E-008
    3440  0.10972E-008
    3441  0.11191E-008
    3442  0.11497E-008
    3443  0.11841E-008
    3444  0.12195E-008
    3445  0.12551E-008
    3446  0.12904E-008
    3447  0.13256E-008
    3448  0.13604E-008
    3449  0.13951E-008
    3450  0.14295E-008
    3451  0.10309E-008
    3452  0.10371E-008
    3453  0.10470E-008
    3454  0.10597E-008
    3455  0.10747E-008
    3456  0.10913E-008
    3457  0.11087E-008
    3458  0.11267E-008
    3459  0.11449E-008
    3460  0.11632E-008
    3461  0.11815E-008
    3462  0.11998E-008
    3463  0.12180E-008
    3464  0.12362E-008
    3465  0.12543E-008
    3466  0.12723E-008
    3467  0.12903E-008
    3468  0.13082E-008
    3469  0.13260E-008
    3470  0.13437E-008
    3471  0.13614E-008
    3472  0.13791E-008
    3473  0.13967E-008
    3474  0.97797E-009
    3475  0.10013E-008
    3476  0.10338E-008
    3477  0.10703E-008
    3478  0.11079E-008
    3479  0.11455E-008
    3480  0.11829E-008
    3481  0.12200E-008
    3482  0.12568E-008
    3483  0.12934E-008
    3484  0.13296E-008
    3485  0.91336E-009
    3486  0.91991E-009
    3487  0.93040E-009
    3488  0.94396E-009
    3489  0.95985E-009
    3490  0.97737E-009
    3491  0.99582E-009
    3492  0.10149E-008
    3493  0.10342E-008
    3494  0.10535E-008
    3495  0.10729E-008
    3496  0.10922E-008
    3497  0.11115E-008
    3498  0.11307E-008
    3499  0.11497E-008
    3500  0.11688E-008
    3501  0.11877E-008
    3502  0.12065E-008
    3503  0.12253E-008
    3504  0.12440E-008
    3505  0.12626E-008
    3506  0.12811E-008
    3507  0.12996E-008
    3508  0.86298E-009
    3509  0.88771E-009
    3510  0.92206E-009
    3511  0.96061E-009
    3512  0.10003E-008
    3513  0.10401E-008
    3514  0.10795E-008
    3515  0.11186E-008
    3516  0.11573E-008
    3517  0.11956E-008
    3518  0.12337E-008
    3519  0.80033E-009
    3520  0.80725E-009
    3521  0.81833E-009
    3522  0.83266E-009
    3523  0.84944E-009
    3524  0.86794E-009
    3525  0.88741E-009
    3526  0.90752E-009
    3527  0.92783E-009
    3528  0.94828E-009
    3529  0.96867E-009
    3530  0.98903E-009
    3531  0.10093E-008
    3532  0.10294E-008
    3533  0.10495E-008
    3534  0.10695E-008
    3535  0.10894E-008
    3536  0.11091E-008
    3537  0.11288E-008
    3538  0.11484E-008
    3539  0.11679E-008
    3540  0.11874E-008
    3541  0.12067E-008
    3542  0.75281E-009
    3543  0.77888E-009
    3544  0.81508E-009
    3545  0.85568E-009
    3546  0.89747E-009
    3547  0.93923E-009
    3548  0.98063E-009
    3549  0.10216E-008
    3550  0.10622E-008
    3551  0.11024E-008
    3552  0.11422E-008
    3553  0.69244E-009
    3554  0.69972E-009
    3555  0.71138E-009
    3556  0.72646E-009
    3557  0.74411E-009
    3558  0.76356E-009
    3559  0.78403E-009
    3560  0.80516E-009
    3561  0.82650E-009
    3562  0.84797E-009
    3563  0.86937E-009
    3564  0.89072E-009
    3565  0.91196E-009
    3566  0.93309E-009
    3567  0.95412E-009
    3568  0.97503E-009
    3569  0.99583E-009
    3570  0.10165E-008
    3571  0.10371E-008
    3572  0.10576E-008
    3573  0.10780E-008
    3574  0.10983E-008
    3575  0.11185E-008
    3576  0.64808E-009
    3577  0.67546E-009
    3578  0.71346E-009
    3579  0.75604E-009
    3580  0.79984E-009
    3581  0.84358E-009
    3582  0.88690E-009
    3583  0.92976E-009
    3584  0.97216E-009
    3585  0.10141E-008
    3586  0.10556E-008
    3587  0.59031E-009
    3588  0.59795E-009
    3589  0.61017E-009
    3590  0.62597E-009
    3591  0.64446E-009
    3592  0.66484E-009
    3593  0.68627E-009
    3594  0.70839E-009
    3595  0.73072E-009
    3596  0.75317E-009
    3597  0.77555E-009
    3598  0.79786E-009
    3599  0.82005E-009
    3600  0.84212E-009
    3601  0.86406E-009
    3602  0.88589E-009
    3603  0.90759E-009
    3604  0.92917E-009
    3605  0.95063E-009
    3606  0.97197E-009
    3607  0.99319E-009
    3608  0.10143E-008
    3609  0.10354E-008
    3610  0.54942E-009
    3611  0.57805E-009
    3612  0.61778E-009
    3613  0.66228E-009
    3614  0.70801E-009
    3615  0.75364E-009
    3616  0.79881E-009
    3617  0.84346E-009
    3618  0.88760E-009
    3619  0.93124E-009
    3620  0.97441E-009
    3621  0.49458E-009
    3622  0.50255E-009
    3623  0.51531E-009
    3624  0.53180E-009
    3625  0.55110E-009
    3626  0.57235E-009
    3627  0.59471E-009
    3628  0.61777E-009
    3629  0.64105E-009
    3630  0.66444E-009
    3631  0.68775E-009
    3632  0.71098E-009
    3633  0.73407E-009
    3634  0.75703E-009
    3635  0.77986E-009
    3636  0.80255E-009
    3637  0.82510E-009
    3638  0.84752E-009
    3639  0.86981E-009
    3640  0.89198E-009
    3641  0.91401E-009
    3642  0.93593E-009
    3643  0.95777E-009
    3644  0.45743E-009
    3645  0.48727E-009
    3646  0.52863E-009
    3647  0.57495E-009
    3648  0.62252E-009
    3649  0.66994E-009
    3650  0.71686E-009
    3651  0.76320E-009
    3652  0.80899E-009
    3653  0.85423E-009
    3654  0.89897E-009
    3655  0.40585E-009
    3656  0.41414E-009
    3657  0.42740E-009
    3658  0.44454E-009
    3659  0.46459E-009
    3660  0.48668E-009
    3661  0.50991E-009
    3662  0.53386E-009
    3663  0.55802E-009
    3664  0.58231E-009
    3665  0.60649E-009
    3666  0.63059E-009
    3667  0.65453E-009
    3668  0.67833E-009
    3669  0.70198E-009
    3670  0.72549E-009
    3671  0.74884E-009
    3672  0.77206E-009
    3673  0.79513E-009
    3674  0.81806E-009
    3675  0.84085E-009
    3676  0.86353E-009
    3677  0.88614E-009
    3678  0.37273E-009
    3679  0.40368E-009
    3680  0.44658E-009
    3681  0.49459E-009
    3682  0.54387E-009
    3683  0.59298E-009
    3684  0.64153E-009
    3685  0.68946E-009
    3686  0.73678E-009
    3687  0.78351E-009
    3688  0.82969E-009
    3689  0.32470E-009
    3690  0.33328E-009
    3691  0.34701E-009
    3692  0.36476E-009
    3693  0.38552E-009
    3694  0.40838E-009
    3695  0.43241E-009
    3696  0.45719E-009
    3697  0.48218E-009
    3698  0.50728E-009
    3699  0.53228E-009
    3700  0.55718E-009
    3701  0.58191E-009
    3702  0.60649E-009
    3703  0.63091E-009
    3704  0.65517E-009
    3705  0.67927E-009
    3706  0.70321E-009
    3707  0.72700E-009
    3708  0.75064E-009
    3709  0.77413E-009
    3710  0.79749E-009
    3711  0.82074E-009
    3712  0.29586E-009
    3713  0.32784E-009
    3714  0.37215E-009
    3715  0.42173E-009
    3716  0.47259E-009
    3717  0.52324E-009
    3718  0.57329E-009
    3719  0.62268E-009
    3720  0.67141E-009
    3721  0.71951E-009
    3722  0.76703E-009
    3723  0.25168E-009
    3724  0.26053E-009
    3725  0.27469E-009
    3726  0.29299E-009
    3727  0.31439E-009
    3728  0.33796E-009
    3729  0.36272E-009
    3730  0.38826E-009
    3731  0.41400E-009
    3732  0.43985E-009
    3733  0.46559E-009
    3734  0.49122E-009
    3735  0.51667E-009
    3736  0.54196E-009
    3737  0.56708E-009
    3738  0.59202E-009
    3739  0.61680E-009
    3740  0.64141E-009
    3741  0.66586E-009
    3742  0.69016E-009
    3743  0.71429E-009
    3744  0.73830E-009
    3745  0.76222E-009
    3746  0.22736E-009
    3747  0.26027E-009
    3748  0.30586E-009
    3749  0.35684E-009
    3750  0.40912E-009
    3751  0.46116E-009
    3752  0.51256E-009
    3753  0.56326E-009
    3754  0.61327E-009
    3755  0.66261E-009
    3756  0.71134E-009
    3757  0.18731E-009
    3758  0.19639E-009
    3759  0.21094E-009
    3760  0.22972E-009
    3761  0.25170E-009
    3762  0.27589E-009
    3763  0.30131E-009
    3764  0.32752E-009
    3765  0.35393E-009
    3766  0.38045E-009
    3767  0.40684E-009
    3768  0.43313E-009
    3769  0.45922E-009
    3770  0.48514E-009
    3771  0.51088E-009
    3772  0.53644E-009
    3773  0.56181E-009
    3774  0.58702E-009
    3775  0.61206E-009
    3776  0.63693E-009
    3777  0.66163E-009
    3778  0.68619E-009
    3779  0.71061E-009
    3780  0.16770E-009
    3781  0.20142E-009
    3782  0.24813E-009
    3783  0.30035E-009
    3784  0.35389E-009
    3785  0.40715E-009
    3786  0.45974E-009
    3787  0.51158E-009
    3788  0.56270E-009
    3789  0.61313E-009
    3790  0.66290E-009
    3791  0.13202E-009
    3792  0.14131E-009
    3793  0.15619E-009
    3794  0.17540E-009
    3795  0.19787E-009
    3796  0.22261E-009
    3797  0.24860E-009
    3798  0.27538E-009
    3799  0.30237E-009
    3800  0.32947E-009
    3801  0.35644E-009
    3802  0.38328E-009
    3803  0.40992E-009
    3804  0.43639E-009
    3805  0.46266E-009
    3806  0.48875E-009
    3807  0.51464E-009
    3808  0.54036E-009
    3809  0.56589E-009
    3810  0.59126E-009
    3811  0.61644E-009
    3812  0.64149E-009
    3813  0.66643E-009
    3814  0.11729E-009
    3815  0.15171E-009
    3816  0.19938E-009
    3817  0.25265E-009
    3818  0.30725E-009
    3819  0.36156E-009
    3820  0.41515E-009
    3821  0.46797E-009
    3822  0.52002E-009
    3823  0.57135E-009
    3824  0.62199E-009
    3825  0.86211E-010
    3826  0.95679E-010
    3827  0.11083E-009
    3828  0.13040E-009
    3829  0.15329E-009
    3830  0.17848E-009
    3831  0.20494E-009
    3832  0.23221E-009
    3833  0.25968E-009
    3834  0.28727E-009
    3835  0.31470E-009
    3836  0.34202E-009
    3837  0.36912E-009
    3838  0.39604E-009
    3839  0.42276E-009
    3840  0.44928E-009
    3841  0.47560E-009
    3842  0.50173E-009
    3843  0.52768E-009
    3844  0.55344E-009
    3845  0.57902E-009
    3846  0.60443E-009
    3847  0.62972E-009
    3848  0.76515E-010
    3849  0.11150E-009
    3850  0.15995E-009
    3851  0.21408E-009
    3852  0.26955E-009
    3853  0.32470E-009
    3854  0.37911E-009
    3855  0.43271E-009
    3856  0.48553E-009
    3857  0.53758E-009
    3858  0.58893E-009
    3859  0.50226E-010
    3860  0.59832E-010
    3861  0.75202E-010
    3862  0.95053E-010
    3863  0.11827E-009
    3864  0.14382E-009
    3865  0.17066E-009
    3866  0.19831E-009
    3867  0.22616E-009
    3868  0.25413E-009
    3869  0.28194E-009
    3870  0.30962E-009
    3871  0.33709E-009
    3872  0.36437E-009
    3873  0.39144E-009
    3874  0.41830E-009
    3875  0.44497E-009
    3876  0.47143E-009
    3877  0.49771E-009
    3878  0.52379E-009
    3879  0.54969E-009
    3880  0.57543E-009
    3881  0.60104E-009
    3882  0.45664E-010
    3883  0.81083E-010
    3884  0.13012E-009
    3885  0.18491E-009
    3886  0.24103E-009
    3887  0.29683E-009
    3888  0.35186E-009
    3889  0.40607E-009
    3890  0.45947E-009
    3891  0.51208E-009
    3892  0.56397E-009
    3893  0.24330E-010
    3894  0.34035E-010
    3895  0.49563E-010
    3896  0.69618E-010
    3897  0.93072E-010
    3898  0.11888E-009
    3899  0.14599E-009
    3900  0.17392E-009
    3901  0.20205E-009
    3902  0.23029E-009
    3903  0.25838E-009
    3904  0.28633E-009
    3905  0.31406E-009
    3906  0.34160E-009
    3907  0.36892E-009
    3908  0.39603E-009
    3909  0.42294E-009
    3910  0.44965E-009
    3911  0.47616E-009
    3912  0.50248E-009
    3913  0.52859E-009
    3914  0.55454E-009
    3915  0.58031E-009
    3916  0.24970E-010
    3917  0.60680E-010
    3918  0.11012E-009
    3919  0.16535E-009
    3920  0.22191E-009
    3921  0.27814E-009
    3922  0.33360E-009
    3923  0.38821E-009
    3924  0.44200E-009
    3925  0.49499E-009
    3926  0.54722E-009
    3927  0.87161E-011
    3928  0.18481E-010
    3929  0.34105E-010
    3930  0.54283E-010
    3931  0.77880E-010
    3932  0.10385E-009
    3933  0.13112E-009
    3934  0.15921E-009
    3935  0.18752E-009
    3936  0.21592E-009
    3937  0.24417E-009
    3938  0.27229E-009
    3939  0.30018E-009
    3940  0.32787E-009
    3941  0.35535E-009
    3942  0.38262E-009
    3943  0.40968E-009
    3944  0.43653E-009
    3945  0.46319E-009
    3946  0.48965E-009
    3947  0.51590E-009
    3948  0.54199E-009
    3949  0.56794E-009
    3950  0.14585E-010
    3951  0.50441E-010
    3952  0.10008E-009
    3953  0.15553E-009
    3954  0.21232E-009
    3955  0.26877E-009
    3956  0.32444E-009
    3957  0.37926E-009
    3958  0.43325E-009
    3959  0.48643E-009
    3960  0.53887E-009
