       1  0.37941E-008
      14  0.33391E-008
      15  0.33400E-008
      16  0.33428E-008
      17  0.33474E-008
      18  0.33539E-008
      19  0.33622E-008
      20  0.33723E-008
      21  0.33841E-008
      22  0.33977E-008
      23  0.34128E-008
      24  0.34295E-008
      25  0.34478E-008
      26  0.34676E-008
      27  0.34888E-008
      28  0.35113E-008
      29  0.35351E-008
      30  0.35600E-008
      31  0.35861E-008
      32  0.36133E-008
      33  0.36414E-008
      34  0.36704E-008
      35  0.37003E-008
      36  0.37309E-008
      37  0.37622E-008
     279   0.0000     
     291  0.24393E-008
     292  0.78028E-011
     293  0.30539E-010
     294  0.68379E-010
     295  0.12023E-009
     296  0.18575E-009
     297  0.26356E-009
     298  0.35285E-009
     299  0.45213E-009
     300  0.56023E-009
     301  0.67569E-009
     302  0.79716E-009
     303  0.92333E-009
     304  0.10528E-008
     305  0.11845E-008
     306  0.13172E-008
     307  0.14500E-008
     308  0.15820E-008
     309  0.17125E-008
     310  0.18408E-008
     311  0.19666E-008
     312  0.20892E-008
     313  0.22089E-008
     314  0.23260E-008
     938  0.32475E-008
     939  0.31523E-008
     940  0.30533E-008
     941  0.29502E-008
     942  0.28426E-008
     943  0.27302E-008
     944  0.26125E-008
     945  0.24890E-008
     946  0.23592E-008
     947  0.22225E-008
     948  0.20781E-008
     949  0.19255E-008
     950  0.17636E-008
     951  0.15922E-008
     952  0.14100E-008
     953  0.12188E-008
     954  0.10183E-008
     955  0.81431E-009
     956  0.61087E-009
     957  0.41912E-009
     958  0.24999E-009
     959  0.11579E-009
     960  0.30985E-010
     961  0.24445E-008
     962  0.24610E-008
     963  0.24883E-008
     964  0.25245E-008
     965  0.25686E-008
     966  0.26191E-008
     967  0.26746E-008
     968  0.27342E-008
     969  0.27967E-008
     970  0.28615E-008
     971  0.29279E-008
     972  0.29954E-008
     973  0.30634E-008
     974  0.31319E-008
     975  0.32004E-008
     976  0.32689E-008
     977  0.33369E-008
     978  0.34044E-008
     979  0.34714E-008
     980  0.35376E-008
     981  0.36030E-008
     982  0.36676E-008
     983  0.37313E-008
     984  0.23510E-008
     985  0.24223E-008
     986  0.25270E-008
     987  0.26525E-008
     988  0.27894E-008
     989  0.29317E-008
     990  0.30756E-008
     991  0.32189E-008
     992  0.33600E-008
     993  0.34979E-008
     994  0.36321E-008
     995  0.22164E-008
     996  0.22376E-008
     997  0.22719E-008
     998  0.23172E-008
     999  0.23715E-008
    1000  0.24329E-008
    1001  0.24993E-008
    1002  0.25696E-008
    1003  0.26422E-008
    1004  0.27167E-008
    1005  0.27920E-008
    1006  0.28678E-008
    1007  0.29437E-008
    1008  0.30194E-008
    1009  0.30947E-008
    1010  0.31693E-008
    1011  0.32431E-008
    1012  0.33161E-008
    1013  0.33880E-008
    1014  0.34588E-008
    1015  0.35286E-008
    1016  0.35972E-008
    1017  0.36646E-008
    1018  0.21214E-008
    1019  0.22099E-008
    1020  0.23372E-008
    1021  0.24857E-008
    1022  0.26435E-008
    1023  0.28040E-008
    1024  0.29636E-008
    1025  0.31202E-008
    1026  0.32727E-008
    1027  0.34204E-008
    1028  0.35630E-008
    1029  0.19759E-008
    1030  0.20023E-008
    1031  0.20448E-008
    1032  0.21003E-008
    1033  0.21663E-008
    1034  0.22400E-008
    1035  0.23188E-008
    1036  0.24010E-008
    1037  0.24851E-008
    1038  0.25702E-008
    1039  0.26554E-008
    1040  0.27404E-008
    1041  0.28247E-008
    1042  0.29081E-008
    1043  0.29905E-008
    1044  0.30717E-008
    1045  0.31516E-008
    1046  0.32301E-008
    1047  0.33071E-008
    1048  0.33827E-008
    1049  0.34569E-008
    1050  0.35295E-008
    1051  0.36007E-008
    1052  0.18804E-008
    1053  0.19887E-008
    1054  0.21416E-008
    1055  0.23159E-008
    1056  0.24969E-008
    1057  0.26771E-008
    1058  0.28534E-008
    1059  0.30240E-008
    1060  0.31883E-008
    1061  0.33459E-008
    1062  0.34969E-008
    1063  0.17240E-008
    1064  0.17563E-008
    1065  0.18082E-008
    1066  0.18755E-008
    1067  0.19547E-008
    1068  0.20424E-008
    1069  0.21349E-008
    1070  0.22306E-008
    1071  0.23272E-008
    1072  0.24239E-008
    1073  0.25198E-008
    1074  0.26145E-008
    1075  0.27078E-008
    1076  0.27994E-008
    1077  0.28892E-008
    1078  0.29772E-008
    1079  0.30632E-008
    1080  0.31474E-008
    1081  0.32297E-008
    1082  0.33100E-008
    1083  0.33885E-008
    1084  0.34652E-008
    1085  0.35401E-008
    1086  0.16302E-008
    1087  0.17610E-008
    1088  0.19426E-008
    1089  0.21455E-008
    1090  0.23515E-008
    1091  0.25528E-008
    1092  0.27464E-008
    1093  0.29314E-008
    1094  0.31076E-008
    1095  0.32752E-008
    1096  0.34346E-008
    1097  0.14640E-008
    1098  0.15030E-008
    1099  0.15654E-008
    1100  0.16459E-008
    1101  0.17399E-008
    1102  0.18430E-008
    1103  0.19507E-008
    1104  0.20609E-008
    1105  0.21710E-008
    1106  0.22801E-008
    1107  0.23873E-008
    1108  0.24923E-008
    1109  0.25948E-008
    1110  0.26948E-008
    1111  0.27921E-008
    1112  0.28870E-008
    1113  0.29793E-008
    1114  0.30691E-008
    1115  0.31565E-008
    1116  0.32416E-008
    1117  0.33244E-008
    1118  0.34051E-008
    1119  0.34836E-008
    1120  0.13751E-008
    1121  0.15307E-008
    1122  0.17438E-008
    1123  0.19774E-008
    1124  0.22101E-008
    1125  0.24332E-008
    1126  0.26445E-008
    1127  0.28439E-008
    1128  0.30320E-008
    1129  0.32093E-008
    1130  0.33767E-008
    1131  0.12012E-008
    1132  0.12475E-008
    1133  0.13214E-008
    1134  0.14163E-008
    1135  0.15263E-008
    1136  0.16459E-008
    1137  0.17698E-008
    1138  0.18955E-008
    1139  0.20196E-008
    1140  0.21417E-008
    1141  0.22604E-008
    1142  0.23758E-008
    1143  0.24876E-008
    1144  0.25960E-008
    1145  0.27009E-008
    1146  0.28025E-008
    1147  0.29009E-008
    1148  0.29963E-008
    1149  0.30887E-008
    1150  0.31784E-008
    1151  0.32653E-008
    1152  0.33497E-008
    1153  0.34317E-008
    1154  0.11211E-008
    1155  0.13033E-008
    1156  0.15498E-008
    1157  0.18155E-008
    1158  0.20754E-008
    1159  0.23205E-008
    1160  0.25494E-008
    1161  0.27629E-008
    1162  0.29623E-008
    1163  0.31490E-008
    1164  0.33241E-008
    1165  0.94284E-009
    1166  0.99690E-009
    1167  0.10829E-008
    1168  0.11928E-008
    1169  0.13194E-008
    1170  0.14563E-008
    1171  0.15969E-008
    1172  0.17382E-008
    1173  0.18766E-008
    1174  0.20116E-008
    1175  0.21418E-008
    1176  0.22676E-008
    1177  0.23885E-008
    1178  0.25050E-008
    1179  0.26172E-008
    1180  0.27253E-008
    1181  0.28296E-008
    1182  0.29302E-008
    1183  0.30273E-008
    1184  0.31212E-008
    1185  0.32120E-008
    1186  0.32999E-008
    1187  0.33851E-008
    1188  0.87608E-009
    1189  0.10857E-008
    1190  0.13661E-008
    1191  0.16640E-008
    1192  0.19508E-008
    1193  0.22173E-008
    1194  0.24630E-008
    1195  0.26899E-008
    1196  0.28999E-008
    1197  0.30952E-008
    1198  0.32774E-008
    1199  0.69808E-009
    1200  0.75989E-009
    1201  0.85808E-009
    1202  0.98296E-009
    1203  0.11262E-008
    1204  0.12801E-008
    1205  0.14370E-008
    1206  0.15937E-008
    1207  0.17459E-008
    1208  0.18934E-008
    1209  0.20346E-008
    1210  0.21701E-008
    1211  0.22996E-008
    1212  0.24237E-008
    1213  0.25426E-008
    1214  0.26568E-008
    1215  0.27664E-008
    1216  0.28718E-008
    1217  0.29733E-008
    1218  0.30710E-008
    1219  0.31653E-008
    1220  0.32564E-008
    1221  0.33444E-008
    1222  0.64957E-009
    1223  0.88574E-009
    1224  0.11990E-008
    1225  0.15277E-008
    1226  0.18398E-008
    1227  0.21262E-008
    1228  0.23873E-008
    1229  0.26262E-008
    1230  0.28459E-008
    1231  0.30488E-008
    1232  0.32372E-008
    1233  0.47725E-009
    1234  0.54638E-009
    1235  0.65605E-009
    1236  0.79506E-009
    1237  0.95382E-009
    1238  0.11236E-008
    1239  0.12957E-008
    1240  0.14667E-008
    1241  0.16316E-008
    1242  0.17905E-008
    1243  0.19417E-008
    1244  0.20859E-008
    1245  0.22231E-008
    1246  0.23540E-008
    1247  0.24790E-008
    1248  0.25984E-008
    1249  0.27127E-008
    1250  0.28223E-008
    1251  0.29275E-008
    1252  0.30287E-008
    1253  0.31260E-008
    1254  0.32198E-008
    1255  0.33103E-008
    1256  0.45170E-009
    1257  0.71206E-009
    1258  0.10549E-008
    1259  0.14112E-008
    1260  0.17458E-008
    1261  0.20496E-008
    1262  0.23241E-008
    1263  0.25734E-008
    1264  0.28012E-008
    1265  0.30106E-008
    1266  0.32042E-008
    1267  0.29107E-009
    1268  0.36660E-009
    1269  0.48630E-009
    1270  0.63764E-009
    1271  0.80992E-009
    1272  0.99355E-009
    1273  0.11788E-008
    1274  0.13619E-008
    1275  0.15377E-008
    1276  0.17063E-008
    1277  0.18659E-008
    1278  0.20175E-008
    1279  0.21612E-008
    1280  0.22978E-008
    1281  0.24276E-008
    1282  0.25514E-008
    1283  0.26696E-008
    1284  0.27827E-008
    1285  0.28910E-008
    1286  0.29948E-008
    1287  0.30946E-008
    1288  0.31906E-008
    1289  0.32831E-008
    1290  0.29250E-009
    1291  0.57294E-009
    1292  0.94031E-009
    1293  0.13192E-008
    1294  0.16721E-008
    1295  0.19899E-008
    1296  0.22751E-008
    1297  0.25326E-008
    1298  0.27668E-008
    1299  0.29813E-008
    1300  0.31790E-008
    1301  0.14961E-009
    1302  0.23014E-009
    1303  0.35766E-009
    1304  0.51860E-009
    1305  0.70139E-009
    1306  0.89571E-009
    1307  0.10911E-008
    1308  0.12836E-008
    1309  0.14678E-008
    1310  0.16437E-008
    1311  0.18097E-008
    1312  0.19670E-008
    1313  0.21155E-008
    1314  0.22564E-008
    1315  0.23900E-008
    1316  0.25170E-008
    1317  0.26381E-008
    1318  0.27537E-008
    1319  0.28643E-008
    1320  0.29702E-008
    1321  0.30718E-008
    1322  0.31695E-008
    1323  0.32634E-008
    1324  0.18081E-009
    1325  0.47564E-009
    1326  0.86051E-009
    1327  0.12555E-008
    1328  0.16214E-008
    1329  0.19490E-008
    1330  0.22416E-008
    1331  0.25048E-008
    1332  0.27435E-008
    1333  0.29615E-008
    1334  0.31620E-008
    1335  0.61114E-010
    1336  0.14483E-009
    1337  0.27732E-009
    1338  0.44436E-009
    1339  0.63382E-009
    1340  0.83493E-009
    1341  0.10367E-008
    1342  0.12352E-008
    1343  0.14246E-008
    1344  0.16052E-008
    1345  0.17752E-008
    1346  0.19360E-008
    1347  0.20876E-008
    1348  0.22310E-008
    1349  0.23669E-008
    1350  0.24961E-008
    1351  0.26189E-008
    1352  0.27361E-008
    1353  0.28481E-008
    1354  0.29552E-008
    1355  0.30580E-008
    1356  0.31566E-008
    1357  0.32515E-008
    1358  0.12320E-009
    1359  0.42555E-009
    1360  0.81954E-009
    1361  0.12229E-008
    1362  0.15955E-008
    1363  0.19282E-008
    1364  0.22246E-008
    1365  0.24908E-008
    1366  0.27317E-008
    1367  0.29515E-008
    1368  0.31534E-008
