       1  0.61029E-008
      20  0.40749E-009
      21  0.40803E-009
      22  0.41015E-009
      23  0.41339E-009
      24  0.41801E-009
      25  0.42392E-009
      26  0.43128E-009
      27  0.43974E-009
      28  0.44958E-009
      29  0.46072E-009
      30  0.47319E-009
      31  0.48680E-009
      32  0.50167E-009
      33  0.51777E-009
      34  0.53515E-009
      35  0.55362E-009
      36  0.57334E-009
      37  0.59427E-009
      38  0.61642E-009
      39  0.63960E-009
      40  0.66394E-009
      41  0.68941E-009
      42  0.71601E-009
      43  0.74356E-009
      44  0.77217E-009
      45  0.80185E-009
      46  0.83257E-009
      47  0.86415E-009
      48  0.89666E-009
      49  0.93013E-009
      50  0.96453E-009
      51  0.99972E-009
      52  0.10358E-008
      53  0.10727E-008
      54  0.11104E-008
      55  0.11488E-008
      56  0.11880E-008
      57  0.12279E-008
      58  0.12686E-008
      59  0.13098E-008
      60  0.13517E-008
      61  0.13942E-008
      62  0.14373E-008
      63  0.14809E-008
      64  0.15250E-008
      65  0.15697E-008
      66  0.16149E-008
      67  0.16605E-008
      68  0.17065E-008
      69  0.17529E-008
      70  0.17997E-008
      71  0.18469E-008
      72  0.18944E-008
      73  0.19422E-008
      74  0.19903E-008
      75  0.20387E-008
      76  0.20873E-008
      77  0.21361E-008
      78  0.21852E-008
      79  0.22344E-008
      80  0.22837E-008
      81  0.23332E-008
      82  0.23829E-008
      83  0.24326E-008
      84  0.24824E-008
      85  0.25324E-008
      86  0.25823E-008
      87  0.26323E-008
      88  0.26823E-008
      89  0.27324E-008
      90  0.27824E-008
      91  0.28324E-008
      92  0.28824E-008
      93  0.29324E-008
      94  0.29823E-008
      95  0.30321E-008
      96  0.30819E-008
      97  0.31315E-008
      98  0.31811E-008
      99  0.32306E-008
     100  0.32800E-008
     101  0.33292E-008
     102  0.33784E-008
     103  0.34274E-008
     104  0.34762E-008
     105  0.35249E-008
     106  0.35735E-008
     107  0.36219E-008
     108  0.36702E-008
     109  0.37183E-008
     110  0.37662E-008
     111  0.38139E-008
     112  0.38615E-008
     113  0.39089E-008
     114  0.39562E-008
     115  0.40032E-008
     116  0.40501E-008
     117  0.40968E-008
     118  0.41433E-008
     119  0.41896E-008
     120  0.42358E-008
     121  0.42817E-008
     122  0.43275E-008
     123  0.43731E-008
     124  0.44184E-008
     125  0.44636E-008
     126  0.45087E-008
     127  0.45535E-008
     128  0.45981E-008
     129  0.46426E-008
     130  0.46869E-008
     131  0.47310E-008
     132  0.47750E-008
     133  0.48187E-008
     134  0.48623E-008
     135  0.49057E-008
     136  0.49490E-008
     137  0.49921E-008
     138  0.50350E-008
     139  0.50778E-008
     140  0.51204E-008
     141  0.51628E-008
     142  0.52051E-008
     143  0.52472E-008
     144  0.52892E-008
     145  0.53311E-008
     146  0.53728E-008
     147  0.54144E-008
     148  0.54558E-008
     149  0.54971E-008
     150  0.55383E-008
     151  0.55793E-008
     152  0.56202E-008
     153  0.56610E-008
     154  0.57017E-008
     155  0.57423E-008
     156  0.57827E-008
     157  0.58231E-008
     158  0.58633E-008
     159  0.59035E-008
     160  0.59435E-008
     161  0.59835E-008
     162  0.60234E-008
     163  0.60632E-008
    2253   0.0000     
    2271  0.60974E-008
    2272  0.77293E-012
    2273  0.30901E-011
    2274  0.69503E-011
    2275  0.12349E-010
    2276  0.19281E-010
    2277  0.27740E-010
    2278  0.37716E-010
    2279  0.49201E-010
    2280  0.62182E-010
    2281  0.76647E-010
    2282  0.92581E-010
    2283  0.10997E-009
    2284  0.12879E-009
    2285  0.14903E-009
    2286  0.17067E-009
    2287  0.19369E-009
    2288  0.21806E-009
    2289  0.24377E-009
    2290  0.27079E-009
    2291  0.29909E-009
    2292  0.32865E-009
    2293  0.35945E-009
    2294  0.39144E-009
    2295  0.42460E-009
    2296  0.45891E-009
    2297  0.49433E-009
    2298  0.53083E-009
    2299  0.56838E-009
    2300  0.60696E-009
    2301  0.64651E-009
    2302  0.68703E-009
    2303  0.72847E-009
    2304  0.77080E-009
    2305  0.81399E-009
    2306  0.85800E-009
    2307  0.90280E-009
    2308  0.94836E-009
    2309  0.99463E-009
    2310  0.10416E-008
    2311  0.10892E-008
    2312  0.11375E-008
    2313  0.11863E-008
    2314  0.12357E-008
    2315  0.12856E-008
    2316  0.13360E-008
    2317  0.13869E-008
    2318  0.14381E-008
    2319  0.14898E-008
    2320  0.15419E-008
    2321  0.15943E-008
    2322  0.16470E-008
    2323  0.17000E-008
    2324  0.17532E-008
    2325  0.18067E-008
    2326  0.18604E-008
    2327  0.19142E-008
    2328  0.19682E-008
    2329  0.20223E-008
    2330  0.20766E-008
    2331  0.21309E-008
    2332  0.21853E-008
    2333  0.22397E-008
    2334  0.22941E-008
    2335  0.23485E-008
    2336  0.24029E-008
    2337  0.24573E-008
    2338  0.25116E-008
    2339  0.25658E-008
    2340  0.26200E-008
    2341  0.26740E-008
    2342  0.27279E-008
    2343  0.27818E-008
    2344  0.28354E-008
    2345  0.28889E-008
    2346  0.29423E-008
    2347  0.29955E-008
    2348  0.30485E-008
    2349  0.31013E-008
    2350  0.31539E-008
    2351  0.32063E-008
    2352  0.32585E-008
    2353  0.33105E-008
    2354  0.33623E-008
    2355  0.34138E-008
    2356  0.34651E-008
    2357  0.35161E-008
    2358  0.35669E-008
    2359  0.36175E-008
    2360  0.36678E-008
    2361  0.37179E-008
    2362  0.37677E-008
    2363  0.38173E-008
    2364  0.38666E-008
    2365  0.39157E-008
    2366  0.39645E-008
    2367  0.40131E-008
    2368  0.40614E-008
    2369  0.41095E-008
    2370  0.41573E-008
    2371  0.42048E-008
    2372  0.42522E-008
    2373  0.42992E-008
    2374  0.43461E-008
    2375  0.43926E-008
    2376  0.44390E-008
    2377  0.44851E-008
    2378  0.45310E-008
    2379  0.45766E-008
    2380  0.46220E-008
    2381  0.46672E-008
    2382  0.47122E-008
    2383  0.47570E-008
    2384  0.48015E-008
    2385  0.48459E-008
    2386  0.48900E-008
    2387  0.49339E-008
    2388  0.49776E-008
    2389  0.50212E-008
    2390  0.50645E-008
    2391  0.51076E-008
    2392  0.51506E-008
    2393  0.51934E-008
    2394  0.52360E-008
    2395  0.52784E-008
    2396  0.53207E-008
    2397  0.53628E-008
    2398  0.54047E-008
    2399  0.54465E-008
    2400  0.54882E-008
    2401  0.55297E-008
    2402  0.55710E-008
    2403  0.56122E-008
    2404  0.56533E-008
    2405  0.56942E-008
    2406  0.57350E-008
    2407  0.57757E-008
    2408  0.58163E-008
    2409  0.58568E-008
    2410  0.58971E-008
    2411  0.59374E-008
    2412  0.59775E-008
    2413  0.60176E-008
    2414  0.60575E-008
    7994  0.39536E-009
    7995  0.38319E-009
    7996  0.37106E-009
    7997  0.35888E-009
    7998  0.34664E-009
    7999  0.33436E-009
    8000  0.32203E-009
    8001  0.30966E-009
    8002  0.29725E-009
    8003  0.28478E-009
    8004  0.27227E-009
    8005  0.25971E-009
    8006  0.24711E-009
    8007  0.23445E-009
    8008  0.22175E-009
    8009  0.20900E-009
    8010  0.19619E-009
    8011  0.18335E-009
    8012  0.17045E-009
    8013  0.15752E-009
    8014  0.14455E-009
    8015  0.13157E-009
    8016  0.11858E-009
    8017  0.10564E-009
    8018  0.92780E-010
    8019  0.80106E-010
    8020  0.67692E-010
    8021  0.55711E-010
    8022  0.44308E-010
    8023  0.33717E-010
    8024  0.24156E-010
    8025  0.15874E-010
    8026  0.91337E-011
    8027  0.41180E-011
    8028  0.10582E-011
    8029  0.60975E-008
    8030  0.60975E-008
    8031  0.60975E-008
    8032  0.60975E-008
    8033  0.60976E-008
    8034  0.60976E-008
    8035  0.60977E-008
    8036  0.60978E-008
    8037  0.60978E-008
    8038  0.60979E-008
    8039  0.60980E-008
    8040  0.60981E-008
    8041  0.60982E-008
    8042  0.60984E-008
    8043  0.60985E-008
    8044  0.60986E-008
    8045  0.60988E-008
    8046  0.60989E-008
    8047  0.60991E-008
    8048  0.60992E-008
    8049  0.60994E-008
    8050  0.60996E-008
    8051  0.60998E-008
    8052  0.61000E-008
    8053  0.61002E-008
    8054  0.61004E-008
    8055  0.61006E-008
    8056  0.61008E-008
    8057  0.61010E-008
    8058  0.61013E-008
    8059  0.61015E-008
    8060  0.61018E-008
    8061  0.61020E-008
    8062  0.61023E-008
    8063  0.61026E-008
    8064  0.60576E-008
    8065  0.60576E-008
    8066  0.60577E-008
    8067  0.60579E-008
    8068  0.60581E-008
    8069  0.60583E-008
    8070  0.60585E-008
    8071  0.60588E-008
    8072  0.60591E-008
    8073  0.60594E-008
    8074  0.60598E-008
    8075  0.60602E-008
    8076  0.60606E-008
    8077  0.60611E-008
    8078  0.60615E-008
    8079  0.60621E-008
    8080  0.60626E-008
    8081  0.60176E-008
    8082  0.60176E-008
    8083  0.60176E-008
    8084  0.60177E-008
    8085  0.60177E-008
    8086  0.60178E-008
    8087  0.60179E-008
    8088  0.60179E-008
    8089  0.60180E-008
    8090  0.60181E-008
    8091  0.60182E-008
    8092  0.60184E-008
    8093  0.60185E-008
    8094  0.60186E-008
    8095  0.60187E-008
    8096  0.60189E-008
    8097  0.60190E-008
    8098  0.60192E-008
    8099  0.60194E-008
    8100  0.60196E-008
    8101  0.60197E-008
    8102  0.60199E-008
    8103  0.60201E-008
    8104  0.60203E-008
    8105  0.60205E-008
    8106  0.60208E-008
    8107  0.60210E-008
    8108  0.60212E-008
    8109  0.60215E-008
    8110  0.60217E-008
    8111  0.60220E-008
    8112  0.60222E-008
    8113  0.60225E-008
    8114  0.60228E-008
    8115  0.60231E-008
    8116  0.59775E-008
    8117  0.59776E-008
    8118  0.59777E-008
    8119  0.59779E-008
    8120  0.59781E-008
    8121  0.59783E-008
    8122  0.59786E-008
    8123  0.59789E-008
    8124  0.59792E-008
    8125  0.59796E-008
    8126  0.59800E-008
    8127  0.59804E-008
    8128  0.59808E-008
    8129  0.59813E-008
    8130  0.59818E-008
    8131  0.59823E-008
    8132  0.59829E-008
    8133  0.59374E-008
    8134  0.59374E-008
    8135  0.59374E-008
    8136  0.59375E-008
    8137  0.59375E-008
    8138  0.59376E-008
    8139  0.59377E-008
    8140  0.59378E-008
    8141  0.59379E-008
    8142  0.59380E-008
    8143  0.59381E-008
    8144  0.59382E-008
    8145  0.59384E-008
    8146  0.59385E-008
    8147  0.59386E-008
    8148  0.59388E-008
    8149  0.59390E-008
    8150  0.59391E-008
    8151  0.59393E-008
    8152  0.59395E-008
    8153  0.59397E-008
    8154  0.59399E-008
    8155  0.59401E-008
    8156  0.59403E-008
    8157  0.59406E-008
    8158  0.59408E-008
    8159  0.59410E-008
    8160  0.59413E-008
    8161  0.59415E-008
    8162  0.59418E-008
    8163  0.59421E-008
    8164  0.59424E-008
    8165  0.59426E-008
    8166  0.59429E-008
    8167  0.59432E-008
    8168  0.58971E-008
    8169  0.58972E-008
    8170  0.58974E-008
    8171  0.58975E-008
    8172  0.58978E-008
    8173  0.58980E-008
    8174  0.58983E-008
    8175  0.58986E-008
    8176  0.58990E-008
    8177  0.58993E-008
    8178  0.58998E-008
    8179  0.59002E-008
    8180  0.59007E-008
    8181  0.59012E-008
    8182  0.59017E-008
    8183  0.59023E-008
    8184  0.59029E-008
    8185  0.58568E-008
    8186  0.58568E-008
    8187  0.58568E-008
    8188  0.58569E-008
    8189  0.58569E-008
    8190  0.58570E-008
    8191  0.58571E-008
    8192  0.58572E-008
    8193  0.58573E-008
    8194  0.58574E-008
    8195  0.58576E-008
    8196  0.58577E-008
    8197  0.58578E-008
    8198  0.58580E-008
    8199  0.58582E-008
    8200  0.58583E-008
    8201  0.58585E-008
    8202  0.58587E-008
    8203  0.58589E-008
    8204  0.58591E-008
    8205  0.58593E-008
    8206  0.58595E-008
    8207  0.58597E-008
    8208  0.58600E-008
    8209  0.58602E-008
    8210  0.58604E-008
    8211  0.58607E-008
    8212  0.58610E-008
    8213  0.58612E-008
    8214  0.58615E-008
    8215  0.58618E-008
    8216  0.58621E-008
    8217  0.58624E-008
    8218  0.58627E-008
    8219  0.58630E-008
    8220  0.58163E-008
    8221  0.58164E-008
    8222  0.58166E-008
    8223  0.58168E-008
    8224  0.58170E-008
    8225  0.58173E-008
    8226  0.58176E-008
    8227  0.58179E-008
    8228  0.58183E-008
    8229  0.58187E-008
    8230  0.58191E-008
    8231  0.58196E-008
    8232  0.58201E-008
    8233  0.58206E-008
    8234  0.58212E-008
    8235  0.58218E-008
    8236  0.58224E-008
    8237  0.57757E-008
    8238  0.57758E-008
    8239  0.57758E-008
    8240  0.57759E-008
    8241  0.57759E-008
    8242  0.57760E-008
    8243  0.57761E-008
    8244  0.57762E-008
    8245  0.57763E-008
    8246  0.57765E-008
    8247  0.57766E-008
    8248  0.57767E-008
    8249  0.57769E-008
    8250  0.57771E-008
    8251  0.57772E-008
    8252  0.57774E-008
    8253  0.57776E-008
    8254  0.57778E-008
    8255  0.57780E-008
    8256  0.57782E-008
    8257  0.57784E-008
    8258  0.57787E-008
    8259  0.57789E-008
    8260  0.57792E-008
    8261  0.57794E-008
    8262  0.57797E-008
    8263  0.57799E-008
    8264  0.57802E-008
    8265  0.57805E-008
    8266  0.57808E-008
    8267  0.57811E-008
    8268  0.57814E-008
    8269  0.57817E-008
    8270  0.57821E-008
    8271  0.57824E-008
    8272  0.57351E-008
    8273  0.57352E-008
    8274  0.57353E-008
    8275  0.57355E-008
    8276  0.57358E-008
    8277  0.57361E-008
    8278  0.57364E-008
    8279  0.57368E-008
    8280  0.57372E-008
    8281  0.57376E-008
    8282  0.57381E-008
    8283  0.57386E-008
    8284  0.57391E-008
    8285  0.57397E-008
    8286  0.57403E-008
    8287  0.57409E-008
    8288  0.57416E-008
    8289  0.56942E-008
    8290  0.56943E-008
    8291  0.56943E-008
    8292  0.56944E-008
    8293  0.56944E-008
    8294  0.56945E-008
    8295  0.56946E-008
    8296  0.56948E-008
    8297  0.56949E-008
    8298  0.56950E-008
    8299  0.56952E-008
    8300  0.56953E-008
    8301  0.56955E-008
    8302  0.56957E-008
    8303  0.56959E-008
    8304  0.56961E-008
    8305  0.56963E-008
    8306  0.56965E-008
    8307  0.56967E-008
    8308  0.56969E-008
    8309  0.56972E-008
    8310  0.56974E-008
    8311  0.56977E-008
    8312  0.56979E-008
    8313  0.56982E-008
    8314  0.56985E-008
    8315  0.56988E-008
    8316  0.56991E-008
    8317  0.56994E-008
    8318  0.56997E-008
    8319  0.57000E-008
    8320  0.57003E-008
    8321  0.57006E-008
    8322  0.57010E-008
    8323  0.57013E-008
    8324  0.56533E-008
    8325  0.56534E-008
    8326  0.56536E-008
    8327  0.56538E-008
    8328  0.56541E-008
    8329  0.56544E-008
    8330  0.56548E-008
    8331  0.56552E-008
    8332  0.56556E-008
    8333  0.56561E-008
    8334  0.56566E-008
    8335  0.56571E-008
    8336  0.56577E-008
    8337  0.56583E-008
    8338  0.56589E-008
    8339  0.56596E-008
    8340  0.56603E-008
    8341  0.56122E-008
    8342  0.56122E-008
    8343  0.56123E-008
    8344  0.56124E-008
    8345  0.56125E-008
    8346  0.56126E-008
    8347  0.56127E-008
    8348  0.56128E-008
    8349  0.56129E-008
    8350  0.56131E-008
    8351  0.56133E-008
    8352  0.56134E-008
    8353  0.56136E-008
    8354  0.56138E-008
    8355  0.56140E-008
    8356  0.56142E-008
    8357  0.56144E-008
    8358  0.56147E-008
    8359  0.56149E-008
    8360  0.56151E-008
    8361  0.56154E-008
    8362  0.56157E-008
    8363  0.56159E-008
    8364  0.56162E-008
    8365  0.56165E-008
    8366  0.56168E-008
    8367  0.56171E-008
    8368  0.56174E-008
    8369  0.56177E-008
    8370  0.56181E-008
    8371  0.56184E-008
    8372  0.56187E-008
    8373  0.56191E-008
    8374  0.56195E-008
    8375  0.56198E-008
    8376  0.55710E-008
    8377  0.55712E-008
    8378  0.55714E-008
    8379  0.55716E-008
    8380  0.55719E-008
    8381  0.55723E-008
    8382  0.55727E-008
    8383  0.55731E-008
    8384  0.55736E-008
    8385  0.55741E-008
    8386  0.55746E-008
    8387  0.55752E-008
    8388  0.55758E-008
    8389  0.55764E-008
    8390  0.55771E-008
    8391  0.55778E-008
    8392  0.55785E-008
    8393  0.55297E-008
    8394  0.55297E-008
    8395  0.55298E-008
    8396  0.55298E-008
    8397  0.55299E-008
    8398  0.55300E-008
    8399  0.55302E-008
    8400  0.55303E-008
    8401  0.55305E-008
    8402  0.55306E-008
    8403  0.55308E-008
    8404  0.55310E-008
    8405  0.55312E-008
    8406  0.55314E-008
    8407  0.55316E-008
    8408  0.55319E-008
    8409  0.55321E-008
    8410  0.55323E-008
    8411  0.55326E-008
    8412  0.55329E-008
    8413  0.55331E-008
    8414  0.55334E-008
    8415  0.55337E-008
    8416  0.55340E-008
    8417  0.55343E-008
    8418  0.55346E-008
    8419  0.55349E-008
    8420  0.55353E-008
    8421  0.55356E-008
    8422  0.55360E-008
    8423  0.55363E-008
    8424  0.55367E-008
    8425  0.55371E-008
    8426  0.55375E-008
    8427  0.55379E-008
    8428  0.54882E-008
    8429  0.54884E-008
    8430  0.54886E-008
    8431  0.54889E-008
    8432  0.54892E-008
    8433  0.54896E-008
    8434  0.54900E-008
    8435  0.54905E-008
    8436  0.54910E-008
    8437  0.54915E-008
    8438  0.54921E-008
    8439  0.54927E-008
    8440  0.54933E-008
    8441  0.54940E-008
    8442  0.54947E-008
    8443  0.54955E-008
    8444  0.54963E-008
    8445  0.54465E-008
    8446  0.54466E-008
    8447  0.54466E-008
    8448  0.54467E-008
    8449  0.54468E-008
    8450  0.54470E-008
    8451  0.54471E-008
    8452  0.54473E-008
    8453  0.54474E-008
    8454  0.54476E-008
    8455  0.54478E-008
    8456  0.54480E-008
    8457  0.54482E-008
    8458  0.54485E-008
    8459  0.54487E-008
    8460  0.54489E-008
    8461  0.54492E-008
    8462  0.54495E-008
    8463  0.54497E-008
    8464  0.54500E-008
    8465  0.54503E-008
    8466  0.54506E-008
    8467  0.54509E-008
    8468  0.54513E-008
    8469  0.54516E-008
    8470  0.54519E-008
    8471  0.54523E-008
    8472  0.54526E-008
    8473  0.54530E-008
    8474  0.54534E-008
    8475  0.54537E-008
    8476  0.54541E-008
    8477  0.54545E-008
    8478  0.54549E-008
    8479  0.54554E-008
    8480  0.54048E-008
    8481  0.54049E-008
    8482  0.54052E-008
    8483  0.54055E-008
    8484  0.54059E-008
    8485  0.54063E-008
    8486  0.54068E-008
    8487  0.54073E-008
    8488  0.54078E-008
    8489  0.54084E-008
    8490  0.54090E-008
    8491  0.54097E-008
    8492  0.54104E-008
    8493  0.54111E-008
    8494  0.54119E-008
    8495  0.54127E-008
    8496  0.54135E-008
    8497  0.53628E-008
    8498  0.53629E-008
    8499  0.53629E-008
    8500  0.53630E-008
    8501  0.53631E-008
    8502  0.53633E-008
    8503  0.53634E-008
    8504  0.53636E-008
    8505  0.53638E-008
    8506  0.53640E-008
    8507  0.53642E-008
    8508  0.53644E-008
    8509  0.53647E-008
    8510  0.53649E-008
    8511  0.53652E-008
    8512  0.53655E-008
    8513  0.53657E-008
    8514  0.53660E-008
    8515  0.53663E-008
    8516  0.53666E-008
    8517  0.53669E-008
    8518  0.53673E-008
    8519  0.53676E-008
    8520  0.53679E-008
    8521  0.53683E-008
    8522  0.53687E-008
    8523  0.53690E-008
    8524  0.53694E-008
    8525  0.53698E-008
    8526  0.53702E-008
    8527  0.53706E-008
    8528  0.53710E-008
    8529  0.53715E-008
    8530  0.53719E-008
    8531  0.53723E-008
    8532  0.53208E-008
    8533  0.53209E-008
    8534  0.53212E-008
    8535  0.53215E-008
    8536  0.53220E-008
    8537  0.53224E-008
    8538  0.53229E-008
    8539  0.53235E-008
    8540  0.53241E-008
    8541  0.53247E-008
    8542  0.53254E-008
    8543  0.53261E-008
    8544  0.53268E-008
    8545  0.53276E-008
    8546  0.53284E-008
    8547  0.53293E-008
    8548  0.53302E-008
    8549  0.52784E-008
    8550  0.52785E-008
    8551  0.52786E-008
    8552  0.52787E-008
    8553  0.52788E-008
    8554  0.52790E-008
    8555  0.52791E-008
    8556  0.52793E-008
    8557  0.52795E-008
    8558  0.52798E-008
    8559  0.52800E-008
    8560  0.52802E-008
    8561  0.52805E-008
    8562  0.52808E-008
    8563  0.52811E-008
    8564  0.52814E-008
    8565  0.52817E-008
    8566  0.52820E-008
    8567  0.52823E-008
    8568  0.52826E-008
    8569  0.52830E-008
    8570  0.52833E-008
    8571  0.52837E-008
    8572  0.52840E-008
    8573  0.52844E-008
    8574  0.52848E-008
    8575  0.52852E-008
    8576  0.52856E-008
    8577  0.52860E-008
    8578  0.52865E-008
    8579  0.52869E-008
    8580  0.52874E-008
    8581  0.52878E-008
    8582  0.52883E-008
    8583  0.52888E-008
    8584  0.52361E-008
    8585  0.52362E-008
    8586  0.52365E-008
    8587  0.52369E-008
    8588  0.52374E-008
    8589  0.52379E-008
    8590  0.52385E-008
    8591  0.52391E-008
    8592  0.52397E-008
    8593  0.52404E-008
    8594  0.52411E-008
    8595  0.52419E-008
    8596  0.52427E-008
    8597  0.52435E-008
    8598  0.52444E-008
    8599  0.52453E-008
    8600  0.52463E-008
    8601  0.51934E-008
    8602  0.51935E-008
    8603  0.51935E-008
    8604  0.51937E-008
    8605  0.51938E-008
    8606  0.51940E-008
    8607  0.51942E-008
    8608  0.51944E-008
    8609  0.51946E-008
    8610  0.51949E-008
    8611  0.51951E-008
    8612  0.51954E-008
    8613  0.51957E-008
    8614  0.51960E-008
    8615  0.51963E-008
    8616  0.51966E-008
    8617  0.51969E-008
    8618  0.51973E-008
    8619  0.51976E-008
    8620  0.51980E-008
    8621  0.51984E-008
    8622  0.51987E-008
    8623  0.51991E-008
    8624  0.51995E-008
    8625  0.51999E-008
    8626  0.52004E-008
    8627  0.52008E-008
    8628  0.52012E-008
    8629  0.52017E-008
    8630  0.52021E-008
    8631  0.52026E-008
    8632  0.52031E-008
    8633  0.52036E-008
    8634  0.52041E-008
    8635  0.52046E-008
    8636  0.51507E-008
    8637  0.51509E-008
    8638  0.51512E-008
    8639  0.51517E-008
    8640  0.51522E-008
    8641  0.51527E-008
    8642  0.51533E-008
    8643  0.51540E-008
    8644  0.51547E-008
    8645  0.51554E-008
    8646  0.51562E-008
    8647  0.51570E-008
    8648  0.51579E-008
    8649  0.51588E-008
    8650  0.51597E-008
    8651  0.51607E-008
    8652  0.51617E-008
    8653  0.51077E-008
    8654  0.51077E-008
    8655  0.51078E-008
    8656  0.51079E-008
    8657  0.51081E-008
    8658  0.51083E-008
    8659  0.51085E-008
    8660  0.51087E-008
    8661  0.51090E-008
    8662  0.51093E-008
    8663  0.51096E-008
    8664  0.51099E-008
    8665  0.51102E-008
    8666  0.51105E-008
    8667  0.51109E-008
    8668  0.51112E-008
    8669  0.51116E-008
    8670  0.51119E-008
    8671  0.51123E-008
    8672  0.51127E-008
    8673  0.51131E-008
    8674  0.51135E-008
    8675  0.51139E-008
    8676  0.51144E-008
    8677  0.51148E-008
    8678  0.51153E-008
    8679  0.51157E-008
    8680  0.51162E-008
    8681  0.51167E-008
    8682  0.51172E-008
    8683  0.51177E-008
    8684  0.51182E-008
    8685  0.51187E-008
    8686  0.51193E-008
    8687  0.51198E-008
    8688  0.50646E-008
    8689  0.50648E-008
    8690  0.50652E-008
    8691  0.50657E-008
    8692  0.50662E-008
    8693  0.50668E-008
    8694  0.50675E-008
    8695  0.50682E-008
    8696  0.50690E-008
    8697  0.50698E-008
    8698  0.50707E-008
    8699  0.50716E-008
    8700  0.50725E-008
    8701  0.50735E-008
    8702  0.50745E-008
    8703  0.50755E-008
    8704  0.50766E-008
    8705  0.50212E-008
    8706  0.50212E-008
    8707  0.50213E-008
    8708  0.50215E-008
    8709  0.50217E-008
    8710  0.50219E-008
    8711  0.50221E-008
    8712  0.50224E-008
    8713  0.50227E-008
    8714  0.50230E-008
    8715  0.50233E-008
    8716  0.50236E-008
    8717  0.50240E-008
    8718  0.50243E-008
    8719  0.50247E-008
    8720  0.50251E-008
    8721  0.50255E-008
    8722  0.50259E-008
    8723  0.50263E-008
    8724  0.50267E-008
    8725  0.50272E-008
    8726  0.50276E-008
    8727  0.50281E-008
    8728  0.50286E-008
    8729  0.50290E-008
    8730  0.50295E-008
    8731  0.50300E-008
    8732  0.50305E-008
    8733  0.50311E-008
    8734  0.50316E-008
    8735  0.50321E-008
    8736  0.50327E-008
    8737  0.50332E-008
    8738  0.50338E-008
    8739  0.50344E-008
    8740  0.49777E-008
    8741  0.49780E-008
    8742  0.49784E-008
    8743  0.49789E-008
    8744  0.49796E-008
    8745  0.49802E-008
    8746  0.49810E-008
    8747  0.49818E-008
    8748  0.49826E-008
    8749  0.49835E-008
    8750  0.49844E-008
    8751  0.49854E-008
    8752  0.49864E-008
    8753  0.49875E-008
    8754  0.49885E-008
    8755  0.49897E-008
    8756  0.49909E-008
    8757  0.49339E-008
    8758  0.49340E-008
    8759  0.49341E-008
    8760  0.49343E-008
    8761  0.49345E-008
    8762  0.49347E-008
    8763  0.49350E-008
    8764  0.49353E-008
    8765  0.49356E-008
    8766  0.49359E-008
    8767  0.49363E-008
    8768  0.49367E-008
    8769  0.49370E-008
    8770  0.49374E-008
    8771  0.49379E-008
    8772  0.49383E-008
    8773  0.49387E-008
    8774  0.49392E-008
    8775  0.49396E-008
    8776  0.49401E-008
    8777  0.49405E-008
    8778  0.49410E-008
    8779  0.49415E-008
    8780  0.49420E-008
    8781  0.49426E-008
    8782  0.49431E-008
    8783  0.49436E-008
    8784  0.49442E-008
    8785  0.49448E-008
    8786  0.49453E-008
    8787  0.49459E-008
    8788  0.49465E-008
    8789  0.49471E-008
    8790  0.49477E-008
    8791  0.49484E-008
    8792  0.48901E-008
    8793  0.48904E-008
    8794  0.48908E-008
    8795  0.48914E-008
    8796  0.48921E-008
    8797  0.48929E-008
    8798  0.48937E-008
    8799  0.48946E-008
    8800  0.48955E-008
    8801  0.48965E-008
    8802  0.48975E-008
    8803  0.48985E-008
    8804  0.48996E-008
    8805  0.49008E-008
    8806  0.49019E-008
    8807  0.49032E-008
    8808  0.49044E-008
    8809  0.48459E-008
    8810  0.48460E-008
    8811  0.48461E-008
    8812  0.48463E-008
    8813  0.48465E-008
    8814  0.48468E-008
    8815  0.48471E-008
    8816  0.48474E-008
    8817  0.48478E-008
    8818  0.48481E-008
    8819  0.48485E-008
    8820  0.48489E-008
    8821  0.48494E-008
    8822  0.48498E-008
    8823  0.48502E-008
    8824  0.48507E-008
    8825  0.48512E-008
    8826  0.48517E-008
    8827  0.48522E-008
    8828  0.48527E-008
    8829  0.48532E-008
    8830  0.48537E-008
    8831  0.48543E-008
    8832  0.48548E-008
    8833  0.48554E-008
    8834  0.48560E-008
    8835  0.48565E-008
    8836  0.48571E-008
    8837  0.48578E-008
    8838  0.48584E-008
    8839  0.48590E-008
    8840  0.48596E-008
    8841  0.48603E-008
    8842  0.48610E-008
    8843  0.48616E-008
    8844  0.48016E-008
    8845  0.48020E-008
    8846  0.48025E-008
    8847  0.48032E-008
    8848  0.48039E-008
    8849  0.48048E-008
    8850  0.48057E-008
    8851  0.48066E-008
    8852  0.48076E-008
    8853  0.48087E-008
    8854  0.48098E-008
    8855  0.48109E-008
    8856  0.48121E-008
    8857  0.48134E-008
    8858  0.48146E-008
    8859  0.48160E-008
    8860  0.48173E-008
    8861  0.47570E-008
    8862  0.47571E-008
    8863  0.47573E-008
    8864  0.47575E-008
    8865  0.47577E-008
    8866  0.47580E-008
    8867  0.47583E-008
    8868  0.47587E-008
    8869  0.47591E-008
    8870  0.47595E-008
    8871  0.47599E-008
    8872  0.47604E-008
    8873  0.47609E-008
    8874  0.47614E-008
    8875  0.47618E-008
    8876  0.47624E-008
    8877  0.47629E-008
    8878  0.47634E-008
    8879  0.47640E-008
    8880  0.47645E-008
    8881  0.47651E-008
    8882  0.47657E-008
    8883  0.47663E-008
    8884  0.47669E-008
    8885  0.47675E-008
    8886  0.47681E-008
    8887  0.47687E-008
    8888  0.47694E-008
    8889  0.47700E-008
    8890  0.47707E-008
    8891  0.47714E-008
    8892  0.47721E-008
    8893  0.47728E-008
    8894  0.47735E-008
    8895  0.47742E-008
    8896  0.47123E-008
    8897  0.47127E-008
    8898  0.47133E-008
    8899  0.47140E-008
    8900  0.47149E-008
    8901  0.47158E-008
    8902  0.47168E-008
    8903  0.47179E-008
    8904  0.47190E-008
    8905  0.47201E-008
    8906  0.47213E-008
    8907  0.47226E-008
    8908  0.47239E-008
    8909  0.47252E-008
    8910  0.47266E-008
    8911  0.47280E-008
    8912  0.47295E-008
    8913  0.46673E-008
    8914  0.46674E-008
    8915  0.46675E-008
    8916  0.46678E-008
    8917  0.46681E-008
    8918  0.46684E-008
    8919  0.46688E-008
    8920  0.46692E-008
    8921  0.46696E-008
    8922  0.46701E-008
    8923  0.46706E-008
    8924  0.46711E-008
    8925  0.46716E-008
    8926  0.46721E-008
    8927  0.46727E-008
    8928  0.46732E-008
    8929  0.46738E-008
    8930  0.46744E-008
    8931  0.46750E-008
    8932  0.46756E-008
    8933  0.46762E-008
    8934  0.46768E-008
    8935  0.46775E-008
    8936  0.46781E-008
    8937  0.46788E-008
    8938  0.46795E-008
    8939  0.46802E-008
    8940  0.46809E-008
    8941  0.46816E-008
    8942  0.46823E-008
    8943  0.46831E-008
    8944  0.46838E-008
    8945  0.46846E-008
    8946  0.46853E-008
    8947  0.46861E-008
    8948  0.46222E-008
    8949  0.46226E-008
    8950  0.46233E-008
    8951  0.46241E-008
    8952  0.46250E-008
    8953  0.46261E-008
    8954  0.46272E-008
    8955  0.46283E-008
    8956  0.46295E-008
    8957  0.46308E-008
    8958  0.46321E-008
    8959  0.46335E-008
    8960  0.46349E-008
    8961  0.46363E-008
    8962  0.46378E-008
    8963  0.46394E-008
    8964  0.46410E-008
    8965  0.45767E-008
    8966  0.45768E-008
    8967  0.45770E-008
    8968  0.45772E-008
    8969  0.45775E-008
    8970  0.45779E-008
    8971  0.45783E-008
    8972  0.45788E-008
    8973  0.45793E-008
    8974  0.45798E-008
    8975  0.45803E-008
    8976  0.45809E-008
    8977  0.45814E-008
    8978  0.45820E-008
    8979  0.45826E-008
    8980  0.45832E-008
    8981  0.45839E-008
    8982  0.45845E-008
    8983  0.45852E-008
    8984  0.45858E-008
    8985  0.45865E-008
    8986  0.45872E-008
    8987  0.45879E-008
    8988  0.45886E-008
    8989  0.45894E-008
    8990  0.45901E-008
    8991  0.45909E-008
    8992  0.45916E-008
    8993  0.45924E-008
    8994  0.45932E-008
    8995  0.45940E-008
    8996  0.45948E-008
    8997  0.45956E-008
    8998  0.45964E-008
    8999  0.45973E-008
    9000  0.45311E-008
    9001  0.45316E-008
    9002  0.45323E-008
    9003  0.45332E-008
    9004  0.45343E-008
    9005  0.45355E-008
    9006  0.45367E-008
    9007  0.45380E-008
    9008  0.45393E-008
    9009  0.45407E-008
    9010  0.45421E-008
    9011  0.45436E-008
    9012  0.45451E-008
    9013  0.45467E-008
    9014  0.45483E-008
    9015  0.45500E-008
    9016  0.45517E-008
    9017  0.44851E-008
    9018  0.44853E-008
    9019  0.44855E-008
    9020  0.44858E-008
    9021  0.44861E-008
    9022  0.44865E-008
    9023  0.44870E-008
    9024  0.44875E-008
    9025  0.44880E-008
    9026  0.44886E-008
    9027  0.44892E-008
    9028  0.44898E-008
    9029  0.44905E-008
    9030  0.44911E-008
    9031  0.44918E-008
    9032  0.44924E-008
    9033  0.44931E-008
    9034  0.44938E-008
    9035  0.44946E-008
    9036  0.44953E-008
    9037  0.44960E-008
    9038  0.44968E-008
    9039  0.44976E-008
    9040  0.44983E-008
    9041  0.44991E-008
    9042  0.44999E-008
    9043  0.45008E-008
    9044  0.45016E-008
    9045  0.45024E-008
    9046  0.45033E-008
    9047  0.45042E-008
    9048  0.45050E-008
    9049  0.45059E-008
    9050  0.45068E-008
    9051  0.45077E-008
    9052  0.44392E-008
    9053  0.44397E-008
    9054  0.44405E-008
    9055  0.44415E-008
    9056  0.44427E-008
    9057  0.44440E-008
    9058  0.44453E-008
    9059  0.44467E-008
    9060  0.44482E-008
    9061  0.44497E-008
    9062  0.44513E-008
    9063  0.44529E-008
    9064  0.44546E-008
    9065  0.44563E-008
    9066  0.44581E-008
    9067  0.44599E-008
    9068  0.44617E-008
    9069  0.43927E-008
    9070  0.43928E-008
    9071  0.43931E-008
    9072  0.43934E-008
    9073  0.43938E-008
    9074  0.43942E-008
    9075  0.43948E-008
    9076  0.43953E-008
    9077  0.43959E-008
    9078  0.43965E-008
    9079  0.43972E-008
    9080  0.43979E-008
    9081  0.43986E-008
    9082  0.43993E-008
    9083  0.44000E-008
    9084  0.44008E-008
    9085  0.44015E-008
    9086  0.44023E-008
    9087  0.44031E-008
    9088  0.44039E-008
    9089  0.44047E-008
    9090  0.44056E-008
    9091  0.44064E-008
    9092  0.44072E-008
    9093  0.44081E-008
    9094  0.44090E-008
    9095  0.44099E-008
    9096  0.44108E-008
    9097  0.44117E-008
    9098  0.44126E-008
    9099  0.44136E-008
    9100  0.44145E-008
    9101  0.44155E-008
    9102  0.44165E-008
    9103  0.44174E-008
    9104  0.43463E-008
    9105  0.43468E-008
    9106  0.43477E-008
    9107  0.43489E-008
    9108  0.43502E-008
    9109  0.43516E-008
    9110  0.43531E-008
    9111  0.43546E-008
    9112  0.43562E-008
    9113  0.43579E-008
    9114  0.43596E-008
    9115  0.43614E-008
    9116  0.43632E-008
    9117  0.43651E-008
    9118  0.43670E-008
    9119  0.43690E-008
    9120  0.43710E-008
    9121  0.42993E-008
    9122  0.42994E-008
    9123  0.42997E-008
    9124  0.43001E-008
    9125  0.43005E-008
    9126  0.43010E-008
    9127  0.43016E-008
    9128  0.43022E-008
    9129  0.43029E-008
    9130  0.43036E-008
    9131  0.43043E-008
    9132  0.43051E-008
    9133  0.43058E-008
    9134  0.43066E-008
    9135  0.43074E-008
    9136  0.43083E-008
    9137  0.43091E-008
    9138  0.43099E-008
    9139  0.43108E-008
    9140  0.43117E-008
    9141  0.43126E-008
    9142  0.43135E-008
    9143  0.43144E-008
    9144  0.43153E-008
    9145  0.43163E-008
    9146  0.43172E-008
    9147  0.43182E-008
    9148  0.43192E-008
    9149  0.43202E-008
    9150  0.43212E-008
    9151  0.43222E-008
    9152  0.43232E-008
    9153  0.43243E-008
    9154  0.43253E-008
    9155  0.43264E-008
    9156  0.42524E-008
    9157  0.42530E-008
    9158  0.42540E-008
    9159  0.42553E-008
    9160  0.42567E-008
    9161  0.42583E-008
    9162  0.42599E-008
    9163  0.42617E-008
    9164  0.42634E-008
    9165  0.42653E-008
    9166  0.42671E-008
    9167  0.42691E-008
    9168  0.42710E-008
    9169  0.42731E-008
    9170  0.42752E-008
    9171  0.42773E-008
    9172  0.42795E-008
    9173  0.42049E-008
    9174  0.42051E-008
    9175  0.42054E-008
    9176  0.42058E-008
    9177  0.42062E-008
    9178  0.42068E-008
    9179  0.42075E-008
    9180  0.42081E-008
    9181  0.42089E-008
    9182  0.42097E-008
    9183  0.42105E-008
    9184  0.42113E-008
    9185  0.42122E-008
    9186  0.42130E-008
    9187  0.42139E-008
    9188  0.42148E-008
    9189  0.42158E-008
    9190  0.42167E-008
    9191  0.42176E-008
    9192  0.42186E-008
    9193  0.42196E-008
    9194  0.42206E-008
    9195  0.42216E-008
    9196  0.42226E-008
    9197  0.42236E-008
    9198  0.42246E-008
    9199  0.42257E-008
    9200  0.42268E-008
    9201  0.42278E-008
    9202  0.42289E-008
    9203  0.42300E-008
    9204  0.42312E-008
    9205  0.42323E-008
    9206  0.42334E-008
    9207  0.42346E-008
    9208  0.41575E-008
    9209  0.41582E-008
    9210  0.41594E-008
    9211  0.41608E-008
    9212  0.41624E-008
    9213  0.41641E-008
    9214  0.41659E-008
    9215  0.41678E-008
    9216  0.41697E-008
    9217  0.41717E-008
    9218  0.41738E-008
    9219  0.41759E-008
    9220  0.41781E-008
    9221  0.41803E-008
    9222  0.41825E-008
    9223  0.41848E-008
    9224  0.41872E-008
    9225  0.41095E-008
    9226  0.41097E-008
    9227  0.41100E-008
    9228  0.41105E-008
    9229  0.41110E-008
    9230  0.41117E-008
    9231  0.41124E-008
    9232  0.41131E-008
    9233  0.41140E-008
    9234  0.41148E-008
    9235  0.41157E-008
    9236  0.41166E-008
    9237  0.41176E-008
    9238  0.41185E-008
    9239  0.41195E-008
    9240  0.41205E-008
    9241  0.41215E-008
    9242  0.41226E-008
    9243  0.41236E-008
    9244  0.41247E-008
    9245  0.41257E-008
    9246  0.41268E-008
    9247  0.41279E-008
    9248  0.41290E-008
    9249  0.41301E-008
    9250  0.41313E-008
    9251  0.41324E-008
    9252  0.41336E-008
    9253  0.41347E-008
    9254  0.41359E-008
    9255  0.41371E-008
    9256  0.41383E-008
    9257  0.41395E-008
    9258  0.41408E-008
    9259  0.41420E-008
    9260  0.40617E-008
    9261  0.40625E-008
    9262  0.40637E-008
    9263  0.40653E-008
    9264  0.40670E-008
    9265  0.40690E-008
    9266  0.40710E-008
    9267  0.40730E-008
    9268  0.40752E-008
    9269  0.40774E-008
    9270  0.40796E-008
    9271  0.40819E-008
    9272  0.40842E-008
    9273  0.40867E-008
    9274  0.40891E-008
    9275  0.40916E-008
    9276  0.40942E-008
    9277  0.40132E-008
    9278  0.40134E-008
    9279  0.40137E-008
    9280  0.40142E-008
    9281  0.40148E-008
    9282  0.40155E-008
    9283  0.40163E-008
    9284  0.40172E-008
    9285  0.40181E-008
    9286  0.40190E-008
    9287  0.40200E-008
    9288  0.40210E-008
    9289  0.40221E-008
    9290  0.40231E-008
    9291  0.40242E-008
    9292  0.40253E-008
    9293  0.40264E-008
    9294  0.40275E-008
    9295  0.40287E-008
    9296  0.40298E-008
    9297  0.40310E-008
    9298  0.40322E-008
    9299  0.40334E-008
    9300  0.40346E-008
    9301  0.40358E-008
    9302  0.40370E-008
    9303  0.40383E-008
    9304  0.40395E-008
    9305  0.40408E-008
    9306  0.40421E-008
    9307  0.40434E-008
    9308  0.40447E-008
    9309  0.40460E-008
    9310  0.40474E-008
    9311  0.40487E-008
    9312  0.39648E-008
    9313  0.39657E-008
    9314  0.39671E-008
    9315  0.39688E-008
    9316  0.39708E-008
    9317  0.39729E-008
    9318  0.39751E-008
    9319  0.39774E-008
    9320  0.39797E-008
    9321  0.39821E-008
    9322  0.39846E-008
    9323  0.39871E-008
    9324  0.39896E-008
    9325  0.39922E-008
    9326  0.39949E-008
    9327  0.39976E-008
    9328  0.40004E-008
    9329  0.39158E-008
    9330  0.39160E-008
    9331  0.39164E-008
    9332  0.39170E-008
    9333  0.39176E-008
    9334  0.39184E-008
    9335  0.39193E-008
    9336  0.39202E-008
    9337  0.39212E-008
    9338  0.39223E-008
    9339  0.39234E-008
    9340  0.39245E-008
    9341  0.39256E-008
    9342  0.39268E-008
    9343  0.39280E-008
    9344  0.39292E-008
    9345  0.39304E-008
    9346  0.39316E-008
    9347  0.39329E-008
    9348  0.39342E-008
    9349  0.39354E-008
    9350  0.39367E-008
    9351  0.39380E-008
    9352  0.39393E-008
    9353  0.39407E-008
    9354  0.39420E-008
    9355  0.39434E-008
    9356  0.39447E-008
    9357  0.39461E-008
    9358  0.39475E-008
    9359  0.39489E-008
    9360  0.39503E-008
    9361  0.39518E-008
    9362  0.39532E-008
    9363  0.39547E-008
    9364  0.38670E-008
    9365  0.38680E-008
    9366  0.38695E-008
    9367  0.38714E-008
    9368  0.38735E-008
    9369  0.38759E-008
    9370  0.38783E-008
    9371  0.38808E-008
    9372  0.38834E-008
    9373  0.38860E-008
    9374  0.38887E-008
    9375  0.38914E-008
    9376  0.38942E-008
    9377  0.38970E-008
    9378  0.38999E-008
    9379  0.39029E-008
    9380  0.39059E-008
    9381  0.38174E-008
    9382  0.38177E-008
    9383  0.38181E-008
    9384  0.38187E-008
    9385  0.38194E-008
    9386  0.38203E-008
    9387  0.38213E-008
    9388  0.38223E-008
    9389  0.38234E-008
    9390  0.38246E-008
    9391  0.38258E-008
    9392  0.38270E-008
    9393  0.38283E-008
    9394  0.38296E-008
    9395  0.38309E-008
    9396  0.38322E-008
    9397  0.38335E-008
    9398  0.38349E-008
    9399  0.38362E-008
    9400  0.38376E-008
    9401  0.38390E-008
    9402  0.38404E-008
    9403  0.38418E-008
    9404  0.38433E-008
    9405  0.38447E-008
    9406  0.38462E-008
    9407  0.38477E-008
    9408  0.38491E-008
    9409  0.38506E-008
    9410  0.38522E-008
    9411  0.38537E-008
    9412  0.38552E-008
    9413  0.38568E-008
    9414  0.38583E-008
    9415  0.38599E-008
    9416  0.37681E-008
    9417  0.37692E-008
    9418  0.37709E-008
    9419  0.37730E-008
    9420  0.37754E-008
    9421  0.37779E-008
    9422  0.37806E-008
    9423  0.37834E-008
    9424  0.37862E-008
    9425  0.37890E-008
    9426  0.37920E-008
    9427  0.37949E-008
    9428  0.37980E-008
    9429  0.38011E-008
    9430  0.38042E-008
    9431  0.38074E-008
    9432  0.38106E-008
    9433  0.37180E-008
    9434  0.37183E-008
    9435  0.37188E-008
    9436  0.37195E-008
    9437  0.37203E-008
    9438  0.37212E-008
    9439  0.37223E-008
    9440  0.37234E-008
    9441  0.37247E-008
    9442  0.37259E-008
    9443  0.37273E-008
    9444  0.37286E-008
    9445  0.37300E-008
    9446  0.37314E-008
    9447  0.37328E-008
    9448  0.37343E-008
    9449  0.37358E-008
    9450  0.37372E-008
    9451  0.37387E-008
    9452  0.37402E-008
    9453  0.37418E-008
    9454  0.37433E-008
    9455  0.37448E-008
    9456  0.37464E-008
    9457  0.37480E-008
    9458  0.37496E-008
    9459  0.37512E-008
    9460  0.37528E-008
    9461  0.37544E-008
    9462  0.37561E-008
    9463  0.37577E-008
    9464  0.37594E-008
    9465  0.37611E-008
    9466  0.37627E-008
    9467  0.37645E-008
    9468  0.36682E-008
    9469  0.36695E-008
    9470  0.36713E-008
    9471  0.36736E-008
    9472  0.36763E-008
    9473  0.36791E-008
    9474  0.36820E-008
    9475  0.36850E-008
    9476  0.36881E-008
    9477  0.36912E-008
    9478  0.36944E-008
    9479  0.36977E-008
    9480  0.37010E-008
    9481  0.37043E-008
    9482  0.37077E-008
    9483  0.37112E-008
    9484  0.37147E-008
    9485  0.36176E-008
    9486  0.36179E-008
    9487  0.36185E-008
    9488  0.36192E-008
    9489  0.36201E-008
    9490  0.36212E-008
    9491  0.36223E-008
    9492  0.36236E-008
    9493  0.36250E-008
    9494  0.36264E-008
    9495  0.36278E-008
    9496  0.36293E-008
    9497  0.36308E-008
    9498  0.36324E-008
    9499  0.36339E-008
    9500  0.36355E-008
    9501  0.36371E-008
    9502  0.36387E-008
    9503  0.36404E-008
    9504  0.36420E-008
    9505  0.36437E-008
    9506  0.36454E-008
    9507  0.36470E-008
    9508  0.36487E-008
    9509  0.36505E-008
    9510  0.36522E-008
    9511  0.36539E-008
    9512  0.36557E-008
    9513  0.36574E-008
    9514  0.36592E-008
    9515  0.36610E-008
    9516  0.36628E-008
    9517  0.36646E-008
    9518  0.36665E-008
    9519  0.36683E-008
    9520  0.35674E-008
    9521  0.35687E-008
    9522  0.35708E-008
    9523  0.35733E-008
    9524  0.35762E-008
    9525  0.35793E-008
    9526  0.35825E-008
    9527  0.35858E-008
    9528  0.35892E-008
    9529  0.35926E-008
    9530  0.35961E-008
    9531  0.35996E-008
    9532  0.36032E-008
    9533  0.36068E-008
    9534  0.36105E-008
    9535  0.36143E-008
    9536  0.36181E-008
    9537  0.35162E-008
    9538  0.35166E-008
    9539  0.35172E-008
    9540  0.35180E-008
    9541  0.35190E-008
    9542  0.35202E-008
    9543  0.35215E-008
    9544  0.35228E-008
    9545  0.35243E-008
    9546  0.35259E-008
    9547  0.35275E-008
    9548  0.35291E-008
    9549  0.35308E-008
    9550  0.35325E-008
    9551  0.35342E-008
    9552  0.35359E-008
    9553  0.35377E-008
    9554  0.35394E-008
    9555  0.35412E-008
    9556  0.35430E-008
    9557  0.35448E-008
    9558  0.35466E-008
    9559  0.35485E-008
    9560  0.35503E-008
    9561  0.35522E-008
    9562  0.35540E-008
    9563  0.35559E-008
    9564  0.35578E-008
    9565  0.35597E-008
    9566  0.35617E-008
    9567  0.35636E-008
    9568  0.35656E-008
    9569  0.35675E-008
    9570  0.35695E-008
    9571  0.35715E-008
    9572  0.34656E-008
    9573  0.34671E-008
    9574  0.34693E-008
    9575  0.34721E-008
    9576  0.34753E-008
    9577  0.34787E-008
    9578  0.34822E-008
    9579  0.34858E-008
    9580  0.34895E-008
    9581  0.34932E-008
    9582  0.34970E-008
    9583  0.35008E-008
    9584  0.35047E-008
    9585  0.35086E-008
    9586  0.35126E-008
    9587  0.35167E-008
    9588  0.35208E-008
    9589  0.34139E-008
    9590  0.34143E-008
    9591  0.34150E-008
    9592  0.34159E-008
    9593  0.34170E-008
    9594  0.34182E-008
    9595  0.34196E-008
    9596  0.34212E-008
    9597  0.34228E-008
    9598  0.34245E-008
    9599  0.34262E-008
    9600  0.34280E-008
    9601  0.34299E-008
    9602  0.34317E-008
    9603  0.34336E-008
    9604  0.34355E-008
    9605  0.34374E-008
    9606  0.34393E-008
    9607  0.34412E-008
    9608  0.34432E-008
    9609  0.34452E-008
    9610  0.34471E-008
    9611  0.34491E-008
    9612  0.34511E-008
    9613  0.34532E-008
    9614  0.34552E-008
    9615  0.34572E-008
    9616  0.34593E-008
    9617  0.34614E-008
    9618  0.34634E-008
    9619  0.34655E-008
    9620  0.34676E-008
    9621  0.34698E-008
    9622  0.34719E-008
    9623  0.34740E-008
    9624  0.33628E-008
    9625  0.33644E-008
    9626  0.33669E-008
    9627  0.33700E-008
    9628  0.33735E-008
    9629  0.33772E-008
    9630  0.33810E-008
    9631  0.33850E-008
    9632  0.33890E-008
    9633  0.33930E-008
    9634  0.33971E-008
    9635  0.34013E-008
    9636  0.34055E-008
    9637  0.34098E-008
    9638  0.34141E-008
    9639  0.34185E-008
    9640  0.34229E-008
    9641  0.33107E-008
    9642  0.33111E-008
    9643  0.33118E-008
    9644  0.33128E-008
    9645  0.33140E-008
    9646  0.33154E-008
    9647  0.33169E-008
    9648  0.33186E-008
    9649  0.33204E-008
    9650  0.33222E-008
    9651  0.33242E-008
    9652  0.33261E-008
    9653  0.33281E-008
    9654  0.33301E-008
    9655  0.33322E-008
    9656  0.33342E-008
    9657  0.33363E-008
    9658  0.33384E-008
    9659  0.33405E-008
    9660  0.33426E-008
    9661  0.33448E-008
    9662  0.33469E-008
    9663  0.33491E-008
    9664  0.33513E-008
    9665  0.33535E-008
    9666  0.33557E-008
    9667  0.33579E-008
    9668  0.33601E-008
    9669  0.33623E-008
    9670  0.33646E-008
    9671  0.33668E-008
    9672  0.33691E-008
    9673  0.33714E-008
    9674  0.33737E-008
    9675  0.33760E-008
    9676  0.32591E-008
    9677  0.32609E-008
    9678  0.32636E-008
    9679  0.32670E-008
    9680  0.32708E-008
    9681  0.32749E-008
    9682  0.32791E-008
    9683  0.32833E-008
    9684  0.32877E-008
    9685  0.32921E-008
    9686  0.32966E-008
    9687  0.33011E-008
    9688  0.33056E-008
    9689  0.33103E-008
    9690  0.33149E-008
    9691  0.33196E-008
    9692  0.33244E-008
    9693  0.32065E-008
    9694  0.32070E-008
    9695  0.32078E-008
    9696  0.32088E-008
    9697  0.32101E-008
    9698  0.32117E-008
    9699  0.32134E-008
    9700  0.32152E-008
    9701  0.32172E-008
    9702  0.32192E-008
    9703  0.32213E-008
    9704  0.32234E-008
    9705  0.32256E-008
    9706  0.32278E-008
    9707  0.32300E-008
    9708  0.32323E-008
    9709  0.32345E-008
    9710  0.32368E-008
    9711  0.32391E-008
    9712  0.32414E-008
    9713  0.32437E-008
    9714  0.32460E-008
    9715  0.32484E-008
    9716  0.32507E-008
    9717  0.32531E-008
    9718  0.32555E-008
    9719  0.32579E-008
    9720  0.32603E-008
    9721  0.32627E-008
    9722  0.32651E-008
    9723  0.32676E-008
    9724  0.32700E-008
    9725  0.32725E-008
    9726  0.32750E-008
    9727  0.32775E-008
    9728  0.31546E-008
    9729  0.31565E-008
    9730  0.31595E-008
    9731  0.31632E-008
    9732  0.31674E-008
    9733  0.31718E-008
    9734  0.31763E-008
    9735  0.31810E-008
    9736  0.31857E-008
    9737  0.31905E-008
    9738  0.31954E-008
    9739  0.32002E-008
    9740  0.32052E-008
    9741  0.32102E-008
    9742  0.32152E-008
    9743  0.32203E-008
    9744  0.32254E-008
    9745  0.31015E-008
    9746  0.31020E-008
    9747  0.31029E-008
    9748  0.31040E-008
    9749  0.31055E-008
    9750  0.31071E-008
    9751  0.31090E-008
    9752  0.31110E-008
    9753  0.31131E-008
    9754  0.31153E-008
    9755  0.31176E-008
    9756  0.31200E-008
    9757  0.31223E-008
    9758  0.31247E-008
    9759  0.31271E-008
    9760  0.31296E-008
    9761  0.31320E-008
    9762  0.31345E-008
    9763  0.31370E-008
    9764  0.31395E-008
    9765  0.31420E-008
    9766  0.31445E-008
    9767  0.31471E-008
    9768  0.31496E-008
    9769  0.31522E-008
    9770  0.31547E-008
    9771  0.31573E-008
    9772  0.31599E-008
    9773  0.31625E-008
    9774  0.31651E-008
    9775  0.31678E-008
    9776  0.31704E-008
    9777  0.31731E-008
    9778  0.31757E-008
    9779  0.31784E-008
    9780  0.30492E-008
    9781  0.30514E-008
    9782  0.30546E-008
    9783  0.30586E-008
    9784  0.30632E-008
    9785  0.30680E-008
    9786  0.30729E-008
    9787  0.30780E-008
    9788  0.30831E-008
    9789  0.30883E-008
    9790  0.30936E-008
    9791  0.30988E-008
    9792  0.31042E-008
    9793  0.31095E-008
    9794  0.31150E-008
    9795  0.31204E-008
    9796  0.31260E-008
    9797  0.29957E-008
    9798  0.29963E-008
    9799  0.29972E-008
    9800  0.29985E-008
    9801  0.30000E-008
    9802  0.30019E-008
    9803  0.30039E-008
    9804  0.30061E-008
    9805  0.30084E-008
    9806  0.30108E-008
    9807  0.30133E-008
    9808  0.30158E-008
    9809  0.30184E-008
    9810  0.30210E-008
    9811  0.30236E-008
    9812  0.30263E-008
    9813  0.30289E-008
    9814  0.30316E-008
    9815  0.30343E-008
    9816  0.30370E-008
    9817  0.30397E-008
    9818  0.30424E-008
    9819  0.30452E-008
    9820  0.30479E-008
    9821  0.30507E-008
    9822  0.30535E-008
    9823  0.30563E-008
    9824  0.30591E-008
    9825  0.30619E-008
    9826  0.30647E-008
    9827  0.30675E-008
    9828  0.30704E-008
    9829  0.30732E-008
    9830  0.30761E-008
    9831  0.30790E-008
    9832  0.29431E-008
    9833  0.29454E-008
    9834  0.29490E-008
    9835  0.29533E-008
    9836  0.29583E-008
    9837  0.29635E-008
    9838  0.29689E-008
    9839  0.29744E-008
    9840  0.29800E-008
    9841  0.29856E-008
    9842  0.29912E-008
    9843  0.29969E-008
    9844  0.30027E-008
    9845  0.30085E-008
    9846  0.30143E-008
    9847  0.30202E-008
    9848  0.30261E-008
    9849  0.28892E-008
    9850  0.28898E-008
    9851  0.28908E-008
    9852  0.28922E-008
    9853  0.28939E-008
    9854  0.28959E-008
    9855  0.28981E-008
    9856  0.29005E-008
    9857  0.29030E-008
    9858  0.29056E-008
    9859  0.29083E-008
    9860  0.29111E-008
    9861  0.29138E-008
    9862  0.29167E-008
    9863  0.29195E-008
    9864  0.29224E-008
    9865  0.29253E-008
    9866  0.29282E-008
    9867  0.29311E-008
    9868  0.29340E-008
    9869  0.29369E-008
    9870  0.29399E-008
    9871  0.29428E-008
    9872  0.29458E-008
    9873  0.29488E-008
    9874  0.29518E-008
    9875  0.29548E-008
    9876  0.29578E-008
    9877  0.29608E-008
    9878  0.29638E-008
    9879  0.29669E-008
    9880  0.29699E-008
    9881  0.29730E-008
    9882  0.29761E-008
    9883  0.29792E-008
    9884  0.28363E-008
    9885  0.28388E-008
    9886  0.28427E-008
    9887  0.28474E-008
    9888  0.28528E-008
    9889  0.28585E-008
    9890  0.28643E-008
    9891  0.28703E-008
    9892  0.28763E-008
    9893  0.28823E-008
    9894  0.28884E-008
    9895  0.28946E-008
    9896  0.29008E-008
    9897  0.29070E-008
    9898  0.29133E-008
    9899  0.29196E-008
    9900  0.29260E-008
    9901  0.27820E-008
    9902  0.27827E-008
    9903  0.27838E-008
    9904  0.27853E-008
    9905  0.27872E-008
    9906  0.27893E-008
    9907  0.27917E-008
    9908  0.27943E-008
    9909  0.27970E-008
    9910  0.27998E-008
    9911  0.28028E-008
    9912  0.28058E-008
    9913  0.28088E-008
    9914  0.28118E-008
    9915  0.28149E-008
    9916  0.28180E-008
    9917  0.28211E-008
    9918  0.28243E-008
    9919  0.28274E-008
    9920  0.28306E-008
    9921  0.28337E-008
    9922  0.28369E-008
    9923  0.28401E-008
    9924  0.28433E-008
    9925  0.28465E-008
    9926  0.28497E-008
    9927  0.28529E-008
    9928  0.28562E-008
    9929  0.28594E-008
    9930  0.28627E-008
    9931  0.28659E-008
    9932  0.28692E-008
    9933  0.28725E-008
    9934  0.28758E-008
    9935  0.28791E-008
    9936  0.27289E-008
    9937  0.27316E-008
    9938  0.27358E-008
    9939  0.27410E-008
    9940  0.27468E-008
    9941  0.27529E-008
    9942  0.27593E-008
    9943  0.27657E-008
    9944  0.27722E-008
    9945  0.27787E-008
    9946  0.27853E-008
    9947  0.27919E-008
    9948  0.27985E-008
    9949  0.28052E-008
    9950  0.28120E-008
    9951  0.28188E-008
    9952  0.28256E-008
    9953  0.26743E-008
    9954  0.26750E-008
    9955  0.26762E-008
    9956  0.26779E-008
    9957  0.26799E-008
    9958  0.26822E-008
    9959  0.26848E-008
    9960  0.26876E-008
    9961  0.26905E-008
    9962  0.26936E-008
    9963  0.26968E-008
    9964  0.27000E-008
    9965  0.27033E-008
    9966  0.27066E-008
    9967  0.27099E-008
    9968  0.27133E-008
    9969  0.27166E-008
    9970  0.27200E-008
    9971  0.27234E-008
    9972  0.27268E-008
    9973  0.27302E-008
    9974  0.27336E-008
    9975  0.27370E-008
    9976  0.27404E-008
    9977  0.27439E-008
    9978  0.27473E-008
    9979  0.27508E-008
    9980  0.27543E-008
    9981  0.27578E-008
    9982  0.27613E-008
    9983  0.27648E-008
    9984  0.27683E-008
    9985  0.27718E-008
    9986  0.27753E-008
    9987  0.27789E-008
    9988  0.26210E-008
    9989  0.26240E-008
    9990  0.26285E-008
    9991  0.26341E-008
    9992  0.26403E-008
    9993  0.26470E-008
    9994  0.26538E-008
    9995  0.26607E-008
    9996  0.26677E-008
    9997  0.26748E-008
    9998  0.26818E-008
    9999  0.26889E-008
   10000  0.26961E-008
   10001  0.27033E-008
   10002  0.27105E-008
   10003  0.27177E-008
   10004  0.27250E-008
   10005  0.25661E-008
   10006  0.25669E-008
   10007  0.25682E-008
   10008  0.25700E-008
   10009  0.25721E-008
   10010  0.25747E-008
   10011  0.25775E-008
   10012  0.25805E-008
   10013  0.25837E-008
   10014  0.25870E-008
   10015  0.25904E-008
   10016  0.25939E-008
   10017  0.25974E-008
   10018  0.26010E-008
   10019  0.26046E-008
   10020  0.26082E-008
   10021  0.26118E-008
   10022  0.26154E-008
   10023  0.26191E-008
   10024  0.26227E-008
   10025  0.26264E-008
   10026  0.26301E-008
   10027  0.26337E-008
   10028  0.26374E-008
   10029  0.26411E-008
   10030  0.26448E-008
   10031  0.26485E-008
   10032  0.26523E-008
   10033  0.26560E-008
   10034  0.26597E-008
   10035  0.26635E-008
   10036  0.26672E-008
   10037  0.26710E-008
   10038  0.26748E-008
   10039  0.26785E-008
   10040  0.25127E-008
   10041  0.25159E-008
   10042  0.25208E-008
   10043  0.25268E-008
   10044  0.25336E-008
   10045  0.25408E-008
   10046  0.25481E-008
   10047  0.25556E-008
   10048  0.25631E-008
   10049  0.25706E-008
   10050  0.25782E-008
   10051  0.25859E-008
   10052  0.25935E-008
   10053  0.26012E-008
   10054  0.26089E-008
   10055  0.26167E-008
   10056  0.26245E-008
   10057  0.24576E-008
   10058  0.24584E-008
   10059  0.24598E-008
   10060  0.24617E-008
   10061  0.24641E-008
   10062  0.24668E-008
   10063  0.24698E-008
   10064  0.24731E-008
   10065  0.24765E-008
   10066  0.24801E-008
   10067  0.24838E-008
   10068  0.24876E-008
   10069  0.24914E-008
   10070  0.24952E-008
   10071  0.24991E-008
   10072  0.25029E-008
   10073  0.25068E-008
   10074  0.25107E-008
   10075  0.25146E-008
   10076  0.25185E-008
   10077  0.25225E-008
   10078  0.25264E-008
   10079  0.25304E-008
   10080  0.25343E-008
   10081  0.25383E-008
   10082  0.25422E-008
   10083  0.25462E-008
   10084  0.25502E-008
   10085  0.25542E-008
   10086  0.25582E-008
   10087  0.25622E-008
   10088  0.25662E-008
   10089  0.25702E-008
   10090  0.25742E-008
   10091  0.25783E-008
   10092  0.24041E-008
   10093  0.24076E-008
   10094  0.24128E-008
   10095  0.24193E-008
   10096  0.24266E-008
   10097  0.24343E-008
   10098  0.24423E-008
   10099  0.24503E-008
   10100  0.24583E-008
   10101  0.24664E-008
   10102  0.24746E-008
   10103  0.24827E-008
   10104  0.24909E-008
   10105  0.24992E-008
   10106  0.25074E-008
   10107  0.25157E-008
   10108  0.25240E-008
   10109  0.23488E-008
   10110  0.23498E-008
   10111  0.23513E-008
   10112  0.23533E-008
   10113  0.23559E-008
   10114  0.23588E-008
   10115  0.23620E-008
   10116  0.23656E-008
   10117  0.23693E-008
   10118  0.23731E-008
   10119  0.23771E-008
   10120  0.23811E-008
   10121  0.23852E-008
   10122  0.23893E-008
   10123  0.23935E-008
   10124  0.23976E-008
   10125  0.24018E-008
   10126  0.24060E-008
   10127  0.24102E-008
   10128  0.24144E-008
   10129  0.24186E-008
   10130  0.24228E-008
   10131  0.24270E-008
   10132  0.24312E-008
   10133  0.24354E-008
   10134  0.24397E-008
   10135  0.24439E-008
   10136  0.24482E-008
   10137  0.24524E-008
   10138  0.24567E-008
   10139  0.24610E-008
   10140  0.24652E-008
   10141  0.24695E-008
   10142  0.24738E-008
   10143  0.24781E-008
   10144  0.22954E-008
   10145  0.22991E-008
   10146  0.23048E-008
   10147  0.23118E-008
   10148  0.23196E-008
   10149  0.23279E-008
   10150  0.23364E-008
   10151  0.23450E-008
   10152  0.23536E-008
   10153  0.23623E-008
   10154  0.23710E-008
   10155  0.23797E-008
   10156  0.23885E-008
   10157  0.23973E-008
   10158  0.24061E-008
   10159  0.24149E-008
   10160  0.24237E-008
   10161  0.22400E-008
   10162  0.22410E-008
   10163  0.22426E-008
   10164  0.22449E-008
   10165  0.22476E-008
   10166  0.22507E-008
   10167  0.22542E-008
   10168  0.22580E-008
   10169  0.22620E-008
   10170  0.22661E-008
   10171  0.22704E-008
   10172  0.22747E-008
   10173  0.22791E-008
   10174  0.22835E-008
   10175  0.22879E-008
   10176  0.22924E-008
   10177  0.22968E-008
   10178  0.23013E-008
   10179  0.23058E-008
   10180  0.23103E-008
   10181  0.23148E-008
   10182  0.23193E-008
   10183  0.23238E-008
   10184  0.23283E-008
   10185  0.23328E-008
   10186  0.23373E-008
   10187  0.23419E-008
   10188  0.23464E-008
   10189  0.23509E-008
   10190  0.23555E-008
   10191  0.23600E-008
   10192  0.23646E-008
   10193  0.23691E-008
   10194  0.23737E-008
   10195  0.23783E-008
   10196  0.21866E-008
   10197  0.21906E-008
   10198  0.21967E-008
   10199  0.22042E-008
   10200  0.22127E-008
   10201  0.22215E-008
   10202  0.22306E-008
   10203  0.22398E-008
   10204  0.22491E-008
   10205  0.22583E-008
   10206  0.22676E-008
   10207  0.22769E-008
   10208  0.22863E-008
   10209  0.22956E-008
   10210  0.23050E-008
   10211  0.23144E-008
   10212  0.23238E-008
   10213  0.21313E-008
   10214  0.21323E-008
   10215  0.21341E-008
   10216  0.21365E-008
   10217  0.21394E-008
   10218  0.21428E-008
   10219  0.21465E-008
   10220  0.21505E-008
   10221  0.21548E-008
   10222  0.21593E-008
   10223  0.21638E-008
   10224  0.21684E-008
   10225  0.21731E-008
   10226  0.21778E-008
   10227  0.21826E-008
   10228  0.21873E-008
   10229  0.21921E-008
   10230  0.21969E-008
   10231  0.22017E-008
   10232  0.22065E-008
   10233  0.22113E-008
   10234  0.22161E-008
   10235  0.22209E-008
   10236  0.22257E-008
   10237  0.22305E-008
   10238  0.22353E-008
   10239  0.22401E-008
   10240  0.22450E-008
   10241  0.22498E-008
   10242  0.22546E-008
   10243  0.22595E-008
   10244  0.22643E-008
   10245  0.22691E-008
   10246  0.22740E-008
   10247  0.22788E-008
   10248  0.20781E-008
   10249  0.20823E-008
   10250  0.20889E-008
   10251  0.20969E-008
   10252  0.21059E-008
   10253  0.21154E-008
   10254  0.21251E-008
   10255  0.21350E-008
   10256  0.21448E-008
   10257  0.21547E-008
   10258  0.21646E-008
   10259  0.21745E-008
   10260  0.21845E-008
   10261  0.21944E-008
   10262  0.22044E-008
   10263  0.22143E-008
   10264  0.22243E-008
   10265  0.20227E-008
   10266  0.20239E-008
   10267  0.20258E-008
   10268  0.20283E-008
   10269  0.20314E-008
   10270  0.20351E-008
   10271  0.20391E-008
   10272  0.20434E-008
   10273  0.20480E-008
   10274  0.20527E-008
   10275  0.20576E-008
   10276  0.20625E-008
   10277  0.20675E-008
   10278  0.20726E-008
   10279  0.20776E-008
   10280  0.20827E-008
   10281  0.20878E-008
   10282  0.20929E-008
   10283  0.20980E-008
   10284  0.21031E-008
   10285  0.21082E-008
   10286  0.21133E-008
   10287  0.21184E-008
   10288  0.21235E-008
   10289  0.21287E-008
   10290  0.21338E-008
   10291  0.21389E-008
   10292  0.21440E-008
   10293  0.21491E-008
   10294  0.21543E-008
   10295  0.21594E-008
   10296  0.21645E-008
   10297  0.21697E-008
   10298  0.21748E-008
   10299  0.21800E-008
   10300  0.19698E-008
   10301  0.19744E-008
   10302  0.19814E-008
   10303  0.19900E-008
   10304  0.19996E-008
   10305  0.20097E-008
   10306  0.20201E-008
   10307  0.20306E-008
   10308  0.20411E-008
   10309  0.20516E-008
   10310  0.20621E-008
   10311  0.20727E-008
   10312  0.20832E-008
   10313  0.20938E-008
   10314  0.21043E-008
   10315  0.21149E-008
   10316  0.21255E-008
   10317  0.19146E-008
   10318  0.19159E-008
   10319  0.19179E-008
   10320  0.19206E-008
   10321  0.19239E-008
   10322  0.19278E-008
   10323  0.19321E-008
   10324  0.19367E-008
   10325  0.19416E-008
   10326  0.19466E-008
   10327  0.19518E-008
   10328  0.19571E-008
   10329  0.19624E-008
   10330  0.19678E-008
   10331  0.19732E-008
   10332  0.19786E-008
   10333  0.19840E-008
   10334  0.19894E-008
   10335  0.19949E-008
   10336  0.20003E-008
   10337  0.20057E-008
   10338  0.20111E-008
   10339  0.20166E-008
   10340  0.20220E-008
   10341  0.20274E-008
   10342  0.20329E-008
   10343  0.20383E-008
   10344  0.20437E-008
   10345  0.20492E-008
   10346  0.20546E-008
   10347  0.20600E-008
   10348  0.20655E-008
   10349  0.20709E-008
   10350  0.20764E-008
   10351  0.20818E-008
   10352  0.18621E-008
   10353  0.18670E-008
   10354  0.18744E-008
   10355  0.18836E-008
   10356  0.18938E-008
   10357  0.19046E-008
   10358  0.19157E-008
   10359  0.19268E-008
   10360  0.19380E-008
   10361  0.19491E-008
   10362  0.19603E-008
   10363  0.19715E-008
   10364  0.19827E-008
   10365  0.19939E-008
   10366  0.20051E-008
   10367  0.20163E-008
   10368  0.20274E-008
   10369  0.18072E-008
   10370  0.18085E-008
   10371  0.18106E-008
   10372  0.18135E-008
   10373  0.18171E-008
   10374  0.18212E-008
   10375  0.18257E-008
   10376  0.18306E-008
   10377  0.18358E-008
   10378  0.18412E-008
   10379  0.18467E-008
   10380  0.18523E-008
   10381  0.18580E-008
   10382  0.18637E-008
   10383  0.18695E-008
   10384  0.18752E-008
   10385  0.18810E-008
   10386  0.18867E-008
   10387  0.18925E-008
   10388  0.18982E-008
   10389  0.19040E-008
   10390  0.19097E-008
   10391  0.19155E-008
   10392  0.19213E-008
   10393  0.19270E-008
   10394  0.19328E-008
   10395  0.19385E-008
   10396  0.19443E-008
   10397  0.19500E-008
   10398  0.19558E-008
   10399  0.19615E-008
   10400  0.19673E-008
   10401  0.19730E-008
   10402  0.19788E-008
   10403  0.19845E-008
   10404  0.17551E-008
   10405  0.17602E-008
   10406  0.17681E-008
   10407  0.17779E-008
   10408  0.17888E-008
   10409  0.18003E-008
   10410  0.18120E-008
   10411  0.18238E-008
   10412  0.18357E-008
   10413  0.18475E-008
   10414  0.18594E-008
   10415  0.18712E-008
   10416  0.18831E-008
   10417  0.18949E-008
   10418  0.19067E-008
   10419  0.19185E-008
   10420  0.19304E-008
   10421  0.17005E-008
   10422  0.17019E-008
   10423  0.17041E-008
   10424  0.17072E-008
   10425  0.17110E-008
   10426  0.17154E-008
   10427  0.17202E-008
   10428  0.17254E-008
   10429  0.17309E-008
   10430  0.17367E-008
   10431  0.17425E-008
   10432  0.17485E-008
   10433  0.17545E-008
   10434  0.17606E-008
   10435  0.17666E-008
   10436  0.17727E-008
   10437  0.17788E-008
   10438  0.17849E-008
   10439  0.17910E-008
   10440  0.17971E-008
   10441  0.18032E-008
   10442  0.18093E-008
   10443  0.18154E-008
   10444  0.18215E-008
   10445  0.18276E-008
   10446  0.18337E-008
   10447  0.18397E-008
   10448  0.18458E-008
   10449  0.18519E-008
   10450  0.18580E-008
   10451  0.18640E-008
   10452  0.18701E-008
   10453  0.18762E-008
   10454  0.18822E-008
   10455  0.18883E-008
   10456  0.16489E-008
   10457  0.16544E-008
   10458  0.16628E-008
   10459  0.16732E-008
   10460  0.16848E-008
   10461  0.16969E-008
   10462  0.17094E-008
   10463  0.17219E-008
   10464  0.17344E-008
   10465  0.17470E-008
   10466  0.17595E-008
   10467  0.17720E-008
   10468  0.17845E-008
   10469  0.17970E-008
   10470  0.18095E-008
   10471  0.18220E-008
   10472  0.18344E-008
   10473  0.15948E-008
   10474  0.15963E-008
   10475  0.15987E-008
   10476  0.16020E-008
   10477  0.16060E-008
   10478  0.16106E-008
   10479  0.16157E-008
   10480  0.16213E-008
   10481  0.16271E-008
   10482  0.16332E-008
   10483  0.16394E-008
   10484  0.16457E-008
   10485  0.16521E-008
   10486  0.16585E-008
   10487  0.16649E-008
   10488  0.16714E-008
   10489  0.16778E-008
   10490  0.16843E-008
   10491  0.16907E-008
   10492  0.16972E-008
   10493  0.17036E-008
   10494  0.17100E-008
   10495  0.17165E-008
   10496  0.17229E-008
   10497  0.17293E-008
   10498  0.17357E-008
   10499  0.17421E-008
   10500  0.17485E-008
   10501  0.17550E-008
   10502  0.17614E-008
   10503  0.17677E-008
   10504  0.17741E-008
   10505  0.17805E-008
   10506  0.17869E-008
   10507  0.17933E-008
   10508  0.15439E-008
   10509  0.15498E-008
   10510  0.15587E-008
   10511  0.15697E-008
   10512  0.15819E-008
   10513  0.15948E-008
   10514  0.16079E-008
   10515  0.16212E-008
   10516  0.16344E-008
   10517  0.16477E-008
   10518  0.16609E-008
   10519  0.16741E-008
   10520  0.16873E-008
   10521  0.17004E-008
   10522  0.17136E-008
   10523  0.17267E-008
   10524  0.17398E-008
   10525  0.14904E-008
   10526  0.14919E-008
   10527  0.14945E-008
   10528  0.14979E-008
   10529  0.15022E-008
   10530  0.15071E-008
   10531  0.15125E-008
   10532  0.15184E-008
   10533  0.15246E-008
   10534  0.15310E-008
   10535  0.15375E-008
   10536  0.15442E-008
   10537  0.15509E-008
   10538  0.15577E-008
   10539  0.15645E-008
   10540  0.15713E-008
   10541  0.15781E-008
   10542  0.15849E-008
   10543  0.15917E-008
   10544  0.15985E-008
   10545  0.16053E-008
   10546  0.16121E-008
   10547  0.16189E-008
   10548  0.16257E-008
   10549  0.16324E-008
   10550  0.16392E-008
   10551  0.16459E-008
   10552  0.16527E-008
   10553  0.16594E-008
   10554  0.16661E-008
   10555  0.16729E-008
   10556  0.16796E-008
   10557  0.16863E-008
   10558  0.16930E-008
   10559  0.16997E-008
   10560  0.14403E-008
   10561  0.14465E-008
   10562  0.14559E-008
   10563  0.14675E-008
   10564  0.14804E-008
   10565  0.14940E-008
   10566  0.15079E-008
   10567  0.15219E-008
   10568  0.15358E-008
   10569  0.15498E-008
   10570  0.15637E-008
   10571  0.15776E-008
   10572  0.15915E-008
   10573  0.16053E-008
   10574  0.16191E-008
   10575  0.16329E-008
   10576  0.16467E-008
   10577  0.13874E-008
   10578  0.13891E-008
   10579  0.13918E-008
   10580  0.13954E-008
   10581  0.13999E-008
   10582  0.14051E-008
   10583  0.14108E-008
   10584  0.14170E-008
   10585  0.14235E-008
   10586  0.14303E-008
   10587  0.14372E-008
   10588  0.14442E-008
   10589  0.14513E-008
   10590  0.14585E-008
   10591  0.14656E-008
   10592  0.14728E-008
   10593  0.14800E-008
   10594  0.14871E-008
   10595  0.14943E-008
   10596  0.15015E-008
   10597  0.15086E-008
   10598  0.15157E-008
   10599  0.15229E-008
   10600  0.15300E-008
   10601  0.15371E-008
   10602  0.15442E-008
   10603  0.15513E-008
   10604  0.15584E-008
   10605  0.15655E-008
   10606  0.15725E-008
   10607  0.15796E-008
   10608  0.15866E-008
   10609  0.15937E-008
   10610  0.16007E-008
   10611  0.16078E-008
   10612  0.13383E-008
   10613  0.13448E-008
   10614  0.13547E-008
   10615  0.13669E-008
   10616  0.13806E-008
   10617  0.13949E-008
   10618  0.14095E-008
   10619  0.14242E-008
   10620  0.14389E-008
   10621  0.14536E-008
   10622  0.14682E-008
   10623  0.14828E-008
   10624  0.14974E-008
   10625  0.15119E-008
   10626  0.15264E-008
   10627  0.15408E-008
   10628  0.15552E-008
   10629  0.12862E-008
   10630  0.12879E-008
   10631  0.12908E-008
   10632  0.12946E-008
   10633  0.12993E-008
   10634  0.13048E-008
   10635  0.13108E-008
   10636  0.13173E-008
   10637  0.13242E-008
   10638  0.13313E-008
   10639  0.13386E-008
   10640  0.13460E-008
   10641  0.13535E-008
   10642  0.13610E-008
   10643  0.13685E-008
   10644  0.13761E-008
   10645  0.13836E-008
   10646  0.13911E-008
   10647  0.13987E-008
   10648  0.14062E-008
   10649  0.14137E-008
   10650  0.14212E-008
   10651  0.14287E-008
   10652  0.14361E-008
   10653  0.14436E-008
   10654  0.14510E-008
   10655  0.14585E-008
   10656  0.14659E-008
   10657  0.14733E-008
   10658  0.14807E-008
   10659  0.14881E-008
   10660  0.14955E-008
   10661  0.15029E-008
   10662  0.15102E-008
   10663  0.15176E-008
   10664  0.12381E-008
   10665  0.12449E-008
   10666  0.12554E-008
   10667  0.12682E-008
   10668  0.12826E-008
   10669  0.12976E-008
   10670  0.13130E-008
   10671  0.13284E-008
   10672  0.13439E-008
   10673  0.13593E-008
   10674  0.13746E-008
   10675  0.13899E-008
   10676  0.14052E-008
   10677  0.14204E-008
   10678  0.14356E-008
   10679  0.14507E-008
   10680  0.14658E-008
   10681  0.11869E-008
   10682  0.11888E-008
   10683  0.11917E-008
   10684  0.11958E-008
   10685  0.12007E-008
   10686  0.12065E-008
   10687  0.12128E-008
   10688  0.12197E-008
   10689  0.12269E-008
   10690  0.12344E-008
   10691  0.12420E-008
   10692  0.12498E-008
   10693  0.12576E-008
   10694  0.12655E-008
   10695  0.12734E-008
   10696  0.12813E-008
   10697  0.12892E-008
   10698  0.12971E-008
   10699  0.13050E-008
   10700  0.13129E-008
   10701  0.13208E-008
   10702  0.13286E-008
   10703  0.13364E-008
   10704  0.13443E-008
   10705  0.13521E-008
   10706  0.13599E-008
   10707  0.13677E-008
   10708  0.13754E-008
   10709  0.13832E-008
   10710  0.13909E-008
   10711  0.13987E-008
   10712  0.14064E-008
   10713  0.14141E-008
   10714  0.14218E-008
   10715  0.14295E-008
   10716  0.11400E-008
   10717  0.11472E-008
   10718  0.11581E-008
   10719  0.11717E-008
   10720  0.11867E-008
   10721  0.12025E-008
   10722  0.12186E-008
   10723  0.12348E-008
   10724  0.12509E-008
   10725  0.12671E-008
   10726  0.12831E-008
   10727  0.12992E-008
   10728  0.13151E-008
   10729  0.13310E-008
   10730  0.13469E-008
   10731  0.13627E-008
   10732  0.13784E-008
   10733  0.10899E-008
   10734  0.10918E-008
   10735  0.10949E-008
   10736  0.10992E-008
   10737  0.11044E-008
   10738  0.11104E-008
   10739  0.11170E-008
   10740  0.11242E-008
   10741  0.11318E-008
   10742  0.11396E-008
   10743  0.11476E-008
   10744  0.11558E-008
   10745  0.11640E-008
   10746  0.11723E-008
   10747  0.11805E-008
   10748  0.11888E-008
   10749  0.11971E-008
   10750  0.12054E-008
   10751  0.12136E-008
   10752  0.12218E-008
   10753  0.12301E-008
   10754  0.12383E-008
   10755  0.12465E-008
   10756  0.12546E-008
   10757  0.12628E-008
   10758  0.12709E-008
   10759  0.12791E-008
   10760  0.12872E-008
   10761  0.12953E-008
   10762  0.13034E-008
   10763  0.13114E-008
   10764  0.13195E-008
   10765  0.13275E-008
   10766  0.13356E-008
   10767  0.13436E-008
   10768  0.10442E-008
   10769  0.10518E-008
   10770  0.10633E-008
   10771  0.10774E-008
   10772  0.10932E-008
   10773  0.11097E-008
   10774  0.11265E-008
   10775  0.11435E-008
   10776  0.11604E-008
   10777  0.11772E-008
   10778  0.11940E-008
   10779  0.12107E-008
   10780  0.12274E-008
   10781  0.12440E-008
   10782  0.12605E-008
   10783  0.12770E-008
   10784  0.12934E-008
   10785  0.99533E-009
   10786  0.99734E-009
   10787  0.10006E-008
   10788  0.10051E-008
   10789  0.10105E-008
   10790  0.10168E-008
   10791  0.10237E-008
   10792  0.10313E-008
   10793  0.10392E-008
   10794  0.10474E-008
   10795  0.10557E-008
   10796  0.10643E-008
   10797  0.10728E-008
   10798  0.10815E-008
   10799  0.10901E-008
   10800  0.10988E-008
   10801  0.11074E-008
   10802  0.11160E-008
   10803  0.11247E-008
   10804  0.11332E-008
   10805  0.11418E-008
   10806  0.11504E-008
   10807  0.11589E-008
   10808  0.11675E-008
   10809  0.11760E-008
   10810  0.11845E-008
   10811  0.11929E-008
   10812  0.12014E-008
   10813  0.12098E-008
   10814  0.12183E-008
   10815  0.12267E-008
   10816  0.12351E-008
   10817  0.12434E-008
   10818  0.12518E-008
   10819  0.12602E-008
   10820  0.95112E-009
   10821  0.95900E-009
   10822  0.97099E-009
   10823  0.98578E-009
   10824  0.10022E-008
   10825  0.10195E-008
   10826  0.10371E-008
   10827  0.10547E-008
   10828  0.10724E-008
   10829  0.10899E-008
   10830  0.11074E-008
   10831  0.11249E-008
   10832  0.11422E-008
   10833  0.11595E-008
   10834  0.11767E-008
   10835  0.11938E-008
   10836  0.12109E-008
   10837  0.90352E-009
   10838  0.90562E-009
   10839  0.90906E-009
   10840  0.91367E-009
   10841  0.91935E-009
   10842  0.92591E-009
   10843  0.93319E-009
   10844  0.94103E-009
   10845  0.94927E-009
   10846  0.95783E-009
   10847  0.96657E-009
   10848  0.97545E-009
   10849  0.98441E-009
   10850  0.99340E-009
   10851  0.10024E-008
   10852  0.10114E-008
   10853  0.10204E-008
   10854  0.10294E-008
   10855  0.10384E-008
   10856  0.10474E-008
   10857  0.10563E-008
   10858  0.10652E-008
   10859  0.10741E-008
   10860  0.10830E-008
   10861  0.10918E-008
   10862  0.11007E-008
   10863  0.11095E-008
   10864  0.11183E-008
   10865  0.11270E-008
   10866  0.11358E-008
   10867  0.11445E-008
   10868  0.11532E-008
   10869  0.11619E-008
   10870  0.11706E-008
   10871  0.11793E-008
   10872  0.86088E-009
   10873  0.86910E-009
   10874  0.88160E-009
   10875  0.89702E-009
   10876  0.91417E-009
   10877  0.93215E-009
   10878  0.95047E-009
   10879  0.96886E-009
   10880  0.98721E-009
   10881  0.10055E-008
   10882  0.10237E-008
   10883  0.10418E-008
   10884  0.10598E-008
   10885  0.10778E-008
   10886  0.10956E-008
   10887  0.11134E-008
   10888  0.11311E-008
   10889  0.81474E-009
   10890  0.81692E-009
   10891  0.82050E-009
   10892  0.82531E-009
   10893  0.83123E-009
   10894  0.83806E-009
   10895  0.84564E-009
   10896  0.85380E-009
   10897  0.86238E-009
   10898  0.87129E-009
   10899  0.88039E-009
   10900  0.88963E-009
   10901  0.89895E-009
   10902  0.90831E-009
   10903  0.91768E-009
   10904  0.92705E-009
   10905  0.93642E-009
   10906  0.94576E-009
   10907  0.95509E-009
   10908  0.96439E-009
   10909  0.97368E-009
   10910  0.98294E-009
   10911  0.99217E-009
   10912  0.10014E-008
   10913  0.10106E-008
   10914  0.10198E-008
   10915  0.10289E-008
   10916  0.10380E-008
   10917  0.10471E-008
   10918  0.10562E-008
   10919  0.10653E-008
   10920  0.10743E-008
   10921  0.10833E-008
   10922  0.10924E-008
   10923  0.11014E-008
   10924  0.77379E-009
   10925  0.78235E-009
   10926  0.79535E-009
   10927  0.81139E-009
   10928  0.82922E-009
   10929  0.84792E-009
   10930  0.86695E-009
   10931  0.88605E-009
   10932  0.90511E-009
   10933  0.92409E-009
   10934  0.94298E-009
   10935  0.96177E-009
   10936  0.98046E-009
   10937  0.99907E-009
   10938  0.10176E-008
   10939  0.10360E-008
   10940  0.10544E-008
   10941  0.72925E-009
   10942  0.73152E-009
   10943  0.73524E-009
   10944  0.74024E-009
   10945  0.74639E-009
   10946  0.75349E-009
   10947  0.76136E-009
   10948  0.76983E-009
   10949  0.77875E-009
   10950  0.78800E-009
   10951  0.79745E-009
   10952  0.80705E-009
   10953  0.81672E-009
   10954  0.82643E-009
   10955  0.83616E-009
   10956  0.84589E-009
   10957  0.85560E-009
   10958  0.86530E-009
   10959  0.87497E-009
   10960  0.88462E-009
   10961  0.89424E-009
   10962  0.90384E-009
   10963  0.91341E-009
   10964  0.92296E-009
   10965  0.93249E-009
   10966  0.94199E-009
   10967  0.95146E-009
   10968  0.96091E-009
   10969  0.97034E-009
   10970  0.97974E-009
   10971  0.98913E-009
   10972  0.99848E-009
   10973  0.10078E-008
   10974  0.10171E-008
   10975  0.10264E-008
   10976  0.69014E-009
   10977  0.69902E-009
   10978  0.71251E-009
   10979  0.72916E-009
   10980  0.74765E-009
   10981  0.76705E-009
   10982  0.78679E-009
   10983  0.80659E-009
   10984  0.82634E-009
   10985  0.84600E-009
   10986  0.86555E-009
   10987  0.88500E-009
   10988  0.90435E-009
   10989  0.92359E-009
   10990  0.94274E-009
   10991  0.96179E-009
   10992  0.98077E-009
   10993  0.64733E-009
   10994  0.64968E-009
   10995  0.65354E-009
   10996  0.65872E-009
   10997  0.66509E-009
   10998  0.67245E-009
   10999  0.68061E-009
   11000  0.68940E-009
   11001  0.69864E-009
   11002  0.70822E-009
   11003  0.71801E-009
   11004  0.72796E-009
   11005  0.73797E-009
   11006  0.74804E-009
   11007  0.75811E-009
   11008  0.76818E-009
   11009  0.77823E-009
   11010  0.78827E-009
   11011  0.79828E-009
   11012  0.80826E-009
   11013  0.81821E-009
   11014  0.82814E-009
   11015  0.83804E-009
   11016  0.84792E-009
   11017  0.85777E-009
   11018  0.86759E-009
   11019  0.87738E-009
   11020  0.88715E-009
   11021  0.89689E-009
   11022  0.90660E-009
   11023  0.91629E-009
   11024  0.92596E-009
   11025  0.93561E-009
   11026  0.94524E-009
   11027  0.95488E-009
   11028  0.61018E-009
   11029  0.61937E-009
   11030  0.63334E-009
   11031  0.65058E-009
   11032  0.66972E-009
   11033  0.68980E-009
   11034  0.71022E-009
   11035  0.73070E-009
   11036  0.75112E-009
   11037  0.77144E-009
   11038  0.79165E-009
   11039  0.81174E-009
   11040  0.83172E-009
   11041  0.85159E-009
   11042  0.87136E-009
   11043  0.89102E-009
   11044  0.91059E-009
   11045  0.56923E-009
   11046  0.57166E-009
   11047  0.57565E-009
   11048  0.58101E-009
   11049  0.58760E-009
   11050  0.59521E-009
   11051  0.60365E-009
   11052  0.61274E-009
   11053  0.62229E-009
   11054  0.63220E-009
   11055  0.64232E-009
   11056  0.65260E-009
   11057  0.66295E-009
   11058  0.67335E-009
   11059  0.68376E-009
   11060  0.69416E-009
   11061  0.70455E-009
   11062  0.71491E-009
   11063  0.72525E-009
   11064  0.73556E-009
   11065  0.74583E-009
   11066  0.75608E-009
   11067  0.76630E-009
   11068  0.77649E-009
   11069  0.78665E-009
   11070  0.79678E-009
   11071  0.80688E-009
   11072  0.81696E-009
   11073  0.82700E-009
   11074  0.83702E-009
   11075  0.84701E-009
   11076  0.85698E-009
   11077  0.86691E-009
   11078  0.87683E-009
   11079  0.88674E-009
   11080  0.53416E-009
   11081  0.54366E-009
   11082  0.55810E-009
   11083  0.57590E-009
   11084  0.59567E-009
   11085  0.61640E-009
   11086  0.63748E-009
   11087  0.65861E-009
   11088  0.67968E-009
   11089  0.70064E-009
   11090  0.72148E-009
   11091  0.74220E-009
   11092  0.76279E-009
   11093  0.78326E-009
   11094  0.80362E-009
   11095  0.82387E-009
   11096  0.84402E-009
   11097  0.49520E-009
   11098  0.49771E-009
   11099  0.50183E-009
   11100  0.50736E-009
   11101  0.51416E-009
   11102  0.52202E-009
   11103  0.53072E-009
   11104  0.54010E-009
   11105  0.54996E-009
   11106  0.56018E-009
   11107  0.57062E-009
   11108  0.58122E-009
   11109  0.59189E-009
   11110  0.60261E-009
   11111  0.61334E-009
   11112  0.62407E-009
   11113  0.63477E-009
   11114  0.64545E-009
   11115  0.65610E-009
   11116  0.66672E-009
   11117  0.67731E-009
   11118  0.68786E-009
   11119  0.69839E-009
   11120  0.70888E-009
   11121  0.71934E-009
   11122  0.72977E-009
   11123  0.74017E-009
   11124  0.75054E-009
   11125  0.76087E-009
   11126  0.77118E-009
   11127  0.78146E-009
   11128  0.79171E-009
   11129  0.80193E-009
   11130  0.81214E-009
   11131  0.82235E-009
   11132  0.46234E-009
   11133  0.47214E-009
   11134  0.48701E-009
   11135  0.50536E-009
   11136  0.52574E-009
   11137  0.54709E-009
   11138  0.56879E-009
   11139  0.59056E-009
   11140  0.61225E-009
   11141  0.63382E-009
   11142  0.65526E-009
   11143  0.67657E-009
   11144  0.69774E-009
   11145  0.71879E-009
   11146  0.73972E-009
   11147  0.76052E-009
   11148  0.78122E-009
   11149  0.42550E-009
   11150  0.42808E-009
   11151  0.43232E-009
   11152  0.43802E-009
   11153  0.44502E-009
   11154  0.45311E-009
   11155  0.46207E-009
   11156  0.47172E-009
   11157  0.48187E-009
   11158  0.49238E-009
   11159  0.50313E-009
   11160  0.51403E-009
   11161  0.52501E-009
   11162  0.53605E-009
   11163  0.54708E-009
   11164  0.55811E-009
   11165  0.56912E-009
   11166  0.58010E-009
   11167  0.59104E-009
   11168  0.60196E-009
   11169  0.61284E-009
   11170  0.62369E-009
   11171  0.63450E-009
   11172  0.64528E-009
   11173  0.65603E-009
   11174  0.66674E-009
   11175  0.67742E-009
   11176  0.68806E-009
   11177  0.69868E-009
   11178  0.70926E-009
   11179  0.71981E-009
   11180  0.73033E-009
   11181  0.74081E-009
   11182  0.75128E-009
   11183  0.76173E-009
   11184  0.39497E-009
   11185  0.40504E-009
   11186  0.42034E-009
   11187  0.43920E-009
   11188  0.46015E-009
   11189  0.48209E-009
   11190  0.50440E-009
   11191  0.52675E-009
   11192  0.54903E-009
   11193  0.57118E-009
   11194  0.59319E-009
   11195  0.61506E-009
   11196  0.63679E-009
   11197  0.65838E-009
   11198  0.67983E-009
   11199  0.70116E-009
   11200  0.72239E-009
   11201  0.36036E-009
   11202  0.36302E-009
   11203  0.36737E-009
   11204  0.37323E-009
   11205  0.38042E-009
   11206  0.38872E-009
   11207  0.39793E-009
   11208  0.40784E-009
   11209  0.41826E-009
   11210  0.42905E-009
   11211  0.44008E-009
   11212  0.45128E-009
   11213  0.46255E-009
   11214  0.47388E-009
   11215  0.48520E-009
   11216  0.49652E-009
   11217  0.50781E-009
   11218  0.51907E-009
   11219  0.53030E-009
   11220  0.54150E-009
   11221  0.55266E-009
   11222  0.56378E-009
   11223  0.57487E-009
   11224  0.58592E-009
   11225  0.59693E-009
   11226  0.60791E-009
   11227  0.61885E-009
   11228  0.62976E-009
   11229  0.64064E-009
   11230  0.65148E-009
   11231  0.66229E-009
   11232  0.67306E-009
   11233  0.68381E-009
   11234  0.69454E-009
   11235  0.70527E-009
   11236  0.33227E-009
   11237  0.34261E-009
   11238  0.35830E-009
   11239  0.37766E-009
   11240  0.39914E-009
   11241  0.42164E-009
   11242  0.44451E-009
   11243  0.46743E-009
   11244  0.49026E-009
   11245  0.51295E-009
   11246  0.53550E-009
   11247  0.55789E-009
   11248  0.58014E-009
   11249  0.60225E-009
   11250  0.62421E-009
   11251  0.64604E-009
   11252  0.66775E-009
   11253  0.30003E-009
   11254  0.30276E-009
   11255  0.30722E-009
   11256  0.31322E-009
   11257  0.32059E-009
   11258  0.32910E-009
   11259  0.33853E-009
   11260  0.34868E-009
   11261  0.35936E-009
   11262  0.37042E-009
   11263  0.38172E-009
   11264  0.39319E-009
   11265  0.40473E-009
   11266  0.41633E-009
   11267  0.42792E-009
   11268  0.43951E-009
   11269  0.45107E-009
   11270  0.46260E-009
   11271  0.47410E-009
   11272  0.48556E-009
   11273  0.49698E-009
   11274  0.50836E-009
   11275  0.51970E-009
   11276  0.53101E-009
   11277  0.54228E-009
   11278  0.55351E-009
   11279  0.56470E-009
   11280  0.57586E-009
   11281  0.58698E-009
   11282  0.59806E-009
   11283  0.60911E-009
   11284  0.62012E-009
   11285  0.63110E-009
   11286  0.64205E-009
   11287  0.65300E-009
   11288  0.27450E-009
   11289  0.28508E-009
   11290  0.30114E-009
   11291  0.32095E-009
   11292  0.34293E-009
   11293  0.36595E-009
   11294  0.38935E-009
   11295  0.41279E-009
   11296  0.43614E-009
   11297  0.45934E-009
   11298  0.48239E-009
   11299  0.50528E-009
   11300  0.52802E-009
   11301  0.55061E-009
   11302  0.57305E-009
   11303  0.59534E-009
   11304  0.61750E-009
   11305  0.24473E-009
   11306  0.24752E-009
   11307  0.25208E-009
   11308  0.25821E-009
   11309  0.26575E-009
   11310  0.27445E-009
   11311  0.28409E-009
   11312  0.29447E-009
   11313  0.30538E-009
   11314  0.31669E-009
   11315  0.32824E-009
   11316  0.33996E-009
   11317  0.35176E-009
   11318  0.36360E-009
   11319  0.37545E-009
   11320  0.38729E-009
   11321  0.39910E-009
   11322  0.41088E-009
   11323  0.42262E-009
   11324  0.43432E-009
   11325  0.44599E-009
   11326  0.45761E-009
   11327  0.46919E-009
   11328  0.48074E-009
   11329  0.49224E-009
   11330  0.50370E-009
   11331  0.51513E-009
   11332  0.52652E-009
   11333  0.53787E-009
   11334  0.54918E-009
   11335  0.56045E-009
   11336  0.57170E-009
   11337  0.58290E-009
   11338  0.59407E-009
   11339  0.60524E-009
   11340  0.22185E-009
   11341  0.23265E-009
   11342  0.24905E-009
   11343  0.26928E-009
   11344  0.29172E-009
   11345  0.31523E-009
   11346  0.33911E-009
   11347  0.36303E-009
   11348  0.38685E-009
   11349  0.41053E-009
   11350  0.43404E-009
   11351  0.45738E-009
   11352  0.48057E-009
   11353  0.50360E-009
   11354  0.52647E-009
   11355  0.54920E-009
   11356  0.57179E-009
   11357  0.19467E-009
   11358  0.19751E-009
   11359  0.20216E-009
   11360  0.20842E-009
   11361  0.21611E-009
   11362  0.22498E-009
   11363  0.23481E-009
   11364  0.24540E-009
   11365  0.25653E-009
   11366  0.26806E-009
   11367  0.27983E-009
   11368  0.29179E-009
   11369  0.30381E-009
   11370  0.31589E-009
   11371  0.32797E-009
   11372  0.34004E-009
   11373  0.35207E-009
   11374  0.36408E-009
   11375  0.37604E-009
   11376  0.38797E-009
   11377  0.39985E-009
   11378  0.41169E-009
   11379  0.42349E-009
   11380  0.43525E-009
   11381  0.44697E-009
   11382  0.45864E-009
   11383  0.47028E-009
   11384  0.48188E-009
   11385  0.49343E-009
   11386  0.50495E-009
   11387  0.51643E-009
   11388  0.52787E-009
   11389  0.53927E-009
   11390  0.55065E-009
   11391  0.56200E-009
   11392  0.17453E-009
   11393  0.18554E-009
   11394  0.20225E-009
   11395  0.22285E-009
   11396  0.24571E-009
   11397  0.26965E-009
   11398  0.29397E-009
   11399  0.31833E-009
   11400  0.34258E-009
   11401  0.36668E-009
   11402  0.39060E-009
   11403  0.41436E-009
   11404  0.43795E-009
   11405  0.46137E-009
   11406  0.48463E-009
   11407  0.50774E-009
   11408  0.53072E-009
   11409  0.15003E-009
   11410  0.15292E-009
   11411  0.15766E-009
   11412  0.16402E-009
   11413  0.17184E-009
   11414  0.18087E-009
   11415  0.19088E-009
   11416  0.20165E-009
   11417  0.21297E-009
   11418  0.22471E-009
   11419  0.23669E-009
   11420  0.24885E-009
   11421  0.26108E-009
   11422  0.27337E-009
   11423  0.28565E-009
   11424  0.29792E-009
   11425  0.31017E-009
   11426  0.32237E-009
   11427  0.33454E-009
   11428  0.34666E-009
   11429  0.35874E-009
   11430  0.37078E-009
   11431  0.38278E-009
   11432  0.39473E-009
   11433  0.40664E-009
   11434  0.41850E-009
   11435  0.43033E-009
   11436  0.44211E-009
   11437  0.45385E-009
   11438  0.46555E-009
   11439  0.47722E-009
   11440  0.48885E-009
   11441  0.50043E-009
   11442  0.51200E-009
   11443  0.52357E-009
   11444  0.13271E-009
   11445  0.14390E-009
   11446  0.16089E-009
   11447  0.18183E-009
   11448  0.20506E-009
   11449  0.22939E-009
   11450  0.25410E-009
   11451  0.27884E-009
   11452  0.30348E-009
   11453  0.32795E-009
   11454  0.35225E-009
   11455  0.37638E-009
   11456  0.40033E-009
   11457  0.42411E-009
   11458  0.44773E-009
   11459  0.47119E-009
   11460  0.49452E-009
   11461  0.11098E-009
   11462  0.11392E-009
   11463  0.11872E-009
   11464  0.12519E-009
   11465  0.13313E-009
   11466  0.14230E-009
   11467  0.15246E-009
   11468  0.16339E-009
   11469  0.17489E-009
   11470  0.18679E-009
   11471  0.19896E-009
   11472  0.21130E-009
   11473  0.22372E-009
   11474  0.23618E-009
   11475  0.24865E-009
   11476  0.26111E-009
   11477  0.27353E-009
   11478  0.28591E-009
   11479  0.29826E-009
   11480  0.31056E-009
   11481  0.32282E-009
   11482  0.33503E-009
   11483  0.34720E-009
   11484  0.35932E-009
   11485  0.37140E-009
   11486  0.38344E-009
   11487  0.39543E-009
   11488  0.40738E-009
   11489  0.41929E-009
   11490  0.43116E-009
   11491  0.44299E-009
   11492  0.45478E-009
   11493  0.46653E-009
   11494  0.47825E-009
   11495  0.48996E-009
   11496  0.96556E-010
   11497  0.10790E-009
   11498  0.12513E-009
   11499  0.14636E-009
   11500  0.16992E-009
   11501  0.19459E-009
   11502  0.21964E-009
   11503  0.24472E-009
   11504  0.26969E-009
   11505  0.29449E-009
   11506  0.31912E-009
   11507  0.34357E-009
   11508  0.36783E-009
   11509  0.39193E-009
   11510  0.41585E-009
   11511  0.43962E-009
   11512  0.46324E-009
   11513  0.77674E-010
   11514  0.80646E-010
   11515  0.85517E-010
   11516  0.92064E-010
   11517  0.10011E-009
   11518  0.10939E-009
   11519  0.11968E-009
   11520  0.13076E-009
   11521  0.14240E-009
   11522  0.15446E-009
   11523  0.16678E-009
   11524  0.17927E-009
   11525  0.19185E-009
   11526  0.20448E-009
   11527  0.21710E-009
   11528  0.22971E-009
   11529  0.24228E-009
   11530  0.25482E-009
   11531  0.26732E-009
   11532  0.27977E-009
   11533  0.29218E-009
   11534  0.30454E-009
   11535  0.31686E-009
   11536  0.32913E-009
   11537  0.34135E-009
   11538  0.35353E-009
   11539  0.36567E-009
   11540  0.37776E-009
   11541  0.38981E-009
   11542  0.40182E-009
   11543  0.41379E-009
   11544  0.42572E-009
   11545  0.43760E-009
   11546  0.44947E-009
   11547  0.46131E-009
   11548  0.66204E-010
   11549  0.77685E-010
   11550  0.95111E-010
   11551  0.11660E-009
   11552  0.14043E-009
   11553  0.16537E-009
   11554  0.19071E-009
   11555  0.21608E-009
   11556  0.24133E-009
   11557  0.26641E-009
   11558  0.29131E-009
   11559  0.31602E-009
   11560  0.34055E-009
   11561  0.36490E-009
   11562  0.38908E-009
   11563  0.41308E-009
   11564  0.43694E-009
   11565  0.50239E-010
   11566  0.53242E-010
   11567  0.58165E-010
   11568  0.64781E-010
   11569  0.72910E-010
   11570  0.82294E-010
   11571  0.92690E-010
   11572  0.10388E-009
   11573  0.11564E-009
   11574  0.12783E-009
   11575  0.14027E-009
   11576  0.15290E-009
   11577  0.16561E-009
   11578  0.17836E-009
   11579  0.19111E-009
   11580  0.20385E-009
   11581  0.21655E-009
   11582  0.22922E-009
   11583  0.24184E-009
   11584  0.25441E-009
   11585  0.26694E-009
   11586  0.27943E-009
   11587  0.29186E-009
   11588  0.30425E-009
   11589  0.31659E-009
   11590  0.32889E-009
   11591  0.34114E-009
   11592  0.35335E-009
   11593  0.36551E-009
   11594  0.37763E-009
   11595  0.38971E-009
   11596  0.40174E-009
   11597  0.41373E-009
   11598  0.42569E-009
   11599  0.43763E-009
   11600  0.41776E-010
   11601  0.53365E-010
   11602  0.70954E-010
   11603  0.92638E-010
   11604  0.11669E-009
   11605  0.14187E-009
   11606  0.16743E-009
   11607  0.19303E-009
   11608  0.21850E-009
   11609  0.24381E-009
   11610  0.26892E-009
   11611  0.29384E-009
   11612  0.31858E-009
   11613  0.34314E-009
   11614  0.36752E-009
   11615  0.39172E-009
   11616  0.41578E-009
   11617  0.28787E-010
   11618  0.31814E-010
   11619  0.36777E-010
   11620  0.43447E-010
   11621  0.51643E-010
   11622  0.61103E-010
   11623  0.71585E-010
   11624  0.82869E-010
   11625  0.94725E-010
   11626  0.10701E-009
   11627  0.11955E-009
   11628  0.13228E-009
   11629  0.14509E-009
   11630  0.15794E-009
   11631  0.17079E-009
   11632  0.18363E-009
   11633  0.19643E-009
   11634  0.20920E-009
   11635  0.22192E-009
   11636  0.23459E-009
   11637  0.24722E-009
   11638  0.25979E-009
   11639  0.27232E-009
   11640  0.28481E-009
   11641  0.29724E-009
   11642  0.30963E-009
   11643  0.32198E-009
   11644  0.33427E-009
   11645  0.34653E-009
   11646  0.35873E-009
   11647  0.37090E-009
   11648  0.38303E-009
   11649  0.39511E-009
   11650  0.40716E-009
   11651  0.41921E-009
   11652  0.23369E-010
   11653  0.35039E-010
   11654  0.52752E-010
   11655  0.74587E-010
   11656  0.98805E-010
   11657  0.12416E-009
   11658  0.14990E-009
   11659  0.17567E-009
   11660  0.20131E-009
   11661  0.22678E-009
   11662  0.25206E-009
   11663  0.27715E-009
   11664  0.30205E-009
   11665  0.32676E-009
   11666  0.35129E-009
   11667  0.37564E-009
   11668  0.39984E-009
   11669  0.13402E-010
   11670  0.16448E-010
   11671  0.21440E-010
   11672  0.28149E-010
   11673  0.36392E-010
   11674  0.45908E-010
   11675  0.56450E-010
   11676  0.67800E-010
   11677  0.79725E-010
   11678  0.92081E-010
   11679  0.10470E-009
   11680  0.11750E-009
   11681  0.13038E-009
   11682  0.14331E-009
   11683  0.15623E-009
   11684  0.16914E-009
   11685  0.18201E-009
   11686  0.19485E-009
   11687  0.20764E-009
   11688  0.22038E-009
   11689  0.23308E-009
   11690  0.24573E-009
   11691  0.25832E-009
   11692  0.27087E-009
   11693  0.28338E-009
   11694  0.29583E-009
   11695  0.30824E-009
   11696  0.32060E-009
   11697  0.33292E-009
   11698  0.34519E-009
   11699  0.35742E-009
   11700  0.36960E-009
   11701  0.38173E-009
   11702  0.39383E-009
   11703  0.40591E-009
   11704  0.11057E-010
   11705  0.22782E-010
   11706  0.40578E-010
   11707  0.62515E-010
   11708  0.86845E-010
   11709  0.11231E-009
   11710  0.13817E-009
   11711  0.16406E-009
   11712  0.18982E-009
   11713  0.21540E-009
   11714  0.24080E-009
   11715  0.26599E-009
   11716  0.29100E-009
   11717  0.31582E-009
   11718  0.34045E-009
   11719  0.36491E-009
   11720  0.38921E-009
   11721  0.41471E-011
   11722  0.72033E-011
   11723  0.12213E-010
   11724  0.18946E-010
   11725  0.27218E-010
   11726  0.36767E-010
   11727  0.47347E-010
   11728  0.58736E-010
   11729  0.70703E-010
   11730  0.83102E-010
   11731  0.95761E-010
   11732  0.10861E-009
   11733  0.12153E-009
   11734  0.13450E-009
   11735  0.14747E-009
   11736  0.16043E-009
   11737  0.17334E-009
   11738  0.18623E-009
   11739  0.19906E-009
   11740  0.21184E-009
   11741  0.22458E-009
   11742  0.23727E-009
   11743  0.24991E-009
   11744  0.26250E-009
   11745  0.27505E-009
   11746  0.28755E-009
   11747  0.30000E-009
   11748  0.31240E-009
   11749  0.32476E-009
   11750  0.33707E-009
   11751  0.34934E-009
   11752  0.36157E-009
   11753  0.37374E-009
   11754  0.38588E-009
   11755  0.39803E-009
   11756  0.48897E-011
   11757  0.16642E-010
   11758  0.34480E-010
   11759  0.56468E-010
   11760  0.80855E-010
   11761  0.10638E-009
   11762  0.13230E-009
   11763  0.15825E-009
   11764  0.18407E-009
   11765  0.20971E-009
   11766  0.23516E-009
   11767  0.26041E-009
   11768  0.28547E-009
   11769  0.31035E-009
   11770  0.33504E-009
   11771  0.35955E-009
   11772  0.38389E-009
