       1  0.18380E-008
      20  0.14591E-008
      21  0.14596E-008
      22  0.14608E-008
      23  0.14628E-008
      24  0.14656E-008
      25  0.14692E-008
      26  0.14736E-008
      27  0.14787E-008
      28  0.14846E-008
      29  0.14912E-008
      30  0.14985E-008
      31  0.15065E-008
      32  0.15151E-008
      33  0.15243E-008
      34  0.15341E-008
      35  0.15445E-008
      36  0.15553E-008
      37  0.15667E-008
      38  0.15786E-008
      39  0.15908E-008
      40  0.16035E-008
      41  0.16165E-008
      42  0.16299E-008
      43  0.16436E-008
      44  0.16576E-008
      45  0.16718E-008
      46  0.16862E-008
      47  0.17009E-008
      48  0.17157E-008
      49  0.17307E-008
      50  0.17458E-008
      51  0.17610E-008
      52  0.17763E-008
      53  0.17916E-008
      54  0.18071E-008
      55  0.18225E-008
     579   0.0000     
     597  0.15061E-008
     598  0.33567E-011
     599  0.13247E-010
     600  0.29635E-010
     601  0.52147E-010
     602  0.80539E-010
     603  0.11429E-009
     604  0.15298E-009
     605  0.19601E-009
     606  0.24284E-009
     607  0.29284E-009
     608  0.34542E-009
     609  0.39999E-009
     610  0.45597E-009
     611  0.51286E-009
     612  0.57014E-009
     613  0.62740E-009
     614  0.68422E-009
     615  0.74034E-009
     616  0.79541E-009
     617  0.84928E-009
     618  0.90172E-009
     619  0.95268E-009
     620  0.10020E-008
     621  0.10497E-008
     622  0.10958E-008
     623  0.11402E-008
     624  0.11830E-008
     625  0.12243E-008
     626  0.12640E-008
     627  0.13023E-008
     628  0.13393E-008
     629  0.13749E-008
     630  0.14094E-008
     631  0.14426E-008
     632  0.14749E-008
    2054  0.14326E-008
    2055  0.14054E-008
    2056  0.13774E-008
    2057  0.13488E-008
    2058  0.13194E-008
    2059  0.12891E-008
    2060  0.12580E-008
    2061  0.12260E-008
    2062  0.11930E-008
    2063  0.11590E-008
    2064  0.11239E-008
    2065  0.10877E-008
    2066  0.10503E-008
    2067  0.10116E-008
    2068  0.97154E-009
    2069  0.93002E-009
    2070  0.88693E-009
    2071  0.84220E-009
    2072  0.79570E-009
    2073  0.74737E-009
    2074  0.69707E-009
    2075  0.64484E-009
    2076  0.59057E-009
    2077  0.53449E-009
    2078  0.47666E-009
    2079  0.41766E-009
    2080  0.35787E-009
    2081  0.29841E-009
    2082  0.24016E-009
    2083  0.18471E-009
    2084  0.13357E-009
    2085  0.88452E-010
    2086  0.51223E-010
    2087  0.23188E-010
    2088  0.60052E-011
    2089  0.15064E-008
    2090  0.15076E-008
    2091  0.15096E-008
    2092  0.15124E-008
    2093  0.15160E-008
    2094  0.15202E-008
    2095  0.15252E-008
    2096  0.15308E-008
    2097  0.15371E-008
    2098  0.15440E-008
    2099  0.15514E-008
    2100  0.15594E-008
    2101  0.15679E-008
    2102  0.15769E-008
    2103  0.15863E-008
    2104  0.15961E-008
    2105  0.16062E-008
    2106  0.16167E-008
    2107  0.16276E-008
    2108  0.16387E-008
    2109  0.16500E-008
    2110  0.16617E-008
    2111  0.16735E-008
    2112  0.16855E-008
    2113  0.16977E-008
    2114  0.17100E-008
    2115  0.17224E-008
    2116  0.17350E-008
    2117  0.17477E-008
    2118  0.17604E-008
    2119  0.17733E-008
    2120  0.17861E-008
    2121  0.17991E-008
    2122  0.18120E-008
    2123  0.18250E-008
    2124  0.14766E-008
    2125  0.14817E-008
    2126  0.14901E-008
    2127  0.15015E-008
    2128  0.15156E-008
    2129  0.15320E-008
    2130  0.15505E-008
    2131  0.15708E-008
    2132  0.15925E-008
    2133  0.16156E-008
    2134  0.16396E-008
    2135  0.16645E-008
    2136  0.16900E-008
    2137  0.17160E-008
    2138  0.17424E-008
    2139  0.17690E-008
    2140  0.17957E-008
    2141  0.14431E-008
    2142  0.14445E-008
    2143  0.14469E-008
    2144  0.14501E-008
    2145  0.14542E-008
    2146  0.14591E-008
    2147  0.14649E-008
    2148  0.14714E-008
    2149  0.14785E-008
    2150  0.14864E-008
    2151  0.14949E-008
    2152  0.15039E-008
    2153  0.15135E-008
    2154  0.15236E-008
    2155  0.15341E-008
    2156  0.15450E-008
    2157  0.15563E-008
    2158  0.15680E-008
    2159  0.15799E-008
    2160  0.15922E-008
    2161  0.16047E-008
    2162  0.16174E-008
    2163  0.16303E-008
    2164  0.16433E-008
    2165  0.16566E-008
    2166  0.16699E-008
    2167  0.16834E-008
    2168  0.16970E-008
    2169  0.17106E-008
    2170  0.17243E-008
    2171  0.17381E-008
    2172  0.17518E-008
    2173  0.17656E-008
    2174  0.17794E-008
    2175  0.17933E-008
    2176  0.14114E-008
    2177  0.14174E-008
    2178  0.14272E-008
    2179  0.14404E-008
    2180  0.14565E-008
    2181  0.14752E-008
    2182  0.14961E-008
    2183  0.15188E-008
    2184  0.15430E-008
    2185  0.15685E-008
    2186  0.15949E-008
    2187  0.16220E-008
    2188  0.16497E-008
    2189  0.16778E-008
    2190  0.17062E-008
    2191  0.17347E-008
    2192  0.17632E-008
    2193  0.13755E-008
    2194  0.13772E-008
    2195  0.13799E-008
    2196  0.13837E-008
    2197  0.13885E-008
    2198  0.13943E-008
    2199  0.14010E-008
    2200  0.14085E-008
    2201  0.14168E-008
    2202  0.14259E-008
    2203  0.14355E-008
    2204  0.14459E-008
    2205  0.14567E-008
    2206  0.14681E-008
    2207  0.14799E-008
    2208  0.14922E-008
    2209  0.15048E-008
    2210  0.15177E-008
    2211  0.15310E-008
    2212  0.15445E-008
    2213  0.15582E-008
    2214  0.15721E-008
    2215  0.15863E-008
    2216  0.16005E-008
    2217  0.16149E-008
    2218  0.16294E-008
    2219  0.16440E-008
    2220  0.16586E-008
    2221  0.16733E-008
    2222  0.16880E-008
    2223  0.17027E-008
    2224  0.17175E-008
    2225  0.17322E-008
    2226  0.17469E-008
    2227  0.17616E-008
    2228  0.13417E-008
    2229  0.13489E-008
    2230  0.13604E-008
    2231  0.13757E-008
    2232  0.13944E-008
    2233  0.14158E-008
    2234  0.14395E-008
    2235  0.14650E-008
    2236  0.14920E-008
    2237  0.15202E-008
    2238  0.15492E-008
    2239  0.15789E-008
    2240  0.16090E-008
    2241  0.16393E-008
    2242  0.16698E-008
    2243  0.17003E-008
    2244  0.17307E-008
    2245  0.13030E-008
    2246  0.13050E-008
    2247  0.13083E-008
    2248  0.13128E-008
    2249  0.13185E-008
    2250  0.13253E-008
    2251  0.13332E-008
    2252  0.13420E-008
    2253  0.13517E-008
    2254  0.13621E-008
    2255  0.13733E-008
    2256  0.13851E-008
    2257  0.13975E-008
    2258  0.14104E-008
    2259  0.14237E-008
    2260  0.14375E-008
    2261  0.14516E-008
    2262  0.14660E-008
    2263  0.14807E-008
    2264  0.14957E-008
    2265  0.15108E-008
    2266  0.15261E-008
    2267  0.15416E-008
    2268  0.15571E-008
    2269  0.15728E-008
    2270  0.15885E-008
    2271  0.16043E-008
    2272  0.16201E-008
    2273  0.16359E-008
    2274  0.16517E-008
    2275  0.16675E-008
    2276  0.16832E-008
    2277  0.16989E-008
    2278  0.17146E-008
    2279  0.17302E-008
    2280  0.12669E-008
    2281  0.12755E-008
    2282  0.12892E-008
    2283  0.13073E-008
    2284  0.13290E-008
    2285  0.13537E-008
    2286  0.13807E-008
    2287  0.14095E-008
    2288  0.14397E-008
    2289  0.14709E-008
    2290  0.15029E-008
    2291  0.15353E-008
    2292  0.15680E-008
    2293  0.16008E-008
    2294  0.16336E-008
    2295  0.16662E-008
    2296  0.16986E-008
    2297  0.12251E-008
    2298  0.12275E-008
    2299  0.12315E-008
    2300  0.12369E-008
    2301  0.12437E-008
    2302  0.12519E-008
    2303  0.12612E-008
    2304  0.12716E-008
    2305  0.12829E-008
    2306  0.12951E-008
    2307  0.13080E-008
    2308  0.13216E-008
    2309  0.13358E-008
    2310  0.13505E-008
    2311  0.13656E-008
    2312  0.13811E-008
    2313  0.13969E-008
    2314  0.14131E-008
    2315  0.14294E-008
    2316  0.14459E-008
    2317  0.14626E-008
    2318  0.14795E-008
    2319  0.14964E-008
    2320  0.15134E-008
    2321  0.15304E-008
    2322  0.15474E-008
    2323  0.15645E-008
    2324  0.15815E-008
    2325  0.15985E-008
    2326  0.16155E-008
    2327  0.16324E-008
    2328  0.16492E-008
    2329  0.16660E-008
    2330  0.16827E-008
    2331  0.16992E-008
    2332  0.11866E-008
    2333  0.11969E-008
    2334  0.12133E-008
    2335  0.12348E-008
    2336  0.12603E-008
    2337  0.12889E-008
    2338  0.13197E-008
    2339  0.13523E-008
    2340  0.13861E-008
    2341  0.14208E-008
    2342  0.14560E-008
    2343  0.14914E-008
    2344  0.15269E-008
    2345  0.15623E-008
    2346  0.15975E-008
    2347  0.16324E-008
    2348  0.16669E-008
    2349  0.11412E-008
    2350  0.11441E-008
    2351  0.11490E-008
    2352  0.11555E-008
    2353  0.11638E-008
    2354  0.11736E-008
    2355  0.11847E-008
    2356  0.11970E-008
    2357  0.12104E-008
    2358  0.12247E-008
    2359  0.12397E-008
    2360  0.12555E-008
    2361  0.12717E-008
    2362  0.12885E-008
    2363  0.13057E-008
    2364  0.13232E-008
    2365  0.13410E-008
    2366  0.13590E-008
    2367  0.13772E-008
    2368  0.13955E-008
    2369  0.14139E-008
    2370  0.14324E-008
    2371  0.14509E-008
    2372  0.14694E-008
    2373  0.14879E-008
    2374  0.15064E-008
    2375  0.15249E-008
    2376  0.15432E-008
    2377  0.15615E-008
    2378  0.15797E-008
    2379  0.15977E-008
    2380  0.16157E-008
    2381  0.16335E-008
    2382  0.16512E-008
    2383  0.16688E-008
    2384  0.11001E-008
    2385  0.11127E-008
    2386  0.11325E-008
    2387  0.11582E-008
    2388  0.11882E-008
    2389  0.12214E-008
    2390  0.12568E-008
    2391  0.12937E-008
    2392  0.13316E-008
    2393  0.13701E-008
    2394  0.14088E-008
    2395  0.14475E-008
    2396  0.14860E-008
    2397  0.15242E-008
    2398  0.15620E-008
    2399  0.15992E-008
    2400  0.16358E-008
    2401  0.10510E-008
    2402  0.10545E-008
    2403  0.10604E-008
    2404  0.10685E-008
    2405  0.10785E-008
    2406  0.10903E-008
    2407  0.11036E-008
    2408  0.11183E-008
    2409  0.11341E-008
    2410  0.11509E-008
    2411  0.11685E-008
    2412  0.11868E-008
    2413  0.12055E-008
    2414  0.12247E-008
    2415  0.12442E-008
    2416  0.12640E-008
    2417  0.12840E-008
    2418  0.13041E-008
    2419  0.13243E-008
    2420  0.13446E-008
    2421  0.13649E-008
    2422  0.13852E-008
    2423  0.14054E-008
    2424  0.14256E-008
    2425  0.14457E-008
    2426  0.14657E-008
    2427  0.14856E-008
    2428  0.15054E-008
    2429  0.15250E-008
    2430  0.15444E-008
    2431  0.15637E-008
    2432  0.15829E-008
    2433  0.16018E-008
    2434  0.16206E-008
    2435  0.16392E-008
    2436  0.10073E-008
    2437  0.10227E-008
    2438  0.10468E-008
    2439  0.10775E-008
    2440  0.11129E-008
    2441  0.11515E-008
    2442  0.11922E-008
    2443  0.12340E-008
    2444  0.12765E-008
    2445  0.13191E-008
    2446  0.13617E-008
    2447  0.14039E-008
    2448  0.14456E-008
    2449  0.14867E-008
    2450  0.15271E-008
    2451  0.15668E-008
    2452  0.16056E-008
    2453  0.95418E-009
    2454  0.95858E-009
    2455  0.96580E-009
    2456  0.97561E-009
    2457  0.98780E-009
    2458  0.10021E-008
    2459  0.10181E-008
    2460  0.10356E-008
    2461  0.10544E-008
    2462  0.10742E-008
    2463  0.10947E-008
    2464  0.11159E-008
    2465  0.11375E-008
    2466  0.11594E-008
    2467  0.11816E-008
    2468  0.12039E-008
    2469  0.12263E-008
    2470  0.12488E-008
    2471  0.12713E-008
    2472  0.12937E-008
    2473  0.13160E-008
    2474  0.13383E-008
    2475  0.13604E-008
    2476  0.13823E-008
    2477  0.14041E-008
    2478  0.14257E-008
    2479  0.14471E-008
    2480  0.14683E-008
    2481  0.14893E-008
    2482  0.15101E-008
    2483  0.15306E-008
    2484  0.15510E-008
    2485  0.15710E-008
    2486  0.15909E-008
    2487  0.16105E-008
    2488  0.90826E-009
    2489  0.92709E-009
    2490  0.95619E-009
    2491  0.99293E-009
    2492  0.10348E-008
    2493  0.10797E-008
    2494  0.11264E-008
    2495  0.11737E-008
    2496  0.12212E-008
    2497  0.12684E-008
    2498  0.13150E-008
    2499  0.13610E-008
    2500  0.14061E-008
    2501  0.14502E-008
    2502  0.14933E-008
    2503  0.15354E-008
    2504  0.15765E-008
    2505  0.85113E-009
    2506  0.85650E-009
    2507  0.86534E-009
    2508  0.87729E-009
    2509  0.89208E-009
    2510  0.90929E-009
    2511  0.92853E-009
    2512  0.94945E-009
    2513  0.97166E-009
    2514  0.99489E-009
    2515  0.10188E-008
    2516  0.10433E-008
    2517  0.10682E-008
    2518  0.10932E-008
    2519  0.11183E-008
    2520  0.11435E-008
    2521  0.11686E-008
    2522  0.11936E-008
    2523  0.12185E-008
    2524  0.12432E-008
    2525  0.12678E-008
    2526  0.12921E-008
    2527  0.13161E-008
    2528  0.13399E-008
    2529  0.13635E-008
    2530  0.13867E-008
    2531  0.14097E-008
    2532  0.14324E-008
    2533  0.14548E-008
    2534  0.14769E-008
    2535  0.14987E-008
    2536  0.15203E-008
    2537  0.15415E-008
    2538  0.15625E-008
    2539  0.15831E-008
    2540  0.80339E-009
    2541  0.82631E-009
    2542  0.86144E-009
    2543  0.90529E-009
    2544  0.95456E-009
    2545  0.10067E-008
    2546  0.10600E-008
    2547  0.11134E-008
    2548  0.11663E-008
    2549  0.12184E-008
    2550  0.12694E-008
    2551  0.13192E-008
    2552  0.13677E-008
    2553  0.14150E-008
    2554  0.14609E-008
    2555  0.15055E-008
    2556  0.15488E-008
    2557  0.74260E-009
    2558  0.74914E-009
    2559  0.75988E-009
    2560  0.77435E-009
    2561  0.79219E-009
    2562  0.81284E-009
    2563  0.83581E-009
    2564  0.86063E-009
    2565  0.88679E-009
    2566  0.91397E-009
    2567  0.94177E-009
    2568  0.97001E-009
    2569  0.99841E-009
    2570  0.10269E-008
    2571  0.10553E-008
    2572  0.10835E-008
    2573  0.11115E-008
    2574  0.11393E-008
    2575  0.11667E-008
    2576  0.11939E-008
    2577  0.12207E-008
    2578  0.12471E-008
    2579  0.12732E-008
    2580  0.12989E-008
    2581  0.13242E-008
    2582  0.13492E-008
    2583  0.13738E-008
    2584  0.13980E-008
    2585  0.14218E-008
    2586  0.14453E-008
    2587  0.14684E-008
    2588  0.14911E-008
    2589  0.15135E-008
    2590  0.15355E-008
    2591  0.15572E-008
    2592  0.69390E-009
    2593  0.72157E-009
    2594  0.76365E-009
    2595  0.81561E-009
    2596  0.87325E-009
    2597  0.93339E-009
    2598  0.99399E-009
    2599  0.10539E-008
    2600  0.11126E-008
    2601  0.11698E-008
    2602  0.12253E-008
    2603  0.12791E-008
    2604  0.13311E-008
    2605  0.13815E-008
    2606  0.14301E-008
    2607  0.14772E-008
    2608  0.15227E-008
    2609  0.63013E-009
    2610  0.63801E-009
    2611  0.65093E-009
    2612  0.66827E-009
    2613  0.68958E-009
    2614  0.71414E-009
    2615  0.74132E-009
    2616  0.77050E-009
    2617  0.80108E-009
    2618  0.83263E-009
    2619  0.86469E-009
    2620  0.89702E-009
    2621  0.92932E-009
    2622  0.96148E-009
    2623  0.99333E-009
    2624  0.10248E-008
    2625  0.10559E-008
    2626  0.10865E-008
    2627  0.11166E-008
    2628  0.11463E-008
    2629  0.11754E-008
    2630  0.12040E-008
    2631  0.12322E-008
    2632  0.12598E-008
    2633  0.12869E-008
    2634  0.13136E-008
    2635  0.13398E-008
    2636  0.13655E-008
    2637  0.13907E-008
    2638  0.14155E-008
    2639  0.14399E-008
    2640  0.14638E-008
    2641  0.14873E-008
    2642  0.15104E-008
    2643  0.15330E-008
    2644  0.58172E-009
    2645  0.61472E-009
    2646  0.66456E-009
    2647  0.72551E-009
    2648  0.79231E-009
    2649  0.86109E-009
    2650  0.92950E-009
    2651  0.99631E-009
    2652  0.10610E-008
    2653  0.11234E-008
    2654  0.11834E-008
    2655  0.12412E-008
    2656  0.12967E-008
    2657  0.13501E-008
    2658  0.14015E-008
    2659  0.14509E-008
    2660  0.14986E-008
    2661  0.51611E-009
    2662  0.52546E-009
    2663  0.54078E-009
    2664  0.56130E-009
    2665  0.58642E-009
    2666  0.61526E-009
    2667  0.64702E-009
    2668  0.68095E-009
    2669  0.71629E-009
    2670  0.75255E-009
    2671  0.78914E-009
    2672  0.82582E-009
    2673  0.86221E-009
    2674  0.89823E-009
    2675  0.93369E-009
    2676  0.96855E-009
    2677  0.10027E-008
    2678  0.10363E-008
    2679  0.10691E-008
    2680  0.11012E-008
    2681  0.11327E-008
    2682  0.11635E-008
    2683  0.11937E-008
    2684  0.12232E-008
    2685  0.12522E-008
    2686  0.12805E-008
    2687  0.13082E-008
    2688  0.13354E-008
    2689  0.13620E-008
    2690  0.13881E-008
    2691  0.14136E-008
    2692  0.14386E-008
    2693  0.14632E-008
    2694  0.14873E-008
    2695  0.15109E-008
    2696  0.46962E-009
    2697  0.50837E-009
    2698  0.56657E-009
    2699  0.63711E-009
    2700  0.71360E-009
    2701  0.79141E-009
    2702  0.86787E-009
    2703  0.94168E-009
    2704  0.10124E-008
    2705  0.10800E-008
    2706  0.11445E-008
    2707  0.12061E-008
    2708  0.12650E-008
    2709  0.13213E-008
    2710  0.13753E-008
    2711  0.14270E-008
    2712  0.14766E-008
    2713  0.40378E-009
    2714  0.41470E-009
    2715  0.43256E-009
    2716  0.45642E-009
    2717  0.48556E-009
    2718  0.51890E-009
    2719  0.55546E-009
    2720  0.59435E-009
    2721  0.63464E-009
    2722  0.67576E-009
    2723  0.71701E-009
    2724  0.75813E-009
    2725  0.79869E-009
    2726  0.83861E-009
    2727  0.87768E-009
    2728  0.91589E-009
    2729  0.95319E-009
    2730  0.98958E-009
    2731  0.10251E-008
    2732  0.10597E-008
    2733  0.10934E-008
    2734  0.11264E-008
    2735  0.11585E-008
    2736  0.11898E-008
    2737  0.12204E-008
    2738  0.12503E-008
    2739  0.12795E-008
    2740  0.13081E-008
    2741  0.13360E-008
    2742  0.13632E-008
    2743  0.13899E-008
    2744  0.14160E-008
    2745  0.14416E-008
    2746  0.14666E-008
    2747  0.14911E-008
    2748  0.36120E-009
    2749  0.40590E-009
    2750  0.47267E-009
    2751  0.55302E-009
    2752  0.63932E-009
    2753  0.72621E-009
    2754  0.81065E-009
    2755  0.89134E-009
    2756  0.96792E-009
    2757  0.10405E-008
    2758  0.11092E-008
    2759  0.11745E-008
    2760  0.12366E-008
    2761  0.12956E-008
    2762  0.13519E-008
    2763  0.14057E-008
    2764  0.14572E-008
    2765  0.29719E-009
    2766  0.30968E-009
    2767  0.33009E-009
    2768  0.35732E-009
    2769  0.39049E-009
    2770  0.42834E-009
    2771  0.46969E-009
    2772  0.51351E-009
    2773  0.55870E-009
    2774  0.60461E-009
    2775  0.65045E-009
    2776  0.69591E-009
    2777  0.74053E-009
    2778  0.78422E-009
    2779  0.82677E-009
    2780  0.86820E-009
    2781  0.90844E-009
    2782  0.94756E-009
    2783  0.98555E-009
    2784  0.10225E-008
    2785  0.10583E-008
    2786  0.10932E-008
    2787  0.11272E-008
    2788  0.11602E-008
    2789  0.11924E-008
    2790  0.12237E-008
    2791  0.12543E-008
    2792  0.12840E-008
    2793  0.13131E-008
    2794  0.13415E-008
    2795  0.13692E-008
    2796  0.13962E-008
    2797  0.14226E-008
    2798  0.14485E-008
    2799  0.14738E-008
    2800  0.26071E-009
    2801  0.31122E-009
    2802  0.38635E-009
    2803  0.47620E-009
    2804  0.57196E-009
    2805  0.66750E-009
    2806  0.75951E-009
    2807  0.84663E-009
    2808  0.92864E-009
    2809  0.10058E-008
    2810  0.10784E-008
    2811  0.11470E-008
    2812  0.12119E-008
    2813  0.12734E-008
    2814  0.13318E-008
    2815  0.13875E-008
    2816  0.14405E-008
    2817  0.20089E-009
    2818  0.21487E-009
    2819  0.23771E-009
    2820  0.26812E-009
    2821  0.30510E-009
    2822  0.34719E-009
    2823  0.39305E-009
    2824  0.44149E-009
    2825  0.49128E-009
    2826  0.54166E-009
    2827  0.59176E-009
    2828  0.64123E-009
    2829  0.68958E-009
    2830  0.73673E-009
    2831  0.78246E-009
    2832  0.82681E-009
    2833  0.86973E-009
    2834  0.91129E-009
    2835  0.95153E-009
    2836  0.99051E-009
    2837  0.10283E-008
    2838  0.10649E-008
    2839  0.11005E-008
    2840  0.11350E-008
    2841  0.11685E-008
    2842  0.12011E-008
    2843  0.12328E-008
    2844  0.12637E-008
    2845  0.12938E-008
    2846  0.13231E-008
    2847  0.13517E-008
    2848  0.13795E-008
    2849  0.14067E-008
    2850  0.14333E-008
    2851  0.14593E-008
    2852  0.17277E-009
    2853  0.22858E-009
    2854  0.31132E-009
    2855  0.40979E-009
    2856  0.51406E-009
    2857  0.61737E-009
    2858  0.71609E-009
    2859  0.80889E-009
    2860  0.89565E-009
    2861  0.97677E-009
    2862  0.10528E-008
    2863  0.11242E-008
    2864  0.11915E-008
    2865  0.12551E-008
    2866  0.13153E-008
    2867  0.13725E-008
    2868  0.14269E-008
    2869  0.11963E-009
    2870  0.13492E-009
    2871  0.15988E-009
    2872  0.19307E-009
    2873  0.23337E-009
    2874  0.27917E-009
    2875  0.32896E-009
    2876  0.38142E-009
    2877  0.43518E-009
    2878  0.48943E-009
    2879  0.54320E-009
    2880  0.59612E-009
    2881  0.64767E-009
    2882  0.69777E-009
    2883  0.74620E-009
    2884  0.79302E-009
    2885  0.83820E-009
    2886  0.88183E-009
    2887  0.92394E-009
    2888  0.96465E-009
    2889  0.10040E-008
    2890  0.10421E-008
    2891  0.10790E-008
    2892  0.11147E-008
    2893  0.11494E-008
    2894  0.11830E-008
    2895  0.12157E-008
    2896  0.12475E-008
    2897  0.12784E-008
    2898  0.13084E-008
    2899  0.13377E-008
    2900  0.13663E-008
    2901  0.13941E-008
    2902  0.14212E-008
    2903  0.14477E-008
    2904  0.10191E-009
    2905  0.16214E-009
    2906  0.25120E-009
    2907  0.35679E-009
    2908  0.46808E-009
    2909  0.57775E-009
    2910  0.68195E-009
    2911  0.77935E-009
    2912  0.86993E-009
    2913  0.95424E-009
    2914  0.10329E-008
    2915  0.11066E-008
    2916  0.11758E-008
    2917  0.12410E-008
    2918  0.13026E-008
    2919  0.13610E-008
    2920  0.14164E-008
    2921  0.57843E-010
    2922  0.74153E-010
    2923  0.10077E-009
    2924  0.13614E-009
    2925  0.17904E-009
    2926  0.22772E-009
    2927  0.28056E-009
    2928  0.33615E-009
    2929  0.39299E-009
    2930  0.45023E-009
    2931  0.50683E-009
    2932  0.56241E-009
    2933  0.61641E-009
    2934  0.66877E-009
    2935  0.71927E-009
    2936  0.76798E-009
    2937  0.81487E-009
    2938  0.86006E-009
    2939  0.90360E-009
    2940  0.94561E-009
    2941  0.98614E-009
    2942  0.10253E-008
    2943  0.10632E-008
    2944  0.10998E-008
    2945  0.11354E-008
    2946  0.11698E-008
    2947  0.12032E-008
    2948  0.12356E-008
    2949  0.12671E-008
    2950  0.12978E-008
    2951  0.13276E-008
    2952  0.13566E-008
    2953  0.13849E-008
    2954  0.14125E-008
    2955  0.14394E-008
    2956  0.52148E-010
    2957  0.11554E-009
    2958  0.20913E-009
    2959  0.31982E-009
    2960  0.43613E-009
    2961  0.55031E-009
    2962  0.65839E-009
    2963  0.75903E-009
    2964  0.85230E-009
    2965  0.93883E-009
    2966  0.10194E-008
    2967  0.10946E-008
    2968  0.11651E-008
    2969  0.12314E-008
    2970  0.12940E-008
    2971  0.13532E-008
    2972  0.14094E-008
    2973  0.19173E-010
    2974  0.36133E-010
    2975  0.63805E-010
    2976  0.10056E-009
    2977  0.14511E-009
    2978  0.19562E-009
    2979  0.25040E-009
    2980  0.30797E-009
    2981  0.36677E-009
    2982  0.42591E-009
    2983  0.48429E-009
    2984  0.54156E-009
    2985  0.59710E-009
    2986  0.65089E-009
    2987  0.70268E-009
    2988  0.75257E-009
    2989  0.80053E-009
    2990  0.84670E-009
    2991  0.89113E-009
    2992  0.93394E-009
    2993  0.97522E-009
    2994  0.10151E-008
    2995  0.10536E-008
    2996  0.10908E-008
    2997  0.11268E-008
    2998  0.11617E-008
    2999  0.11956E-008
    3000  0.12284E-008
    3001  0.12603E-008
    3002  0.12913E-008
    3003  0.13214E-008
    3004  0.13507E-008
    3005  0.13793E-008
    3006  0.14072E-008
    3007  0.14343E-008
    3008  0.26468E-010
    3009  0.91517E-010
    3010  0.18747E-009
    3011  0.30082E-009
    3012  0.41974E-009
    3013  0.53627E-009
    3014  0.64636E-009
    3015  0.74867E-009
    3016  0.84333E-009
    3017  0.93100E-009
    3018  0.10125E-008
    3019  0.10885E-008
    3020  0.11597E-008
    3021  0.12266E-008
    3022  0.12896E-008
    3023  0.13493E-008
    3024  0.14058E-008
