       1  0.26570E-006
      20  0.21092E-006
      21  0.21098E-006
      22  0.21116E-006
      23  0.21145E-006
      24  0.21186E-006
      25  0.21238E-006
      26  0.21301E-006
      27  0.21376E-006
      28  0.21460E-006
      29  0.21556E-006
      30  0.21661E-006
      31  0.21776E-006
      32  0.21901E-006
      33  0.22034E-006
      34  0.22176E-006
      35  0.22326E-006
      36  0.22483E-006
      37  0.22648E-006
      38  0.22819E-006
      39  0.22996E-006
      40  0.23179E-006
      41  0.23368E-006
      42  0.23561E-006
      43  0.23759E-006
      44  0.23961E-006
      45  0.24167E-006
      46  0.24376E-006
      47  0.24587E-006
      48  0.24801E-006
      49  0.25018E-006
      50  0.25236E-006
      51  0.25456E-006
      52  0.25677E-006
      53  0.25900E-006
      54  0.26123E-006
      55  0.26346E-006
     579   0.0000     
     597  0.21771E-006
     598  0.48509E-009
     599  0.19143E-008
     600  0.42826E-008
     601  0.75360E-008
     602  0.11639E-007
     603  0.16517E-007
     604  0.22109E-007
     605  0.28328E-007
     606  0.35095E-007
     607  0.42322E-007
     608  0.49921E-007
     609  0.57809E-007
     610  0.65900E-007
     611  0.74124E-007
     612  0.82402E-007
     613  0.90680E-007
     614  0.98894E-007
     615  0.10701E-006
     616  0.11497E-006
     617  0.12275E-006
     618  0.13034E-006
     619  0.13770E-006
     620  0.14483E-006
     621  0.15173E-006
     622  0.15839E-006
     623  0.16481E-006
     624  0.17100E-006
     625  0.17697E-006
     626  0.18271E-006
     627  0.18825E-006
     628  0.19359E-006
     629  0.19875E-006
     630  0.20373E-006
     631  0.20854E-006
     632  0.21319E-006
    2054  0.20708E-006
    2055  0.20315E-006
    2056  0.19911E-006
    2057  0.19497E-006
    2058  0.19071E-006
    2059  0.18634E-006
    2060  0.18184E-006
    2061  0.17721E-006
    2062  0.17244E-006
    2063  0.16753E-006
    2064  0.16246E-006
    2065  0.15722E-006
    2066  0.15182E-006
    2067  0.14622E-006
    2068  0.14043E-006
    2069  0.13442E-006
    2070  0.12820E-006
    2071  0.12173E-006
    2072  0.11501E-006
    2073  0.10802E-006
    2074  0.10075E-006
    2075  0.93199E-007
    2076  0.85355E-007
    2077  0.77249E-007
    2078  0.68889E-007
    2079  0.60362E-007
    2080  0.51720E-007
    2081  0.43125E-007
    2082  0.34706E-007
    2083  0.26694E-007
    2084  0.19302E-007
    2085  0.12782E-007
    2086  0.74021E-008
    2087  0.33508E-008
    2088  0.86777E-009
    2089  0.21776E-006
    2090  0.21793E-006
    2091  0.21822E-006
    2092  0.21862E-006
    2093  0.21914E-006
    2094  0.21975E-006
    2095  0.22047E-006
    2096  0.22128E-006
    2097  0.22219E-006
    2098  0.22319E-006
    2099  0.22427E-006
    2100  0.22542E-006
    2101  0.22665E-006
    2102  0.22795E-006
    2103  0.22930E-006
    2104  0.23072E-006
    2105  0.23219E-006
    2106  0.23371E-006
    2107  0.23527E-006
    2108  0.23688E-006
    2109  0.23852E-006
    2110  0.24020E-006
    2111  0.24191E-006
    2112  0.24365E-006
    2113  0.24541E-006
    2114  0.24719E-006
    2115  0.24899E-006
    2116  0.25081E-006
    2117  0.25264E-006
    2118  0.25449E-006
    2119  0.25634E-006
    2120  0.25820E-006
    2121  0.26007E-006
    2122  0.26194E-006
    2123  0.26382E-006
    2124  0.21344E-006
    2125  0.21419E-006
    2126  0.21540E-006
    2127  0.21705E-006
    2128  0.21908E-006
    2129  0.22146E-006
    2130  0.22413E-006
    2131  0.22706E-006
    2132  0.23021E-006
    2133  0.23354E-006
    2134  0.23702E-006
    2135  0.24061E-006
    2136  0.24430E-006
    2137  0.24807E-006
    2138  0.25188E-006
    2139  0.25572E-006
    2140  0.25959E-006
    2141  0.20861E-006
    2142  0.20881E-006
    2143  0.20915E-006
    2144  0.20961E-006
    2145  0.21021E-006
    2146  0.21092E-006
    2147  0.21175E-006
    2148  0.21269E-006
    2149  0.21373E-006
    2150  0.21486E-006
    2151  0.21609E-006
    2152  0.21740E-006
    2153  0.21878E-006
    2154  0.22024E-006
    2155  0.22176E-006
    2156  0.22334E-006
    2157  0.22497E-006
    2158  0.22666E-006
    2159  0.22839E-006
    2160  0.23016E-006
    2161  0.23196E-006
    2162  0.23380E-006
    2163  0.23566E-006
    2164  0.23756E-006
    2165  0.23947E-006
    2166  0.24140E-006
    2167  0.24335E-006
    2168  0.24531E-006
    2169  0.24728E-006
    2170  0.24926E-006
    2171  0.25125E-006
    2172  0.25324E-006
    2173  0.25524E-006
    2174  0.25723E-006
    2175  0.25923E-006
    2176  0.20402E-006
    2177  0.20489E-006
    2178  0.20631E-006
    2179  0.20821E-006
    2180  0.21054E-006
    2181  0.21325E-006
    2182  0.21627E-006
    2183  0.21955E-006
    2184  0.22305E-006
    2185  0.22673E-006
    2186  0.23055E-006
    2187  0.23447E-006
    2188  0.23848E-006
    2189  0.24254E-006
    2190  0.24664E-006
    2191  0.25076E-006
    2192  0.25488E-006
    2193  0.19883E-006
    2194  0.19907E-006
    2195  0.19947E-006
    2196  0.20002E-006
    2197  0.20071E-006
    2198  0.20155E-006
    2199  0.20251E-006
    2200  0.20360E-006
    2201  0.20480E-006
    2202  0.20611E-006
    2203  0.20751E-006
    2204  0.20900E-006
    2205  0.21057E-006
    2206  0.21222E-006
    2207  0.21393E-006
    2208  0.21570E-006
    2209  0.21752E-006
    2210  0.21939E-006
    2211  0.22131E-006
    2212  0.22326E-006
    2213  0.22525E-006
    2214  0.22726E-006
    2215  0.22930E-006
    2216  0.23136E-006
    2217  0.23344E-006
    2218  0.23554E-006
    2219  0.23765E-006
    2220  0.23976E-006
    2221  0.24189E-006
    2222  0.24401E-006
    2223  0.24614E-006
    2224  0.24827E-006
    2225  0.25040E-006
    2226  0.25253E-006
    2227  0.25466E-006
    2228  0.19394E-006
    2229  0.19498E-006
    2230  0.19664E-006
    2231  0.19886E-006
    2232  0.20156E-006
    2233  0.20466E-006
    2234  0.20808E-006
    2235  0.21178E-006
    2236  0.21568E-006
    2237  0.21975E-006
    2238  0.22395E-006
    2239  0.22824E-006
    2240  0.23259E-006
    2241  0.23698E-006
    2242  0.24139E-006
    2243  0.24579E-006
    2244  0.25019E-006
    2245  0.18835E-006
    2246  0.18864E-006
    2247  0.18911E-006
    2248  0.18977E-006
    2249  0.19059E-006
    2250  0.19158E-006
    2251  0.19271E-006
    2252  0.19399E-006
    2253  0.19538E-006
    2254  0.19690E-006
    2255  0.19851E-006
    2256  0.20022E-006
    2257  0.20201E-006
    2258  0.20387E-006
    2259  0.20580E-006
    2260  0.20779E-006
    2261  0.20983E-006
    2262  0.21192E-006
    2263  0.21405E-006
    2264  0.21620E-006
    2265  0.21839E-006
    2266  0.22061E-006
    2267  0.22284E-006
    2268  0.22509E-006
    2269  0.22735E-006
    2270  0.22963E-006
    2271  0.23191E-006
    2272  0.23419E-006
    2273  0.23648E-006
    2274  0.23876E-006
    2275  0.24104E-006
    2276  0.24332E-006
    2277  0.24559E-006
    2278  0.24786E-006
    2279  0.25012E-006
    2280  0.18313E-006
    2281  0.18437E-006
    2282  0.18635E-006
    2283  0.18897E-006
    2284  0.19211E-006
    2285  0.19568E-006
    2286  0.19958E-006
    2287  0.20375E-006
    2288  0.20811E-006
    2289  0.21262E-006
    2290  0.21724E-006
    2291  0.22193E-006
    2292  0.22666E-006
    2293  0.23140E-006
    2294  0.23614E-006
    2295  0.24086E-006
    2296  0.24554E-006
    2297  0.17708E-006
    2298  0.17743E-006
    2299  0.17800E-006
    2300  0.17879E-006
    2301  0.17978E-006
    2302  0.18096E-006
    2303  0.18230E-006
    2304  0.18380E-006
    2305  0.18544E-006
    2306  0.18720E-006
    2307  0.18907E-006
    2308  0.19104E-006
    2309  0.19309E-006
    2310  0.19521E-006
    2311  0.19740E-006
    2312  0.19964E-006
    2313  0.20193E-006
    2314  0.20426E-006
    2315  0.20662E-006
    2316  0.20901E-006
    2317  0.21143E-006
    2318  0.21386E-006
    2319  0.21631E-006
    2320  0.21876E-006
    2321  0.22122E-006
    2322  0.22369E-006
    2323  0.22615E-006
    2324  0.22862E-006
    2325  0.23108E-006
    2326  0.23353E-006
    2327  0.23597E-006
    2328  0.23841E-006
    2329  0.24083E-006
    2330  0.24324E-006
    2331  0.24563E-006
    2332  0.17151E-006
    2333  0.17301E-006
    2334  0.17538E-006
    2335  0.17849E-006
    2336  0.18217E-006
    2337  0.18630E-006
    2338  0.19077E-006
    2339  0.19548E-006
    2340  0.20037E-006
    2341  0.20538E-006
    2342  0.21046E-006
    2343  0.21559E-006
    2344  0.22072E-006
    2345  0.22584E-006
    2346  0.23093E-006
    2347  0.23597E-006
    2348  0.24096E-006
    2349  0.16496E-006
    2350  0.16538E-006
    2351  0.16608E-006
    2352  0.16703E-006
    2353  0.16822E-006
    2354  0.16964E-006
    2355  0.17124E-006
    2356  0.17303E-006
    2357  0.17496E-006
    2358  0.17702E-006
    2359  0.17920E-006
    2360  0.18147E-006
    2361  0.18383E-006
    2362  0.18625E-006
    2363  0.18874E-006
    2364  0.19127E-006
    2365  0.19384E-006
    2366  0.19644E-006
    2367  0.19907E-006
    2368  0.20172E-006
    2369  0.20438E-006
    2370  0.20705E-006
    2371  0.20973E-006
    2372  0.21241E-006
    2373  0.21509E-006
    2374  0.21776E-006
    2375  0.22042E-006
    2376  0.22308E-006
    2377  0.22572E-006
    2378  0.22835E-006
    2379  0.23096E-006
    2380  0.23356E-006
    2381  0.23614E-006
    2382  0.23870E-006
    2383  0.24124E-006
    2384  0.15902E-006
    2385  0.16084E-006
    2386  0.16370E-006
    2387  0.16741E-006
    2388  0.17175E-006
    2389  0.17655E-006
    2390  0.18167E-006
    2391  0.18701E-006
    2392  0.19249E-006
    2393  0.19805E-006
    2394  0.20364E-006
    2395  0.20924E-006
    2396  0.21481E-006
    2397  0.22033E-006
    2398  0.22579E-006
    2399  0.23117E-006
    2400  0.23646E-006
    2401  0.15191E-006
    2402  0.15243E-006
    2403  0.15328E-006
    2404  0.15444E-006
    2405  0.15589E-006
    2406  0.15759E-006
    2407  0.15952E-006
    2408  0.16165E-006
    2409  0.16394E-006
    2410  0.16636E-006
    2411  0.16890E-006
    2412  0.17154E-006
    2413  0.17425E-006
    2414  0.17703E-006
    2415  0.17985E-006
    2416  0.18271E-006
    2417  0.18560E-006
    2418  0.18851E-006
    2419  0.19143E-006
    2420  0.19436E-006
    2421  0.19730E-006
    2422  0.20023E-006
    2423  0.20316E-006
    2424  0.20608E-006
    2425  0.20899E-006
    2426  0.21188E-006
    2427  0.21475E-006
    2428  0.21761E-006
    2429  0.22044E-006
    2430  0.22326E-006
    2431  0.22605E-006
    2432  0.22881E-006
    2433  0.23155E-006
    2434  0.23426E-006
    2435  0.23695E-006
    2436  0.14560E-006
    2437  0.14783E-006
    2438  0.15130E-006
    2439  0.15574E-006
    2440  0.16087E-006
    2441  0.16645E-006
    2442  0.17233E-006
    2443  0.17838E-006
    2444  0.18451E-006
    2445  0.19068E-006
    2446  0.19683E-006
    2447  0.20293E-006
    2448  0.20897E-006
    2449  0.21491E-006
    2450  0.22075E-006
    2451  0.22648E-006
    2452  0.23210E-006
    2453  0.13792E-006
    2454  0.13855E-006
    2455  0.13960E-006
    2456  0.14102E-006
    2457  0.14278E-006
    2458  0.14484E-006
    2459  0.14716E-006
    2460  0.14969E-006
    2461  0.15241E-006
    2462  0.15527E-006
    2463  0.15823E-006
    2464  0.16129E-006
    2465  0.16441E-006
    2466  0.16759E-006
    2467  0.17079E-006
    2468  0.17402E-006
    2469  0.17726E-006
    2470  0.18051E-006
    2471  0.18376E-006
    2472  0.18700E-006
    2473  0.19023E-006
    2474  0.19345E-006
    2475  0.19664E-006
    2476  0.19982E-006
    2477  0.20297E-006
    2478  0.20609E-006
    2479  0.20918E-006
    2480  0.21225E-006
    2481  0.21529E-006
    2482  0.21829E-006
    2483  0.22126E-006
    2484  0.22420E-006
    2485  0.22710E-006
    2486  0.22997E-006
    2487  0.23281E-006
    2488  0.13128E-006
    2489  0.13400E-006
    2490  0.13821E-006
    2491  0.14352E-006
    2492  0.14957E-006
    2493  0.15607E-006
    2494  0.16281E-006
    2495  0.16966E-006
    2496  0.17652E-006
    2497  0.18334E-006
    2498  0.19009E-006
    2499  0.19673E-006
    2500  0.20325E-006
    2501  0.20963E-006
    2502  0.21587E-006
    2503  0.22195E-006
    2504  0.22789E-006
    2505  0.12302E-006
    2506  0.12380E-006
    2507  0.12508E-006
    2508  0.12680E-006
    2509  0.12894E-006
    2510  0.13143E-006
    2511  0.13421E-006
    2512  0.13723E-006
    2513  0.14045E-006
    2514  0.14380E-006
    2515  0.14727E-006
    2516  0.15081E-006
    2517  0.15439E-006
    2518  0.15802E-006
    2519  0.16165E-006
    2520  0.16529E-006
    2521  0.16892E-006
    2522  0.17254E-006
    2523  0.17614E-006
    2524  0.17971E-006
    2525  0.18325E-006
    2526  0.18677E-006
    2527  0.19024E-006
    2528  0.19368E-006
    2529  0.19709E-006
    2530  0.20045E-006
    2531  0.20377E-006
    2532  0.20706E-006
    2533  0.21030E-006
    2534  0.21349E-006
    2535  0.21665E-006
    2536  0.21976E-006
    2537  0.22283E-006
    2538  0.22586E-006
    2539  0.22885E-006
    2540  0.11612E-006
    2541  0.11943E-006
    2542  0.12451E-006
    2543  0.13085E-006
    2544  0.13797E-006
    2545  0.14551E-006
    2546  0.15322E-006
    2547  0.16094E-006
    2548  0.16859E-006
    2549  0.17611E-006
    2550  0.18349E-006
    2551  0.19069E-006
    2552  0.19771E-006
    2553  0.20454E-006
    2554  0.21117E-006
    2555  0.21762E-006
    2556  0.22388E-006
    2557  0.10733E-006
    2558  0.10828E-006
    2559  0.10983E-006
    2560  0.11192E-006
    2561  0.11450E-006
    2562  0.11749E-006
    2563  0.12081E-006
    2564  0.12439E-006
    2565  0.12818E-006
    2566  0.13210E-006
    2567  0.13612E-006
    2568  0.14021E-006
    2569  0.14431E-006
    2570  0.14843E-006
    2571  0.15253E-006
    2572  0.15662E-006
    2573  0.16066E-006
    2574  0.16468E-006
    2575  0.16865E-006
    2576  0.17257E-006
    2577  0.17644E-006
    2578  0.18027E-006
    2579  0.18404E-006
    2580  0.18775E-006
    2581  0.19142E-006
    2582  0.19503E-006
    2583  0.19858E-006
    2584  0.20208E-006
    2585  0.20553E-006
    2586  0.20892E-006
    2587  0.21226E-006
    2588  0.21554E-006
    2589  0.21878E-006
    2590  0.22197E-006
    2591  0.22510E-006
    2592  0.10029E-006
    2593  0.10429E-006
    2594  0.11037E-006
    2595  0.11789E-006
    2596  0.12622E-006
    2597  0.13491E-006
    2598  0.14367E-006
    2599  0.15234E-006
    2600  0.16083E-006
    2601  0.16909E-006
    2602  0.17711E-006
    2603  0.18489E-006
    2604  0.19241E-006
    2605  0.19969E-006
    2606  0.20673E-006
    2607  0.21353E-006
    2608  0.22011E-006
    2609  0.91074E-007
    2610  0.92213E-007
    2611  0.94080E-007
    2612  0.96588E-007
    2613  0.99668E-007
    2614  0.10322E-006
    2615  0.10715E-006
    2616  0.11137E-006
    2617  0.11579E-006
    2618  0.12035E-006
    2619  0.12498E-006
    2620  0.12966E-006
    2621  0.13432E-006
    2622  0.13897E-006
    2623  0.14358E-006
    2624  0.14813E-006
    2625  0.15262E-006
    2626  0.15705E-006
    2627  0.16140E-006
    2628  0.16569E-006
    2629  0.16990E-006
    2630  0.17404E-006
    2631  0.17811E-006
    2632  0.18210E-006
    2633  0.18603E-006
    2634  0.18988E-006
    2635  0.19367E-006
    2636  0.19738E-006
    2637  0.20103E-006
    2638  0.20462E-006
    2639  0.20814E-006
    2640  0.21159E-006
    2641  0.21499E-006
    2642  0.21833E-006
    2643  0.22161E-006
    2644  0.84077E-007
    2645  0.88846E-007
    2646  0.96051E-007
    2647  0.10486E-006
    2648  0.11452E-006
    2649  0.12446E-006
    2650  0.13435E-006
    2651  0.14401E-006
    2652  0.15336E-006
    2653  0.16238E-006
    2654  0.17106E-006
    2655  0.17941E-006
    2656  0.18744E-006
    2657  0.19516E-006
    2658  0.20259E-006
    2659  0.20973E-006
    2660  0.21662E-006
    2661  0.74593E-007
    2662  0.75945E-007
    2663  0.78159E-007
    2664  0.81125E-007
    2665  0.84755E-007
    2666  0.88925E-007
    2667  0.93515E-007
    2668  0.98420E-007
    2669  0.10353E-006
    2670  0.10877E-006
    2671  0.11406E-006
    2672  0.11936E-006
    2673  0.12462E-006
    2674  0.12983E-006
    2675  0.13496E-006
    2676  0.13999E-006
    2677  0.14494E-006
    2678  0.14978E-006
    2679  0.15453E-006
    2680  0.15918E-006
    2681  0.16373E-006
    2682  0.16819E-006
    2683  0.17255E-006
    2684  0.17682E-006
    2685  0.18100E-006
    2686  0.18509E-006
    2687  0.18910E-006
    2688  0.19303E-006
    2689  0.19687E-006
    2690  0.20064E-006
    2691  0.20434E-006
    2692  0.20796E-006
    2693  0.21151E-006
    2694  0.21499E-006
    2695  0.21841E-006
    2696  0.67873E-007
    2697  0.73475E-007
    2698  0.81886E-007
    2699  0.92083E-007
    2700  0.10314E-006
    2701  0.11439E-006
    2702  0.12544E-006
    2703  0.13611E-006
    2704  0.14634E-006
    2705  0.15610E-006
    2706  0.16543E-006
    2707  0.17434E-006
    2708  0.18285E-006
    2709  0.19100E-006
    2710  0.19880E-006
    2711  0.20627E-006
    2712  0.21345E-006
    2713  0.58357E-007
    2714  0.59935E-007
    2715  0.62516E-007
    2716  0.65966E-007
    2717  0.70177E-007
    2718  0.74996E-007
    2719  0.80281E-007
    2720  0.85902E-007
    2721  0.91726E-007
    2722  0.97669E-007
    2723  0.10363E-006
    2724  0.10958E-006
    2725  0.11544E-006
    2726  0.12121E-006
    2727  0.12686E-006
    2728  0.13238E-006
    2729  0.13777E-006
    2730  0.14304E-006
    2731  0.14817E-006
    2732  0.15317E-006
    2733  0.15805E-006
    2734  0.16281E-006
    2735  0.16745E-006
    2736  0.17199E-006
    2737  0.17641E-006
    2738  0.18073E-006
    2739  0.18496E-006
    2740  0.18908E-006
    2741  0.19311E-006
    2742  0.19706E-006
    2743  0.20091E-006
    2744  0.20469E-006
    2745  0.20838E-006
    2746  0.21200E-006
    2747  0.21554E-006
    2748  0.52202E-007
    2749  0.58663E-007
    2750  0.68314E-007
    2751  0.79928E-007
    2752  0.92402E-007
    2753  0.10496E-006
    2754  0.11717E-006
    2755  0.12883E-006
    2756  0.13990E-006
    2757  0.15039E-006
    2758  0.16034E-006
    2759  0.16977E-006
    2760  0.17874E-006
    2761  0.18728E-006
    2762  0.19542E-006
    2763  0.20320E-006
    2764  0.21064E-006
    2765  0.42950E-007
    2766  0.44756E-007
    2767  0.47706E-007
    2768  0.51642E-007
    2769  0.56435E-007
    2770  0.61905E-007
    2771  0.67882E-007
    2772  0.74216E-007
    2773  0.80748E-007
    2774  0.87385E-007
    2775  0.94011E-007
    2776  0.10058E-006
    2777  0.10703E-006
    2778  0.11335E-006
    2779  0.11950E-006
    2780  0.12549E-006
    2781  0.13131E-006
    2782  0.13696E-006
    2783  0.14245E-006
    2784  0.14779E-006
    2785  0.15298E-006
    2786  0.15802E-006
    2787  0.16293E-006
    2788  0.16770E-006
    2789  0.17235E-006
    2790  0.17689E-006
    2791  0.18130E-006
    2792  0.18561E-006
    2793  0.18981E-006
    2794  0.19391E-006
    2795  0.19791E-006
    2796  0.20182E-006
    2797  0.20565E-006
    2798  0.20938E-006
    2799  0.21304E-006
    2800  0.37678E-007
    2801  0.44978E-007
    2802  0.55837E-007
    2803  0.68824E-007
    2804  0.82664E-007
    2805  0.96476E-007
    2806  0.10978E-006
    2807  0.12237E-006
    2808  0.13423E-006
    2809  0.14538E-006
    2810  0.15588E-006
    2811  0.16580E-006
    2812  0.17517E-006
    2813  0.18407E-006
    2814  0.19252E-006
    2815  0.20056E-006
    2816  0.20823E-006
    2817  0.29032E-007
    2818  0.31053E-007
    2819  0.34354E-007
    2820  0.38749E-007
    2821  0.44093E-007
    2822  0.50177E-007
    2823  0.56805E-007
    2824  0.63807E-007
    2825  0.71002E-007
    2826  0.78286E-007
    2827  0.85527E-007
    2828  0.92678E-007
    2829  0.99667E-007
    2830  0.10648E-006
    2831  0.11309E-006
    2832  0.11950E-006
    2833  0.12571E-006
    2834  0.13172E-006
    2835  0.13753E-006
    2836  0.14317E-006
    2837  0.14863E-006
    2838  0.15393E-006
    2839  0.15907E-006
    2840  0.16406E-006
    2841  0.16890E-006
    2842  0.17362E-006
    2843  0.17820E-006
    2844  0.18267E-006
    2845  0.18702E-006
    2846  0.19125E-006
    2847  0.19538E-006
    2848  0.19941E-006
    2849  0.20335E-006
    2850  0.20719E-006
    2851  0.21094E-006
    2852  0.24968E-007
    2853  0.33034E-007
    2854  0.44993E-007
    2855  0.59224E-007
    2856  0.74296E-007
    2857  0.89228E-007
    2858  0.10350E-006
    2859  0.11691E-006
    2860  0.12946E-006
    2861  0.14118E-006
    2862  0.15217E-006
    2863  0.16250E-006
    2864  0.17222E-006
    2865  0.18142E-006
    2866  0.19012E-006
    2867  0.19839E-006
    2868  0.20626E-006
    2869  0.17288E-007
    2870  0.19498E-007
    2871  0.23105E-007
    2872  0.27902E-007
    2873  0.33727E-007
    2874  0.40346E-007
    2875  0.47541E-007
    2876  0.55124E-007
    2877  0.62894E-007
    2878  0.70736E-007
    2879  0.78507E-007
    2880  0.86158E-007
    2881  0.93608E-007
    2882  0.10085E-006
    2883  0.10785E-006
    2884  0.11462E-006
    2885  0.12115E-006
    2886  0.12746E-006
    2887  0.13355E-006
    2888  0.13943E-006
    2889  0.14512E-006
    2890  0.15063E-006
    2891  0.15596E-006
    2892  0.16112E-006
    2893  0.16614E-006
    2894  0.17100E-006
    2895  0.17573E-006
    2896  0.18032E-006
    2897  0.18479E-006
    2898  0.18913E-006
    2899  0.19337E-006
    2900  0.19749E-006
    2901  0.20152E-006
    2902  0.20544E-006
    2903  0.20927E-006
    2904  0.14728E-007
    2905  0.23431E-007
    2906  0.36302E-007
    2907  0.51563E-007
    2908  0.67650E-007
    2909  0.83501E-007
    2910  0.98564E-007
    2911  0.11264E-006
    2912  0.12574E-006
    2913  0.13793E-006
    2914  0.14930E-006
    2915  0.15995E-006
    2916  0.16995E-006
    2917  0.17938E-006
    2918  0.18829E-006
    2919  0.19673E-006
    2920  0.20475E-006
    2921  0.83592E-008
    2922  0.10716E-007
    2923  0.14563E-007
    2924  0.19674E-007
    2925  0.25873E-007
    2926  0.32909E-007
    2927  0.40546E-007
    2928  0.48580E-007
    2929  0.56795E-007
    2930  0.65069E-007
    2931  0.73250E-007
    2932  0.81284E-007
    2933  0.89090E-007
    2934  0.96659E-007
    2935  0.10396E-006
    2936  0.11100E-006
    2937  0.11778E-006
    2938  0.12431E-006
    2939  0.13061E-006
    2940  0.13668E-006
    2941  0.14254E-006
    2942  0.14820E-006
    2943  0.15368E-006
    2944  0.15898E-006
    2945  0.16411E-006
    2946  0.16909E-006
    2947  0.17392E-006
    2948  0.17860E-006
    2949  0.18316E-006
    2950  0.18759E-006
    2951  0.19190E-006
    2952  0.19610E-006
    2953  0.20019E-006
    2954  0.20417E-006
    2955  0.20806E-006
    2956  0.75360E-008
    2957  0.16697E-007
    2958  0.30222E-007
    2959  0.46220E-007
    2960  0.63031E-007
    2961  0.79535E-007
    2962  0.95158E-007
    2963  0.10971E-006
    2964  0.12319E-006
    2965  0.13570E-006
    2966  0.14734E-006
    2967  0.15821E-006
    2968  0.16841E-006
    2969  0.17800E-006
    2970  0.18704E-006
    2971  0.19561E-006
    2972  0.20373E-006
    2973  0.27707E-008
    2974  0.52215E-008
    2975  0.92204E-008
    2976  0.14532E-007
    2977  0.20969E-007
    2978  0.28270E-007
    2979  0.36187E-007
    2980  0.44508E-007
    2981  0.53006E-007
    2982  0.61554E-007
    2983  0.69992E-007
    2984  0.78270E-007
    2985  0.86299E-007
    2986  0.94073E-007
    2987  0.10156E-006
    2988  0.10877E-006
    2989  0.11571E-006
    2990  0.12238E-006
    2991  0.12880E-006
    2992  0.13499E-006
    2993  0.14096E-006
    2994  0.14672E-006
    2995  0.15228E-006
    2996  0.15767E-006
    2997  0.16287E-006
    2998  0.16792E-006
    2999  0.17281E-006
    3000  0.17756E-006
    3001  0.18217E-006
    3002  0.18665E-006
    3003  0.19101E-006
    3004  0.19525E-006
    3005  0.19938E-006
    3006  0.20341E-006
    3007  0.20733E-006
    3008  0.38247E-008
    3009  0.13225E-007
    3010  0.27092E-007
    3011  0.43474E-007
    3012  0.60662E-007
    3013  0.77506E-007
    3014  0.93419E-007
    3015  0.10821E-006
    3016  0.12189E-006
    3017  0.13457E-006
    3018  0.14635E-006
    3019  0.15734E-006
    3020  0.16763E-006
    3021  0.17730E-006
    3022  0.18642E-006
    3023  0.19504E-006
    3024  0.20321E-006
