       1  0.27907E-008
      20  0.34628E-009
      21  0.34672E-009
      22  0.34829E-009
      23  0.35083E-009
      24  0.35435E-009
      25  0.35891E-009
      26  0.36444E-009
      27  0.37097E-009
      28  0.37841E-009
      29  0.38688E-009
      30  0.39631E-009
      31  0.40665E-009
      32  0.41786E-009
      33  0.43006E-009
      34  0.44314E-009
      35  0.45703E-009
      36  0.47174E-009
      37  0.48733E-009
      38  0.50373E-009
      39  0.52089E-009
      40  0.53876E-009
      41  0.55741E-009
      42  0.57680E-009
      43  0.59684E-009
      44  0.61752E-009
      45  0.63886E-009
      46  0.66082E-009
      47  0.68333E-009
      48  0.70636E-009
      49  0.72995E-009
      50  0.75406E-009
      51  0.77859E-009
      52  0.80356E-009
      53  0.82896E-009
      54  0.85478E-009
      55  0.88095E-009
      56  0.90742E-009
      57  0.93423E-009
      58  0.96134E-009
      59  0.98866E-009
      60  0.10162E-008
      61  0.10440E-008
      62  0.10720E-008
      63  0.11002E-008
      64  0.11285E-008
      65  0.11569E-008
      66  0.11854E-008
      67  0.12141E-008
      68  0.12428E-008
      69  0.12715E-008
      70  0.13003E-008
      71  0.13290E-008
      72  0.13578E-008
      73  0.13866E-008
      74  0.14154E-008
      75  0.14441E-008
      76  0.14728E-008
      77  0.15014E-008
      78  0.15300E-008
      79  0.15584E-008
      80  0.15868E-008
      81  0.16151E-008
      82  0.16433E-008
      83  0.16714E-008
      84  0.16993E-008
      85  0.17272E-008
      86  0.17549E-008
      87  0.17825E-008
      88  0.18100E-008
      89  0.18373E-008
      90  0.18644E-008
      91  0.18915E-008
      92  0.19184E-008
      93  0.19451E-008
      94  0.19717E-008
      95  0.19981E-008
      96  0.20244E-008
      97  0.20505E-008
      98  0.20765E-008
      99  0.21023E-008
     100  0.21279E-008
     101  0.21534E-008
     102  0.21788E-008
     103  0.22040E-008
     104  0.22291E-008
     105  0.22540E-008
     106  0.22787E-008
     107  0.23034E-008
     108  0.23279E-008
     109  0.23522E-008
     110  0.23764E-008
     111  0.24005E-008
     112  0.24244E-008
     113  0.24482E-008
     114  0.24719E-008
     115  0.24954E-008
     116  0.25188E-008
     117  0.25421E-008
     118  0.25653E-008
     119  0.25883E-008
     120  0.26113E-008
     121  0.26341E-008
     122  0.26568E-008
     123  0.26794E-008
     124  0.27019E-008
     125  0.27242E-008
     126  0.27465E-008
     127  0.27686E-008
    1695   0.0000     
    1713  0.27843E-008
    1714  0.66905E-012
    1715  0.26735E-011
    1716  0.60111E-011
    1717  0.10674E-010
    1718  0.16655E-010
    1719  0.23942E-010
    1720  0.32522E-010
    1721  0.42377E-010
    1722  0.53492E-010
    1723  0.65843E-010
    1724  0.79411E-010
    1725  0.94167E-010
    1726  0.11009E-009
    1727  0.12714E-009
    1728  0.14531E-009
    1729  0.16454E-009
    1730  0.18482E-009
    1731  0.20610E-009
    1732  0.22836E-009
    1733  0.25154E-009
    1734  0.27563E-009
    1735  0.30057E-009
    1736  0.32633E-009
    1737  0.35287E-009
    1738  0.38015E-009
    1739  0.40812E-009
    1740  0.43675E-009
    1741  0.46600E-009
    1742  0.49582E-009
    1743  0.52618E-009
    1744  0.55703E-009
    1745  0.58833E-009
    1746  0.62005E-009
    1747  0.65215E-009
    1748  0.68458E-009
    1749  0.71732E-009
    1750  0.75032E-009
    1751  0.78355E-009
    1752  0.81697E-009
    1753  0.85056E-009
    1754  0.88429E-009
    1755  0.91811E-009
    1756  0.95200E-009
    1757  0.98594E-009
    1758  0.10199E-008
    1759  0.10538E-008
    1760  0.10878E-008
    1761  0.11216E-008
    1762  0.11554E-008
    1763  0.11891E-008
    1764  0.12227E-008
    1765  0.12561E-008
    1766  0.12894E-008
    1767  0.13225E-008
    1768  0.13555E-008
    1769  0.13883E-008
    1770  0.14208E-008
    1771  0.14532E-008
    1772  0.14853E-008
    1773  0.15173E-008
    1774  0.15489E-008
    1775  0.15804E-008
    1776  0.16116E-008
    1777  0.16426E-008
    1778  0.16733E-008
    1779  0.17037E-008
    1780  0.17339E-008
    1781  0.17639E-008
    1782  0.17936E-008
    1783  0.18230E-008
    1784  0.18522E-008
    1785  0.18811E-008
    1786  0.19098E-008
    1787  0.19382E-008
    1788  0.19664E-008
    1789  0.19944E-008
    1790  0.20221E-008
    1791  0.20495E-008
    1792  0.20768E-008
    1793  0.21038E-008
    1794  0.21305E-008
    1795  0.21571E-008
    1796  0.21834E-008
    1797  0.22095E-008
    1798  0.22354E-008
    1799  0.22612E-008
    1800  0.22867E-008
    1801  0.23120E-008
    1802  0.23371E-008
    1803  0.23621E-008
    1804  0.23868E-008
    1805  0.24114E-008
    1806  0.24358E-008
    1807  0.24601E-008
    1808  0.24841E-008
    1809  0.25081E-008
    1810  0.25318E-008
    1811  0.25555E-008
    1812  0.25789E-008
    1813  0.26023E-008
    1814  0.26255E-008
    1815  0.26485E-008
    1816  0.26714E-008
    1817  0.26942E-008
    1818  0.27169E-008
    1819  0.27395E-008
    1820  0.27619E-008
    6014  0.33634E-009
    6015  0.32635E-009
    6016  0.31633E-009
    6017  0.30626E-009
    6018  0.29612E-009
    6019  0.28593E-009
    6020  0.27568E-009
    6021  0.26536E-009
    6022  0.25499E-009
    6023  0.24455E-009
    6024  0.23406E-009
    6025  0.22349E-009
    6026  0.21287E-009
    6027  0.20218E-009
    6028  0.19142E-009
    6029  0.18060E-009
    6030  0.16972E-009
    6031  0.15877E-009
    6032  0.14775E-009
    6033  0.13668E-009
    6034  0.12555E-009
    6035  0.11439E-009
    6036  0.10319E-009
    6037  0.92018E-010
    6038  0.80887E-010
    6039  0.69896E-010
    6040  0.59111E-010
    6041  0.48684E-010
    6042  0.38745E-010
    6043  0.29500E-010
    6044  0.21146E-010
    6045  0.13902E-010
    6046  0.80015E-011
    6047  0.36084E-011
    6048  0.92752E-012
    6049  0.27843E-008
    6050  0.27843E-008
    6051  0.27843E-008
    6052  0.27844E-008
    6053  0.27844E-008
    6054  0.27845E-008
    6055  0.27846E-008
    6056  0.27846E-008
    6057  0.27847E-008
    6058  0.27848E-008
    6059  0.27849E-008
    6060  0.27851E-008
    6061  0.27852E-008
    6062  0.27853E-008
    6063  0.27855E-008
    6064  0.27856E-008
    6065  0.27858E-008
    6066  0.27860E-008
    6067  0.27862E-008
    6068  0.27864E-008
    6069  0.27866E-008
    6070  0.27868E-008
    6071  0.27870E-008
    6072  0.27872E-008
    6073  0.27875E-008
    6074  0.27877E-008
    6075  0.27880E-008
    6076  0.27883E-008
    6077  0.27885E-008
    6078  0.27888E-008
    6079  0.27891E-008
    6080  0.27894E-008
    6081  0.27897E-008
    6082  0.27900E-008
    6083  0.27904E-008
    6084  0.27620E-008
    6085  0.27620E-008
    6086  0.27622E-008
    6087  0.27623E-008
    6088  0.27625E-008
    6089  0.27628E-008
    6090  0.27631E-008
    6091  0.27634E-008
    6092  0.27638E-008
    6093  0.27642E-008
    6094  0.27646E-008
    6095  0.27651E-008
    6096  0.27656E-008
    6097  0.27661E-008
    6098  0.27667E-008
    6099  0.27673E-008
    6100  0.27680E-008
    6101  0.27395E-008
    6102  0.27395E-008
    6103  0.27395E-008
    6104  0.27396E-008
    6105  0.27397E-008
    6106  0.27397E-008
    6107  0.27398E-008
    6108  0.27399E-008
    6109  0.27400E-008
    6110  0.27401E-008
    6111  0.27403E-008
    6112  0.27404E-008
    6113  0.27405E-008
    6114  0.27407E-008
    6115  0.27409E-008
    6116  0.27410E-008
    6117  0.27412E-008
    6118  0.27414E-008
    6119  0.27416E-008
    6120  0.27418E-008
    6121  0.27421E-008
    6122  0.27423E-008
    6123  0.27425E-008
    6124  0.27428E-008
    6125  0.27430E-008
    6126  0.27433E-008
    6127  0.27436E-008
    6128  0.27439E-008
    6129  0.27442E-008
    6130  0.27445E-008
    6131  0.27448E-008
    6132  0.27451E-008
    6133  0.27454E-008
    6134  0.27458E-008
    6135  0.27461E-008
    6136  0.27170E-008
    6137  0.27170E-008
    6138  0.27172E-008
    6139  0.27174E-008
    6140  0.27176E-008
    6141  0.27179E-008
    6142  0.27182E-008
    6143  0.27186E-008
    6144  0.27190E-008
    6145  0.27194E-008
    6146  0.27199E-008
    6147  0.27204E-008
    6148  0.27209E-008
    6149  0.27215E-008
    6150  0.27221E-008
    6151  0.27228E-008
    6152  0.27235E-008
    6153  0.26943E-008
    6154  0.26943E-008
    6155  0.26943E-008
    6156  0.26944E-008
    6157  0.26944E-008
    6158  0.26945E-008
    6159  0.26946E-008
    6160  0.26947E-008
    6161  0.26948E-008
    6162  0.26950E-008
    6163  0.26951E-008
    6164  0.26953E-008
    6165  0.26954E-008
    6166  0.26956E-008
    6167  0.26958E-008
    6168  0.26960E-008
    6169  0.26962E-008
    6170  0.26964E-008
    6171  0.26966E-008
    6172  0.26969E-008
    6173  0.26971E-008
    6174  0.26973E-008
    6175  0.26976E-008
    6176  0.26979E-008
    6177  0.26982E-008
    6178  0.26984E-008
    6179  0.26987E-008
    6180  0.26991E-008
    6181  0.26994E-008
    6182  0.26997E-008
    6183  0.27000E-008
    6184  0.27004E-008
    6185  0.27007E-008
    6186  0.27011E-008
    6187  0.27015E-008
    6188  0.26715E-008
    6189  0.26716E-008
    6190  0.26717E-008
    6191  0.26720E-008
    6192  0.26722E-008
    6193  0.26725E-008
    6194  0.26729E-008
    6195  0.26733E-008
    6196  0.26737E-008
    6197  0.26742E-008
    6198  0.26747E-008
    6199  0.26752E-008
    6200  0.26758E-008
    6201  0.26765E-008
    6202  0.26771E-008
    6203  0.26778E-008
    6204  0.26786E-008
    6205  0.26485E-008
    6206  0.26486E-008
    6207  0.26486E-008
    6208  0.26487E-008
    6209  0.26487E-008
    6210  0.26488E-008
    6211  0.26489E-008
    6212  0.26491E-008
    6213  0.26492E-008
    6214  0.26493E-008
    6215  0.26495E-008
    6216  0.26497E-008
    6217  0.26498E-008
    6218  0.26500E-008
    6219  0.26502E-008
    6220  0.26504E-008
    6221  0.26507E-008
    6222  0.26509E-008
    6223  0.26511E-008
    6224  0.26514E-008
    6225  0.26517E-008
    6226  0.26519E-008
    6227  0.26522E-008
    6228  0.26525E-008
    6229  0.26528E-008
    6230  0.26531E-008
    6231  0.26534E-008
    6232  0.26538E-008
    6233  0.26541E-008
    6234  0.26545E-008
    6235  0.26548E-008
    6236  0.26552E-008
    6237  0.26556E-008
    6238  0.26560E-008
    6239  0.26564E-008
    6240  0.26255E-008
    6241  0.26256E-008
    6242  0.26258E-008
    6243  0.26260E-008
    6244  0.26263E-008
    6245  0.26267E-008
    6246  0.26271E-008
    6247  0.26275E-008
    6248  0.26280E-008
    6249  0.26285E-008
    6250  0.26290E-008
    6251  0.26296E-008
    6252  0.26303E-008
    6253  0.26310E-008
    6254  0.26317E-008
    6255  0.26324E-008
    6256  0.26332E-008
    6257  0.26023E-008
    6258  0.26023E-008
    6259  0.26024E-008
    6260  0.26024E-008
    6261  0.26025E-008
    6262  0.26026E-008
    6263  0.26027E-008
    6264  0.26029E-008
    6265  0.26030E-008
    6266  0.26032E-008
    6267  0.26034E-008
    6268  0.26035E-008
    6269  0.26037E-008
    6270  0.26040E-008
    6271  0.26042E-008
    6272  0.26044E-008
    6273  0.26047E-008
    6274  0.26049E-008
    6275  0.26052E-008
    6276  0.26054E-008
    6277  0.26057E-008
    6278  0.26060E-008
    6279  0.26063E-008
    6280  0.26067E-008
    6281  0.26070E-008
    6282  0.26073E-008
    6283  0.26077E-008
    6284  0.26080E-008
    6285  0.26084E-008
    6286  0.26088E-008
    6287  0.26092E-008
    6288  0.26096E-008
    6289  0.26100E-008
    6290  0.26104E-008
    6291  0.26108E-008
    6292  0.25790E-008
    6293  0.25791E-008
    6294  0.25793E-008
    6295  0.25796E-008
    6296  0.25799E-008
    6297  0.25803E-008
    6298  0.25807E-008
    6299  0.25812E-008
    6300  0.25817E-008
    6301  0.25823E-008
    6302  0.25829E-008
    6303  0.25835E-008
    6304  0.25842E-008
    6305  0.25850E-008
    6306  0.25858E-008
    6307  0.25866E-008
    6308  0.25874E-008
    6309  0.25555E-008
    6310  0.25555E-008
    6311  0.25556E-008
    6312  0.25556E-008
    6313  0.25557E-008
    6314  0.25559E-008
    6315  0.25560E-008
    6316  0.25562E-008
    6317  0.25563E-008
    6318  0.25565E-008
    6319  0.25567E-008
    6320  0.25569E-008
    6321  0.25571E-008
    6322  0.25574E-008
    6323  0.25576E-008
    6324  0.25579E-008
    6325  0.25581E-008
    6326  0.25584E-008
    6327  0.25587E-008
    6328  0.25590E-008
    6329  0.25593E-008
    6330  0.25596E-008
    6331  0.25600E-008
    6332  0.25603E-008
    6333  0.25607E-008
    6334  0.25610E-008
    6335  0.25614E-008
    6336  0.25618E-008
    6337  0.25622E-008
    6338  0.25626E-008
    6339  0.25630E-008
    6340  0.25635E-008
    6341  0.25639E-008
    6342  0.25644E-008
    6343  0.25648E-008
    6344  0.25319E-008
    6345  0.25320E-008
    6346  0.25323E-008
    6347  0.25326E-008
    6348  0.25329E-008
    6349  0.25334E-008
    6350  0.25338E-008
    6351  0.25344E-008
    6352  0.25349E-008
    6353  0.25356E-008
    6354  0.25362E-008
    6355  0.25369E-008
    6356  0.25377E-008
    6357  0.25385E-008
    6358  0.25393E-008
    6359  0.25402E-008
    6360  0.25411E-008
    6361  0.25081E-008
    6362  0.25081E-008
    6363  0.25082E-008
    6364  0.25083E-008
    6365  0.25084E-008
    6366  0.25085E-008
    6367  0.25087E-008
    6368  0.25089E-008
    6369  0.25090E-008
    6370  0.25092E-008
    6371  0.25095E-008
    6372  0.25097E-008
    6373  0.25099E-008
    6374  0.25102E-008
    6375  0.25105E-008
    6376  0.25107E-008
    6377  0.25110E-008
    6378  0.25113E-008
    6379  0.25117E-008
    6380  0.25120E-008
    6381  0.25123E-008
    6382  0.25127E-008
    6383  0.25131E-008
    6384  0.25134E-008
    6385  0.25138E-008
    6386  0.25142E-008
    6387  0.25146E-008
    6388  0.25151E-008
    6389  0.25155E-008
    6390  0.25159E-008
    6391  0.25164E-008
    6392  0.25169E-008
    6393  0.25173E-008
    6394  0.25178E-008
    6395  0.25183E-008
    6396  0.24842E-008
    6397  0.24844E-008
    6398  0.24846E-008
    6399  0.24850E-008
    6400  0.24854E-008
    6401  0.24859E-008
    6402  0.24864E-008
    6403  0.24870E-008
    6404  0.24876E-008
    6405  0.24883E-008
    6406  0.24890E-008
    6407  0.24898E-008
    6408  0.24906E-008
    6409  0.24915E-008
    6410  0.24924E-008
    6411  0.24934E-008
    6412  0.24944E-008
    6413  0.24601E-008
    6414  0.24601E-008
    6415  0.24602E-008
    6416  0.24603E-008
    6417  0.24604E-008
    6418  0.24606E-008
    6419  0.24608E-008
    6420  0.24609E-008
    6421  0.24612E-008
    6422  0.24614E-008
    6423  0.24616E-008
    6424  0.24619E-008
    6425  0.24622E-008
    6426  0.24625E-008
    6427  0.24628E-008
    6428  0.24631E-008
    6429  0.24634E-008
    6430  0.24637E-008
    6431  0.24641E-008
    6432  0.24644E-008
    6433  0.24648E-008
    6434  0.24652E-008
    6435  0.24656E-008
    6436  0.24660E-008
    6437  0.24664E-008
    6438  0.24669E-008
    6439  0.24673E-008
    6440  0.24678E-008
    6441  0.24683E-008
    6442  0.24687E-008
    6443  0.24692E-008
    6444  0.24697E-008
    6445  0.24703E-008
    6446  0.24708E-008
    6447  0.24713E-008
    6448  0.24359E-008
    6449  0.24361E-008
    6450  0.24364E-008
    6451  0.24368E-008
    6452  0.24372E-008
    6453  0.24378E-008
    6454  0.24384E-008
    6455  0.24390E-008
    6456  0.24397E-008
    6457  0.24404E-008
    6458  0.24412E-008
    6459  0.24421E-008
    6460  0.24430E-008
    6461  0.24439E-008
    6462  0.24449E-008
    6463  0.24460E-008
    6464  0.24471E-008
    6465  0.24114E-008
    6466  0.24115E-008
    6467  0.24116E-008
    6468  0.24117E-008
    6469  0.24118E-008
    6470  0.24120E-008
    6471  0.24122E-008
    6472  0.24124E-008
    6473  0.24127E-008
    6474  0.24129E-008
    6475  0.24132E-008
    6476  0.24135E-008
    6477  0.24138E-008
    6478  0.24141E-008
    6479  0.24144E-008
    6480  0.24148E-008
    6481  0.24151E-008
    6482  0.24155E-008
    6483  0.24159E-008
    6484  0.24163E-008
    6485  0.24167E-008
    6486  0.24171E-008
    6487  0.24176E-008
    6488  0.24180E-008
    6489  0.24185E-008
    6490  0.24190E-008
    6491  0.24195E-008
    6492  0.24200E-008
    6493  0.24205E-008
    6494  0.24210E-008
    6495  0.24215E-008
    6496  0.24221E-008
    6497  0.24226E-008
    6498  0.24232E-008
    6499  0.24238E-008
    6500  0.23869E-008
    6501  0.23871E-008
    6502  0.23875E-008
    6503  0.23879E-008
    6504  0.23884E-008
    6505  0.23890E-008
    6506  0.23897E-008
    6507  0.23904E-008
    6508  0.23912E-008
    6509  0.23920E-008
    6510  0.23929E-008
    6511  0.23938E-008
    6512  0.23948E-008
    6513  0.23958E-008
    6514  0.23969E-008
    6515  0.23981E-008
    6516  0.23992E-008
    6517  0.23621E-008
    6518  0.23621E-008
    6519  0.23622E-008
    6520  0.23624E-008
    6521  0.23625E-008
    6522  0.23627E-008
    6523  0.23630E-008
    6524  0.23632E-008
    6525  0.23635E-008
    6526  0.23638E-008
    6527  0.23641E-008
    6528  0.23644E-008
    6529  0.23648E-008
    6530  0.23651E-008
    6531  0.23655E-008
    6532  0.23659E-008
    6533  0.23663E-008
    6534  0.23667E-008
    6535  0.23671E-008
    6536  0.23676E-008
    6537  0.23680E-008
    6538  0.23685E-008
    6539  0.23690E-008
    6540  0.23695E-008
    6541  0.23700E-008
    6542  0.23705E-008
    6543  0.23710E-008
    6544  0.23716E-008
    6545  0.23721E-008
    6546  0.23727E-008
    6547  0.23733E-008
    6548  0.23739E-008
    6549  0.23745E-008
    6550  0.23751E-008
    6551  0.23758E-008
    6552  0.23372E-008
    6553  0.23374E-008
    6554  0.23378E-008
    6555  0.23383E-008
    6556  0.23389E-008
    6557  0.23396E-008
    6558  0.23404E-008
    6559  0.23412E-008
    6560  0.23420E-008
    6561  0.23429E-008
    6562  0.23439E-008
    6563  0.23449E-008
    6564  0.23460E-008
    6565  0.23472E-008
    6566  0.23483E-008
    6567  0.23496E-008
    6568  0.23509E-008
    6569  0.23120E-008
    6570  0.23121E-008
    6571  0.23122E-008
    6572  0.23123E-008
    6573  0.23125E-008
    6574  0.23128E-008
    6575  0.23130E-008
    6576  0.23133E-008
    6577  0.23136E-008
    6578  0.23139E-008
    6579  0.23143E-008
    6580  0.23147E-008
    6581  0.23150E-008
    6582  0.23155E-008
    6583  0.23159E-008
    6584  0.23163E-008
    6585  0.23167E-008
    6586  0.23172E-008
    6587  0.23177E-008
    6588  0.23182E-008
    6589  0.23187E-008
    6590  0.23192E-008
    6591  0.23197E-008
    6592  0.23203E-008
    6593  0.23208E-008
    6594  0.23214E-008
    6595  0.23220E-008
    6596  0.23226E-008
    6597  0.23232E-008
    6598  0.23238E-008
    6599  0.23245E-008
    6600  0.23251E-008
    6601  0.23258E-008
    6602  0.23265E-008
    6603  0.23272E-008
    6604  0.22868E-008
    6605  0.22871E-008
    6606  0.22875E-008
    6607  0.22881E-008
    6608  0.22888E-008
    6609  0.22895E-008
    6610  0.22904E-008
    6611  0.22913E-008
    6612  0.22922E-008
    6613  0.22932E-008
    6614  0.22943E-008
    6615  0.22954E-008
    6616  0.22966E-008
    6617  0.22979E-008
    6618  0.22992E-008
    6619  0.23005E-008
    6620  0.23019E-008
    6621  0.22612E-008
    6622  0.22613E-008
    6623  0.22614E-008
    6624  0.22616E-008
    6625  0.22618E-008
    6626  0.22620E-008
    6627  0.22623E-008
    6628  0.22627E-008
    6629  0.22630E-008
    6630  0.22634E-008
    6631  0.22638E-008
    6632  0.22642E-008
    6633  0.22646E-008
    6634  0.22651E-008
    6635  0.22656E-008
    6636  0.22660E-008
    6637  0.22665E-008
    6638  0.22671E-008
    6639  0.22676E-008
    6640  0.22681E-008
    6641  0.22687E-008
    6642  0.22693E-008
    6643  0.22699E-008
    6644  0.22705E-008
    6645  0.22711E-008
    6646  0.22717E-008
    6647  0.22723E-008
    6648  0.22730E-008
    6649  0.22737E-008
    6650  0.22744E-008
    6651  0.22751E-008
    6652  0.22758E-008
    6653  0.22765E-008
    6654  0.22772E-008
    6655  0.22780E-008
    6656  0.22356E-008
    6657  0.22359E-008
    6658  0.22364E-008
    6659  0.22371E-008
    6660  0.22378E-008
    6661  0.22387E-008
    6662  0.22396E-008
    6663  0.22407E-008
    6664  0.22417E-008
    6665  0.22429E-008
    6666  0.22440E-008
    6667  0.22453E-008
    6668  0.22466E-008
    6669  0.22480E-008
    6670  0.22494E-008
    6671  0.22509E-008
    6672  0.22524E-008
    6673  0.22096E-008
    6674  0.22097E-008
    6675  0.22098E-008
    6676  0.22100E-008
    6677  0.22103E-008
    6678  0.22106E-008
    6679  0.22109E-008
    6680  0.22113E-008
    6681  0.22117E-008
    6682  0.22121E-008
    6683  0.22125E-008
    6684  0.22130E-008
    6685  0.22135E-008
    6686  0.22140E-008
    6687  0.22145E-008
    6688  0.22151E-008
    6689  0.22156E-008
    6690  0.22162E-008
    6691  0.22168E-008
    6692  0.22174E-008
    6693  0.22180E-008
    6694  0.22187E-008
    6695  0.22193E-008
    6696  0.22200E-008
    6697  0.22207E-008
    6698  0.22213E-008
    6699  0.22221E-008
    6700  0.22228E-008
    6701  0.22235E-008
    6702  0.22243E-008
    6703  0.22250E-008
    6704  0.22258E-008
    6705  0.22266E-008
    6706  0.22274E-008
    6707  0.22282E-008
    6708  0.21835E-008
    6709  0.21839E-008
    6710  0.21845E-008
    6711  0.21853E-008
    6712  0.21861E-008
    6713  0.21871E-008
    6714  0.21882E-008
    6715  0.21893E-008
    6716  0.21905E-008
    6717  0.21918E-008
    6718  0.21931E-008
    6719  0.21945E-008
    6720  0.21959E-008
    6721  0.21974E-008
    6722  0.21990E-008
    6723  0.22006E-008
    6724  0.22023E-008
    6725  0.21571E-008
    6726  0.21572E-008
    6727  0.21574E-008
    6728  0.21576E-008
    6729  0.21579E-008
    6730  0.21583E-008
    6731  0.21586E-008
    6732  0.21591E-008
    6733  0.21595E-008
    6734  0.21600E-008
    6735  0.21605E-008
    6736  0.21610E-008
    6737  0.21616E-008
    6738  0.21622E-008
    6739  0.21628E-008
    6740  0.21634E-008
    6741  0.21640E-008
    6742  0.21646E-008
    6743  0.21653E-008
    6744  0.21660E-008
    6745  0.21667E-008
    6746  0.21674E-008
    6747  0.21681E-008
    6748  0.21688E-008
    6749  0.21696E-008
    6750  0.21703E-008
    6751  0.21711E-008
    6752  0.21719E-008
    6753  0.21727E-008
    6754  0.21735E-008
    6755  0.21744E-008
    6756  0.21752E-008
    6757  0.21761E-008
    6758  0.21770E-008
    6759  0.21779E-008
    6760  0.21307E-008
    6761  0.21311E-008
    6762  0.21318E-008
    6763  0.21326E-008
    6764  0.21337E-008
    6765  0.21348E-008
    6766  0.21360E-008
    6767  0.21372E-008
    6768  0.21386E-008
    6769  0.21400E-008
    6770  0.21414E-008
    6771  0.21430E-008
    6772  0.21446E-008
    6773  0.21462E-008
    6774  0.21479E-008
    6775  0.21497E-008
    6776  0.21516E-008
    6777  0.21038E-008
    6778  0.21039E-008
    6779  0.21041E-008
    6780  0.21044E-008
    6781  0.21047E-008
    6782  0.21051E-008
    6783  0.21055E-008
    6784  0.21060E-008
    6785  0.21065E-008
    6786  0.21071E-008
    6787  0.21077E-008
    6788  0.21083E-008
    6789  0.21089E-008
    6790  0.21096E-008
    6791  0.21102E-008
    6792  0.21109E-008
    6793  0.21116E-008
    6794  0.21123E-008
    6795  0.21131E-008
    6796  0.21138E-008
    6797  0.21146E-008
    6798  0.21154E-008
    6799  0.21162E-008
    6800  0.21170E-008
    6801  0.21178E-008
    6802  0.21186E-008
    6803  0.21195E-008
    6804  0.21204E-008
    6805  0.21213E-008
    6806  0.21222E-008
    6807  0.21231E-008
    6808  0.21240E-008
    6809  0.21250E-008
    6810  0.21260E-008
    6811  0.21269E-008
    6812  0.20769E-008
    6813  0.20774E-008
    6814  0.20782E-008
    6815  0.20792E-008
    6816  0.20803E-008
    6817  0.20816E-008
    6818  0.20829E-008
    6819  0.20844E-008
    6820  0.20859E-008
    6821  0.20874E-008
    6822  0.20891E-008
    6823  0.20908E-008
    6824  0.20925E-008
    6825  0.20944E-008
    6826  0.20962E-008
    6827  0.20982E-008
    6828  0.21002E-008
    6829  0.20496E-008
    6830  0.20497E-008
    6831  0.20499E-008
    6832  0.20502E-008
    6833  0.20506E-008
    6834  0.20511E-008
    6835  0.20516E-008
    6836  0.20521E-008
    6837  0.20527E-008
    6838  0.20533E-008
    6839  0.20540E-008
    6840  0.20547E-008
    6841  0.20554E-008
    6842  0.20561E-008
    6843  0.20569E-008
    6844  0.20576E-008
    6845  0.20584E-008
    6846  0.20592E-008
    6847  0.20600E-008
    6848  0.20609E-008
    6849  0.20617E-008
    6850  0.20626E-008
    6851  0.20635E-008
    6852  0.20644E-008
    6853  0.20653E-008
    6854  0.20663E-008
    6855  0.20672E-008
    6856  0.20682E-008
    6857  0.20692E-008
    6858  0.20701E-008
    6859  0.20712E-008
    6860  0.20722E-008
    6861  0.20732E-008
    6862  0.20743E-008
    6863  0.20754E-008
    6864  0.20223E-008
    6865  0.20228E-008
    6866  0.20237E-008
    6867  0.20248E-008
    6868  0.20262E-008
    6869  0.20276E-008
    6870  0.20291E-008
    6871  0.20307E-008
    6872  0.20324E-008
    6873  0.20341E-008
    6874  0.20360E-008
    6875  0.20378E-008
    6876  0.20398E-008
    6877  0.20418E-008
    6878  0.20439E-008
    6879  0.20460E-008
    6880  0.20482E-008
    6881  0.19944E-008
    6882  0.19946E-008
    6883  0.19948E-008
    6884  0.19952E-008
    6885  0.19956E-008
    6886  0.19961E-008
    6887  0.19967E-008
    6888  0.19973E-008
    6889  0.19980E-008
    6890  0.19987E-008
    6891  0.19995E-008
    6892  0.20003E-008
    6893  0.20011E-008
    6894  0.20019E-008
    6895  0.20027E-008
    6896  0.20036E-008
    6897  0.20045E-008
    6898  0.20054E-008
    6899  0.20063E-008
    6900  0.20072E-008
    6901  0.20082E-008
    6902  0.20091E-008
    6903  0.20101E-008
    6904  0.20111E-008
    6905  0.20121E-008
    6906  0.20132E-008
    6907  0.20142E-008
    6908  0.20153E-008
    6909  0.20164E-008
    6910  0.20175E-008
    6911  0.20186E-008
    6912  0.20197E-008
    6913  0.20208E-008
    6914  0.20220E-008
    6915  0.20232E-008
    6916  0.19667E-008
    6917  0.19673E-008
    6918  0.19683E-008
    6919  0.19696E-008
    6920  0.19711E-008
    6921  0.19727E-008
    6922  0.19744E-008
    6923  0.19762E-008
    6924  0.19781E-008
    6925  0.19801E-008
    6926  0.19821E-008
    6927  0.19842E-008
    6928  0.19863E-008
    6929  0.19886E-008
    6930  0.19909E-008
    6931  0.19932E-008
    6932  0.19956E-008
    6933  0.19383E-008
    6934  0.19385E-008
    6935  0.19388E-008
    6936  0.19392E-008
    6937  0.19397E-008
    6938  0.19403E-008
    6939  0.19409E-008
    6940  0.19416E-008
    6941  0.19424E-008
    6942  0.19432E-008
    6943  0.19441E-008
    6944  0.19449E-008
    6945  0.19458E-008
    6946  0.19468E-008
    6947  0.19477E-008
    6948  0.19487E-008
    6949  0.19497E-008
    6950  0.19507E-008
    6951  0.19517E-008
    6952  0.19527E-008
    6953  0.19538E-008
    6954  0.19549E-008
    6955  0.19560E-008
    6956  0.19571E-008
    6957  0.19582E-008
    6958  0.19593E-008
    6959  0.19605E-008
    6960  0.19617E-008
    6961  0.19629E-008
    6962  0.19641E-008
    6963  0.19653E-008
    6964  0.19665E-008
    6965  0.19678E-008
    6966  0.19691E-008
    6967  0.19704E-008
    6968  0.19101E-008
    6969  0.19108E-008
    6970  0.19120E-008
    6971  0.19134E-008
    6972  0.19151E-008
    6973  0.19170E-008
    6974  0.19189E-008
    6975  0.19209E-008
    6976  0.19230E-008
    6977  0.19252E-008
    6978  0.19275E-008
    6979  0.19298E-008
    6980  0.19322E-008
    6981  0.19346E-008
    6982  0.19371E-008
    6983  0.19397E-008
    6984  0.19424E-008
    6985  0.18812E-008
    6986  0.18814E-008
    6987  0.18817E-008
    6988  0.18822E-008
    6989  0.18828E-008
    6990  0.18834E-008
    6991  0.18842E-008
    6992  0.18850E-008
    6993  0.18859E-008
    6994  0.18868E-008
    6995  0.18878E-008
    6996  0.18888E-008
    6997  0.18898E-008
    6998  0.18908E-008
    6999  0.18919E-008
    7000  0.18930E-008
    7001  0.18941E-008
    7002  0.18952E-008
    7003  0.18963E-008
    7004  0.18975E-008
    7005  0.18987E-008
    7006  0.18999E-008
    7007  0.19011E-008
    7008  0.19023E-008
    7009  0.19036E-008
    7010  0.19048E-008
    7011  0.19061E-008
    7012  0.19074E-008
    7013  0.19087E-008
    7014  0.19100E-008
    7015  0.19114E-008
    7016  0.19127E-008
    7017  0.19141E-008
    7018  0.19155E-008
    7019  0.19169E-008
    7020  0.18525E-008
    7021  0.18534E-008
    7022  0.18547E-008
    7023  0.18563E-008
    7024  0.18583E-008
    7025  0.18603E-008
    7026  0.18625E-008
    7027  0.18648E-008
    7028  0.18671E-008
    7029  0.18696E-008
    7030  0.18721E-008
    7031  0.18747E-008
    7032  0.18773E-008
    7033  0.18800E-008
    7034  0.18828E-008
    7035  0.18856E-008
    7036  0.18885E-008
    7037  0.18231E-008
    7038  0.18233E-008
    7039  0.18237E-008
    7040  0.18242E-008
    7041  0.18249E-008
    7042  0.18257E-008
    7043  0.18265E-008
    7044  0.18274E-008
    7045  0.18284E-008
    7046  0.18295E-008
    7047  0.18305E-008
    7048  0.18317E-008
    7049  0.18328E-008
    7050  0.18340E-008
    7051  0.18352E-008
    7052  0.18364E-008
    7053  0.18376E-008
    7054  0.18389E-008
    7055  0.18402E-008
    7056  0.18415E-008
    7057  0.18428E-008
    7058  0.18441E-008
    7059  0.18454E-008
    7060  0.18468E-008
    7061  0.18482E-008
    7062  0.18496E-008
    7063  0.18510E-008
    7064  0.18524E-008
    7065  0.18539E-008
    7066  0.18553E-008
    7067  0.18568E-008
    7068  0.18583E-008
    7069  0.18598E-008
    7070  0.18613E-008
    7071  0.18629E-008
    7072  0.17939E-008
    7073  0.17949E-008
    7074  0.17964E-008
    7075  0.17983E-008
    7076  0.18004E-008
    7077  0.18028E-008
    7078  0.18052E-008
    7079  0.18078E-008
    7080  0.18104E-008
    7081  0.18131E-008
    7082  0.18159E-008
    7083  0.18188E-008
    7084  0.18217E-008
    7085  0.18247E-008
    7086  0.18277E-008
    7087  0.18308E-008
    7088  0.18340E-008
    7089  0.17640E-008
    7090  0.17642E-008
    7091  0.17647E-008
    7092  0.17653E-008
    7093  0.17660E-008
    7094  0.17669E-008
    7095  0.17679E-008
    7096  0.17689E-008
    7097  0.17700E-008
    7098  0.17712E-008
    7099  0.17724E-008
    7100  0.17737E-008
    7101  0.17750E-008
    7102  0.17763E-008
    7103  0.17776E-008
    7104  0.17790E-008
    7105  0.17804E-008
    7106  0.17818E-008
    7107  0.17832E-008
    7108  0.17846E-008
    7109  0.17861E-008
    7110  0.17876E-008
    7111  0.17891E-008
    7112  0.17906E-008
    7113  0.17921E-008
    7114  0.17936E-008
    7115  0.17952E-008
    7116  0.17968E-008
    7117  0.17984E-008
    7118  0.18000E-008
    7119  0.18016E-008
    7120  0.18032E-008
    7121  0.18049E-008
    7122  0.18066E-008
    7123  0.18082E-008
    7124  0.17343E-008
    7125  0.17354E-008
    7126  0.17371E-008
    7127  0.17393E-008
    7128  0.17417E-008
    7129  0.17444E-008
    7130  0.17471E-008
    7131  0.17500E-008
    7132  0.17529E-008
    7133  0.17559E-008
    7134  0.17590E-008
    7135  0.17622E-008
    7136  0.17654E-008
    7137  0.17687E-008
    7138  0.17721E-008
    7139  0.17755E-008
    7140  0.17790E-008
    7141  0.17038E-008
    7142  0.17041E-008
    7143  0.17046E-008
    7144  0.17053E-008
    7145  0.17062E-008
    7146  0.17071E-008
    7147  0.17082E-008
    7148  0.17094E-008
    7149  0.17107E-008
    7150  0.17120E-008
    7151  0.17134E-008
    7152  0.17148E-008
    7153  0.17163E-008
    7154  0.17177E-008
    7155  0.17192E-008
    7156  0.17208E-008
    7157  0.17223E-008
    7158  0.17239E-008
    7159  0.17254E-008
    7160  0.17270E-008
    7161  0.17287E-008
    7162  0.17303E-008
    7163  0.17319E-008
    7164  0.17336E-008
    7165  0.17353E-008
    7166  0.17370E-008
    7167  0.17387E-008
    7168  0.17405E-008
    7169  0.17422E-008
    7170  0.17440E-008
    7171  0.17458E-008
    7172  0.17476E-008
    7173  0.17494E-008
    7174  0.17512E-008
    7175  0.17530E-008
    7176  0.16737E-008
    7177  0.16750E-008
    7178  0.16769E-008
    7179  0.16793E-008
    7180  0.16821E-008
    7181  0.16850E-008
    7182  0.16881E-008
    7183  0.16913E-008
    7184  0.16946E-008
    7185  0.16980E-008
    7186  0.17014E-008
    7187  0.17049E-008
    7188  0.17084E-008
    7189  0.17121E-008
    7190  0.17158E-008
    7191  0.17195E-008
    7192  0.17233E-008
    7193  0.16427E-008
    7194  0.16430E-008
    7195  0.16436E-008
    7196  0.16444E-008
    7197  0.16453E-008
    7198  0.16464E-008
    7199  0.16477E-008
    7200  0.16490E-008
    7201  0.16504E-008
    7202  0.16519E-008
    7203  0.16535E-008
    7204  0.16551E-008
    7205  0.16567E-008
    7206  0.16583E-008
    7207  0.16600E-008
    7208  0.16617E-008
    7209  0.16634E-008
    7210  0.16652E-008
    7211  0.16669E-008
    7212  0.16687E-008
    7213  0.16705E-008
    7214  0.16723E-008
    7215  0.16741E-008
    7216  0.16760E-008
    7217  0.16778E-008
    7218  0.16797E-008
    7219  0.16816E-008
    7220  0.16835E-008
    7221  0.16854E-008
    7222  0.16874E-008
    7223  0.16893E-008
    7224  0.16913E-008
    7225  0.16933E-008
    7226  0.16953E-008
    7227  0.16973E-008
    7228  0.16121E-008
    7229  0.16135E-008
    7230  0.16157E-008
    7231  0.16184E-008
    7232  0.16215E-008
    7233  0.16249E-008
    7234  0.16283E-008
    7235  0.16319E-008
    7236  0.16355E-008
    7237  0.16393E-008
    7238  0.16430E-008
    7239  0.16469E-008
    7240  0.16508E-008
    7241  0.16548E-008
    7242  0.16589E-008
    7243  0.16630E-008
    7244  0.16671E-008
    7245  0.15805E-008
    7246  0.15809E-008
    7247  0.15816E-008
    7248  0.15824E-008
    7249  0.15835E-008
    7250  0.15847E-008
    7251  0.15861E-008
    7252  0.15876E-008
    7253  0.15893E-008
    7254  0.15909E-008
    7255  0.15927E-008
    7256  0.15944E-008
    7257  0.15963E-008
    7258  0.15981E-008
    7259  0.16000E-008
    7260  0.16019E-008
    7261  0.16038E-008
    7262  0.16057E-008
    7263  0.16077E-008
    7264  0.16096E-008
    7265  0.16116E-008
    7266  0.16136E-008
    7267  0.16156E-008
    7268  0.16177E-008
    7269  0.16197E-008
    7270  0.16218E-008
    7271  0.16239E-008
    7272  0.16260E-008
    7273  0.16281E-008
    7274  0.16302E-008
    7275  0.16324E-008
    7276  0.16345E-008
    7277  0.16367E-008
    7278  0.16389E-008
    7279  0.16411E-008
    7280  0.15495E-008
    7281  0.15511E-008
    7282  0.15536E-008
    7283  0.15566E-008
    7284  0.15601E-008
    7285  0.15638E-008
    7286  0.15677E-008
    7287  0.15717E-008
    7288  0.15757E-008
    7289  0.15798E-008
    7290  0.15840E-008
    7291  0.15883E-008
    7292  0.15926E-008
    7293  0.15970E-008
    7294  0.16014E-008
    7295  0.16059E-008
    7296  0.16105E-008
    7297  0.15174E-008
    7298  0.15179E-008
    7299  0.15186E-008
    7300  0.15196E-008
    7301  0.15208E-008
    7302  0.15222E-008
    7303  0.15237E-008
    7304  0.15254E-008
    7305  0.15272E-008
    7306  0.15291E-008
    7307  0.15310E-008
    7308  0.15330E-008
    7309  0.15350E-008
    7310  0.15371E-008
    7311  0.15392E-008
    7312  0.15413E-008
    7313  0.15434E-008
    7314  0.15456E-008
    7315  0.15477E-008
    7316  0.15499E-008
    7317  0.15521E-008
    7318  0.15543E-008
    7319  0.15565E-008
    7320  0.15588E-008
    7321  0.15610E-008
    7322  0.15633E-008
    7323  0.15656E-008
    7324  0.15679E-008
    7325  0.15702E-008
    7326  0.15725E-008
    7327  0.15749E-008
    7328  0.15772E-008
    7329  0.15796E-008
    7330  0.15820E-008
    7331  0.15844E-008
    7332  0.14860E-008
    7333  0.14878E-008
    7334  0.14905E-008
    7335  0.14940E-008
    7336  0.14979E-008
    7337  0.15020E-008
    7338  0.15063E-008
    7339  0.15107E-008
    7340  0.15152E-008
    7341  0.15198E-008
    7342  0.15244E-008
    7343  0.15291E-008
    7344  0.15338E-008
    7345  0.15387E-008
    7346  0.15435E-008
    7347  0.15484E-008
    7348  0.15534E-008
    7349  0.14534E-008
    7350  0.14539E-008
    7351  0.14547E-008
    7352  0.14558E-008
    7353  0.14571E-008
    7354  0.14587E-008
    7355  0.14604E-008
    7356  0.14623E-008
    7357  0.14643E-008
    7358  0.14664E-008
    7359  0.14686E-008
    7360  0.14708E-008
    7361  0.14731E-008
    7362  0.14754E-008
    7363  0.14777E-008
    7364  0.14800E-008
    7365  0.14824E-008
    7366  0.14847E-008
    7367  0.14871E-008
    7368  0.14895E-008
    7369  0.14919E-008
    7370  0.14944E-008
    7371  0.14968E-008
    7372  0.14993E-008
    7373  0.15018E-008
    7374  0.15043E-008
    7375  0.15068E-008
    7376  0.15093E-008
    7377  0.15118E-008
    7378  0.15144E-008
    7379  0.15170E-008
    7380  0.15195E-008
    7381  0.15221E-008
    7382  0.15247E-008
    7383  0.15273E-008
    7384  0.14215E-008
    7385  0.14236E-008
    7386  0.14266E-008
    7387  0.14305E-008
    7388  0.14348E-008
    7389  0.14394E-008
    7390  0.14442E-008
    7391  0.14491E-008
    7392  0.14541E-008
    7393  0.14591E-008
    7394  0.14642E-008
    7395  0.14694E-008
    7396  0.14746E-008
    7397  0.14798E-008
    7398  0.14852E-008
    7399  0.14905E-008
    7400  0.14959E-008
    7401  0.13885E-008
    7402  0.13890E-008
    7403  0.13899E-008
    7404  0.13911E-008
    7405  0.13927E-008
    7406  0.13944E-008
    7407  0.13964E-008
    7408  0.13985E-008
    7409  0.14007E-008
    7410  0.14030E-008
    7411  0.14054E-008
    7412  0.14079E-008
    7413  0.14104E-008
    7414  0.14129E-008
    7415  0.14155E-008
    7416  0.14181E-008
    7417  0.14207E-008
    7418  0.14233E-008
    7419  0.14259E-008
    7420  0.14286E-008
    7421  0.14313E-008
    7422  0.14339E-008
    7423  0.14366E-008
    7424  0.14393E-008
    7425  0.14420E-008
    7426  0.14448E-008
    7427  0.14475E-008
    7428  0.14503E-008
    7429  0.14531E-008
    7430  0.14558E-008
    7431  0.14586E-008
    7432  0.14614E-008
    7433  0.14643E-008
    7434  0.14671E-008
    7435  0.14699E-008
    7436  0.13563E-008
    7437  0.13585E-008
    7438  0.13620E-008
    7439  0.13663E-008
    7440  0.13711E-008
    7441  0.13762E-008
    7442  0.13815E-008
    7443  0.13869E-008
    7444  0.13924E-008
    7445  0.13979E-008
    7446  0.14035E-008
    7447  0.14092E-008
    7448  0.14149E-008
    7449  0.14206E-008
    7450  0.14264E-008
    7451  0.14323E-008
    7452  0.14382E-008
    7453  0.13228E-008
    7454  0.13234E-008
    7455  0.13244E-008
    7456  0.13257E-008
    7457  0.13274E-008
    7458  0.13294E-008
    7459  0.13315E-008
    7460  0.13339E-008
    7461  0.13364E-008
    7462  0.13390E-008
    7463  0.13416E-008
    7464  0.13444E-008
    7465  0.13471E-008
    7466  0.13499E-008
    7467  0.13528E-008
    7468  0.13556E-008
    7469  0.13585E-008
    7470  0.13614E-008
    7471  0.13643E-008
    7472  0.13672E-008
    7473  0.13701E-008
    7474  0.13730E-008
    7475  0.13760E-008
    7476  0.13789E-008
    7477  0.13819E-008
    7478  0.13849E-008
    7479  0.13879E-008
    7480  0.13909E-008
    7481  0.13939E-008
    7482  0.13970E-008
    7483  0.14000E-008
    7484  0.14031E-008
    7485  0.14061E-008
    7486  0.14092E-008
    7487  0.14123E-008
    7488  0.12903E-008
    7489  0.12928E-008
    7490  0.12966E-008
    7491  0.13014E-008
    7492  0.13067E-008
    7493  0.13124E-008
    7494  0.13182E-008
    7495  0.13242E-008
    7496  0.13302E-008
    7497  0.13363E-008
    7498  0.13424E-008
    7499  0.13486E-008
    7500  0.13549E-008
    7501  0.13611E-008
    7502  0.13674E-008
    7503  0.13738E-008
    7504  0.13802E-008
    7505  0.12564E-008
    7506  0.12570E-008
    7507  0.12582E-008
    7508  0.12597E-008
    7509  0.12615E-008
    7510  0.12637E-008
    7511  0.12661E-008
    7512  0.12687E-008
    7513  0.12715E-008
    7514  0.12743E-008
    7515  0.12773E-008
    7516  0.12803E-008
    7517  0.12833E-008
    7518  0.12864E-008
    7519  0.12895E-008
    7520  0.12927E-008
    7521  0.12958E-008
    7522  0.12990E-008
    7523  0.13022E-008
    7524  0.13054E-008
    7525  0.13086E-008
    7526  0.13118E-008
    7527  0.13150E-008
    7528  0.13182E-008
    7529  0.13215E-008
    7530  0.13247E-008
    7531  0.13280E-008
    7532  0.13313E-008
    7533  0.13346E-008
    7534  0.13379E-008
    7535  0.13412E-008
    7536  0.13445E-008
    7537  0.13478E-008
    7538  0.13511E-008
    7539  0.13545E-008
    7540  0.12236E-008
    7541  0.12264E-008
    7542  0.12307E-008
    7543  0.12359E-008
    7544  0.12418E-008
    7545  0.12481E-008
    7546  0.12545E-008
    7547  0.12611E-008
    7548  0.12677E-008
    7549  0.12743E-008
    7550  0.12810E-008
    7551  0.12878E-008
    7552  0.12946E-008
    7553  0.13014E-008
    7554  0.13083E-008
    7555  0.13152E-008
    7556  0.13221E-008
    7557  0.11894E-008
    7558  0.11901E-008
    7559  0.11914E-008
    7560  0.11930E-008
    7561  0.11951E-008
    7562  0.11975E-008
    7563  0.12001E-008
    7564  0.12030E-008
    7565  0.12061E-008
    7566  0.12092E-008
    7567  0.12125E-008
    7568  0.12158E-008
    7569  0.12191E-008
    7570  0.12225E-008
    7571  0.12259E-008
    7572  0.12294E-008
    7573  0.12328E-008
    7574  0.12363E-008
    7575  0.12398E-008
    7576  0.12433E-008
    7577  0.12468E-008
    7578  0.12503E-008
    7579  0.12538E-008
    7580  0.12573E-008
    7581  0.12608E-008
    7582  0.12644E-008
    7583  0.12679E-008
    7584  0.12715E-008
    7585  0.12751E-008
    7586  0.12786E-008
    7587  0.12822E-008
    7588  0.12858E-008
    7589  0.12894E-008
    7590  0.12930E-008
    7591  0.12966E-008
    7592  0.11565E-008
    7593  0.11595E-008
    7594  0.11642E-008
    7595  0.11700E-008
    7596  0.11765E-008
    7597  0.11834E-008
    7598  0.11905E-008
    7599  0.11976E-008
    7600  0.12049E-008
    7601  0.12121E-008
    7602  0.12195E-008
    7603  0.12268E-008
    7604  0.12342E-008
    7605  0.12416E-008
    7606  0.12490E-008
    7607  0.12565E-008
    7608  0.12640E-008
    7609  0.11219E-008
    7610  0.11227E-008
    7611  0.11241E-008
    7612  0.11260E-008
    7613  0.11282E-008
    7614  0.11309E-008
    7615  0.11338E-008
    7616  0.11370E-008
    7617  0.11403E-008
    7618  0.11438E-008
    7619  0.11473E-008
    7620  0.11510E-008
    7621  0.11546E-008
    7622  0.11584E-008
    7623  0.11621E-008
    7624  0.11659E-008
    7625  0.11696E-008
    7626  0.11734E-008
    7627  0.11772E-008
    7628  0.11810E-008
    7629  0.11848E-008
    7630  0.11886E-008
    7631  0.11925E-008
    7632  0.11963E-008
    7633  0.12001E-008
    7634  0.12040E-008
    7635  0.12078E-008
    7636  0.12117E-008
    7637  0.12155E-008
    7638  0.12194E-008
    7639  0.12233E-008
    7640  0.12272E-008
    7641  0.12311E-008
    7642  0.12349E-008
    7643  0.12388E-008
    7644  0.10889E-008
    7645  0.10923E-008
    7646  0.10975E-008
    7647  0.11038E-008
    7648  0.11110E-008
    7649  0.11185E-008
    7650  0.11262E-008
    7651  0.11341E-008
    7652  0.11420E-008
    7653  0.11499E-008
    7654  0.11578E-008
    7655  0.11658E-008
    7656  0.11738E-008
    7657  0.11818E-008
    7658  0.11898E-008
    7659  0.11979E-008
    7660  0.12060E-008
    7661  0.10542E-008
    7662  0.10551E-008
    7663  0.10566E-008
    7664  0.10586E-008
    7665  0.10611E-008
    7666  0.10640E-008
    7667  0.10672E-008
    7668  0.10707E-008
    7669  0.10743E-008
    7670  0.10781E-008
    7671  0.10820E-008
    7672  0.10860E-008
    7673  0.10900E-008
    7674  0.10941E-008
    7675  0.10982E-008
    7676  0.11023E-008
    7677  0.11064E-008
    7678  0.11105E-008
    7679  0.11146E-008
    7680  0.11187E-008
    7681  0.11229E-008
    7682  0.11270E-008
    7683  0.11312E-008
    7684  0.11353E-008
    7685  0.11395E-008
    7686  0.11436E-008
    7687  0.11478E-008
    7688  0.11520E-008
    7689  0.11561E-008
    7690  0.11603E-008
    7691  0.11645E-008
    7692  0.11687E-008
    7693  0.11729E-008
    7694  0.11770E-008
    7695  0.11812E-008
    7696  0.10212E-008
    7697  0.10249E-008
    7698  0.10305E-008
    7699  0.10375E-008
    7700  0.10453E-008
    7701  0.10535E-008
    7702  0.10620E-008
    7703  0.10705E-008
    7704  0.10791E-008
    7705  0.10877E-008
    7706  0.10963E-008
    7707  0.11049E-008
    7708  0.11135E-008
    7709  0.11222E-008
    7710  0.11309E-008
    7711  0.11395E-008
    7712  0.11482E-008
    7713  0.98629E-009
    7714  0.98729E-009
    7715  0.98894E-009
    7716  0.99116E-009
    7717  0.99389E-009
    7718  0.99704E-009
    7719  0.10005E-008
    7720  0.10043E-008
    7721  0.10083E-008
    7722  0.10125E-008
    7723  0.10167E-008
    7724  0.10211E-008
    7725  0.10254E-008
    7726  0.10299E-008
    7727  0.10343E-008
    7728  0.10388E-008
    7729  0.10432E-008
    7730  0.10477E-008
    7731  0.10521E-008
    7732  0.10566E-008
    7733  0.10611E-008
    7734  0.10656E-008
    7735  0.10701E-008
    7736  0.10746E-008
    7737  0.10790E-008
    7738  0.10835E-008
    7739  0.10880E-008
    7740  0.10925E-008
    7741  0.10970E-008
    7742  0.11015E-008
    7743  0.11060E-008
    7744  0.11105E-008
    7745  0.11150E-008
    7746  0.11195E-008
    7747  0.11240E-008
    7748  0.95342E-009
    7749  0.95745E-009
    7750  0.96360E-009
    7751  0.97121E-009
    7752  0.97970E-009
    7753  0.98866E-009
    7754  0.99783E-009
    7755  0.10071E-008
    7756  0.10164E-008
    7757  0.10257E-008
    7758  0.10350E-008
    7759  0.10443E-008
    7760  0.10536E-008
    7761  0.10629E-008
    7762  0.10722E-008
    7763  0.10815E-008
    7764  0.10909E-008
    7765  0.91849E-009
    7766  0.91958E-009
    7767  0.92138E-009
    7768  0.92379E-009
    7769  0.92677E-009
    7770  0.93021E-009
    7771  0.93402E-009
    7772  0.93814E-009
    7773  0.94248E-009
    7774  0.94700E-009
    7775  0.95162E-009
    7776  0.95633E-009
    7777  0.96108E-009
    7778  0.96587E-009
    7779  0.97068E-009
    7780  0.97550E-009
    7781  0.98033E-009
    7782  0.98516E-009
    7783  0.98999E-009
    7784  0.99482E-009
    7785  0.99965E-009
    7786  0.10045E-008
    7787  0.10093E-008
    7788  0.10142E-008
    7789  0.10190E-008
    7790  0.10238E-008
    7791  0.10286E-008
    7792  0.10335E-008
    7793  0.10383E-008
    7794  0.10431E-008
    7795  0.10479E-008
    7796  0.10528E-008
    7797  0.10576E-008
    7798  0.10624E-008
    7799  0.10672E-008
    7800  0.88582E-009
    7801  0.89021E-009
    7802  0.89690E-009
    7803  0.90517E-009
    7804  0.91439E-009
    7805  0.92410E-009
    7806  0.93402E-009
    7807  0.94403E-009
    7808  0.95407E-009
    7809  0.96410E-009
    7810  0.97413E-009
    7811  0.98415E-009
    7812  0.99416E-009
    7813  0.10042E-008
    7814  0.10141E-008
    7815  0.10241E-008
    7816  0.10341E-008
    7817  0.85097E-009
    7818  0.85216E-009
    7819  0.85411E-009
    7820  0.85674E-009
    7821  0.85996E-009
    7822  0.86370E-009
    7823  0.86784E-009
    7824  0.87230E-009
    7825  0.87701E-009
    7826  0.88190E-009
    7827  0.88690E-009
    7828  0.89199E-009
    7829  0.89714E-009
    7830  0.90231E-009
    7831  0.90750E-009
    7832  0.91271E-009
    7833  0.91791E-009
    7834  0.92312E-009
    7835  0.92833E-009
    7836  0.93353E-009
    7837  0.93873E-009
    7838  0.94393E-009
    7839  0.94912E-009
    7840  0.95431E-009
    7841  0.95949E-009
    7842  0.96467E-009
    7843  0.96985E-009
    7844  0.97502E-009
    7845  0.98019E-009
    7846  0.98535E-009
    7847  0.99051E-009
    7848  0.99566E-009
    7849  0.10008E-008
    7850  0.10059E-008
    7851  0.10111E-008
    7852  0.81864E-009
    7853  0.82340E-009
    7854  0.83064E-009
    7855  0.83959E-009
    7856  0.84956E-009
    7857  0.86005E-009
    7858  0.87076E-009
    7859  0.88155E-009
    7860  0.89235E-009
    7861  0.90314E-009
    7862  0.91391E-009
    7863  0.92466E-009
    7864  0.93539E-009
    7865  0.94609E-009
    7866  0.95676E-009
    7867  0.96741E-009
    7868  0.97804E-009
    7869  0.78399E-009
    7870  0.78528E-009
    7871  0.78739E-009
    7872  0.79022E-009
    7873  0.79371E-009
    7874  0.79775E-009
    7875  0.80222E-009
    7876  0.80705E-009
    7877  0.81213E-009
    7878  0.81740E-009
    7879  0.82280E-009
    7880  0.82829E-009
    7881  0.83383E-009
    7882  0.83941E-009
    7883  0.84500E-009
    7884  0.85060E-009
    7885  0.85619E-009
    7886  0.86179E-009
    7887  0.86738E-009
    7888  0.87296E-009
    7889  0.87854E-009
    7890  0.88411E-009
    7891  0.88967E-009
    7892  0.89523E-009
    7893  0.90078E-009
    7894  0.90632E-009
    7895  0.91185E-009
    7896  0.91738E-009
    7897  0.92289E-009
    7898  0.92840E-009
    7899  0.93391E-009
    7900  0.93940E-009
    7901  0.94489E-009
    7902  0.95037E-009
    7903  0.95585E-009
    7904  0.75211E-009
    7905  0.75725E-009
    7906  0.76506E-009
    7907  0.77472E-009
    7908  0.78546E-009
    7909  0.79676E-009
    7910  0.80828E-009
    7911  0.81986E-009
    7912  0.83145E-009
    7913  0.84301E-009
    7914  0.85454E-009
    7915  0.86604E-009
    7916  0.87749E-009
    7917  0.88891E-009
    7918  0.90030E-009
    7919  0.91164E-009
    7920  0.92295E-009
    7921  0.71779E-009
    7922  0.71918E-009
    7923  0.72145E-009
    7924  0.72451E-009
    7925  0.72827E-009
    7926  0.73261E-009
    7927  0.73743E-009
    7928  0.74262E-009
    7929  0.74809E-009
    7930  0.75376E-009
    7931  0.75957E-009
    7932  0.76546E-009
    7933  0.77141E-009
    7934  0.77739E-009
    7935  0.78339E-009
    7936  0.78939E-009
    7937  0.79538E-009
    7938  0.80138E-009
    7939  0.80736E-009
    7940  0.81333E-009
    7941  0.81929E-009
    7942  0.82524E-009
    7943  0.83118E-009
    7944  0.83712E-009
    7945  0.84303E-009
    7946  0.84894E-009
    7947  0.85484E-009
    7948  0.86073E-009
    7949  0.86660E-009
    7950  0.87246E-009
    7951  0.87832E-009
    7952  0.88416E-009
    7953  0.88999E-009
    7954  0.89581E-009
    7955  0.90162E-009
    7956  0.68651E-009
    7957  0.69204E-009
    7958  0.70043E-009
    7959  0.71081E-009
    7960  0.72234E-009
    7961  0.73445E-009
    7962  0.74680E-009
    7963  0.75920E-009
    7964  0.77159E-009
    7965  0.78394E-009
    7966  0.79624E-009
    7967  0.80849E-009
    7968  0.82069E-009
    7969  0.83284E-009
    7970  0.84494E-009
    7971  0.85698E-009
    7972  0.86898E-009
    7973  0.65266E-009
    7974  0.65415E-009
    7975  0.65659E-009
    7976  0.65987E-009
    7977  0.66390E-009
    7978  0.66856E-009
    7979  0.67373E-009
    7980  0.67930E-009
    7981  0.68515E-009
    7982  0.69123E-009
    7983  0.69744E-009
    7984  0.70376E-009
    7985  0.71012E-009
    7986  0.71652E-009
    7987  0.72292E-009
    7988  0.72933E-009
    7989  0.73573E-009
    7990  0.74213E-009
    7991  0.74850E-009
    7992  0.75487E-009
    7993  0.76122E-009
    7994  0.76756E-009
    7995  0.77389E-009
    7996  0.78019E-009
    7997  0.78649E-009
    7998  0.79277E-009
    7999  0.79903E-009
    8000  0.80528E-009
    8001  0.81152E-009
    8002  0.81774E-009
    8003  0.82395E-009
    8004  0.83014E-009
    8005  0.83632E-009
    8006  0.84248E-009
    8007  0.84863E-009
    8008  0.62212E-009
    8009  0.62804E-009
    8010  0.63703E-009
    8011  0.64813E-009
    8012  0.66047E-009
    8013  0.67341E-009
    8014  0.68659E-009
    8015  0.69981E-009
    8016  0.71301E-009
    8017  0.72616E-009
    8018  0.73924E-009
    8019  0.75225E-009
    8020  0.76520E-009
    8021  0.77809E-009
    8022  0.79090E-009
    8023  0.80365E-009
    8024  0.81634E-009
    8025  0.58888E-009
    8026  0.59047E-009
    8027  0.59308E-009
    8028  0.59659E-009
    8029  0.60090E-009
    8030  0.60588E-009
    8031  0.61140E-009
    8032  0.61734E-009
    8033  0.62360E-009
    8034  0.63008E-009
    8035  0.63671E-009
    8036  0.64344E-009
    8037  0.65022E-009
    8038  0.65704E-009
    8039  0.66386E-009
    8040  0.67068E-009
    8041  0.67749E-009
    8042  0.68429E-009
    8043  0.69107E-009
    8044  0.69783E-009
    8045  0.70458E-009
    8046  0.71130E-009
    8047  0.71801E-009
    8048  0.72470E-009
    8049  0.73137E-009
    8050  0.73803E-009
    8051  0.74466E-009
    8052  0.75128E-009
    8053  0.75788E-009
    8054  0.76446E-009
    8055  0.77102E-009
    8056  0.77756E-009
    8057  0.78409E-009
    8058  0.79060E-009
    8059  0.79709E-009
    8060  0.55924E-009
    8061  0.56555E-009
    8062  0.57514E-009
    8063  0.58697E-009
    8064  0.60012E-009
    8065  0.61389E-009
    8066  0.62791E-009
    8067  0.64197E-009
    8068  0.65598E-009
    8069  0.66992E-009
    8070  0.68379E-009
    8071  0.69757E-009
    8072  0.71127E-009
    8073  0.72489E-009
    8074  0.73843E-009
    8075  0.75189E-009
    8076  0.76527E-009
    8077  0.52676E-009
    8078  0.52846E-009
    8079  0.53124E-009
    8080  0.53497E-009
    8081  0.53956E-009
    8082  0.54486E-009
    8083  0.55073E-009
    8084  0.55706E-009
    8085  0.56371E-009
    8086  0.57060E-009
    8087  0.57765E-009
    8088  0.58480E-009
    8089  0.59200E-009
    8090  0.59923E-009
    8091  0.60647E-009
    8092  0.61370E-009
    8093  0.62092E-009
    8094  0.62812E-009
    8095  0.63531E-009
    8096  0.64247E-009
    8097  0.64960E-009
    8098  0.65672E-009
    8099  0.66381E-009
    8100  0.67088E-009
    8101  0.67793E-009
    8102  0.68496E-009
    8103  0.69196E-009
    8104  0.69895E-009
    8105  0.70591E-009
    8106  0.71284E-009
    8107  0.71976E-009
    8108  0.72665E-009
    8109  0.73353E-009
    8110  0.74038E-009
    8111  0.74722E-009
    8112  0.49817E-009
    8113  0.50488E-009
    8114  0.51507E-009
    8115  0.52763E-009
    8116  0.54158E-009
    8117  0.55619E-009
    8118  0.57104E-009
    8119  0.58593E-009
    8120  0.60075E-009
    8121  0.61549E-009
    8122  0.63014E-009
    8123  0.64468E-009
    8124  0.65913E-009
    8125  0.67348E-009
    8126  0.68773E-009
    8127  0.70189E-009
    8128  0.71596E-009
    8129  0.46662E-009
    8130  0.46842E-009
    8131  0.47137E-009
    8132  0.47532E-009
    8133  0.48019E-009
    8134  0.48581E-009
    8135  0.49203E-009
    8136  0.49874E-009
    8137  0.50578E-009
    8138  0.51308E-009
    8139  0.52054E-009
    8140  0.52811E-009
    8141  0.53573E-009
    8142  0.54338E-009
    8143  0.55103E-009
    8144  0.55867E-009
    8145  0.56630E-009
    8146  0.57390E-009
    8147  0.58148E-009
    8148  0.58903E-009
    8149  0.59656E-009
    8150  0.60406E-009
    8151  0.61154E-009
    8152  0.61899E-009
    8153  0.62641E-009
    8154  0.63380E-009
    8155  0.64117E-009
    8156  0.64852E-009
    8157  0.65583E-009
    8158  0.66313E-009
    8159  0.67039E-009
    8160  0.67763E-009
    8161  0.68485E-009
    8162  0.69204E-009
    8163  0.69921E-009
    8164  0.43924E-009
    8165  0.44634E-009
    8166  0.45712E-009
    8167  0.47041E-009
    8168  0.48516E-009
    8169  0.50059E-009
    8170  0.51627E-009
    8171  0.53197E-009
    8172  0.54760E-009
    8173  0.56313E-009
    8174  0.57854E-009
    8175  0.59384E-009
    8176  0.60902E-009
    8177  0.62409E-009
    8178  0.63905E-009
    8179  0.65391E-009
    8180  0.66866E-009
    8181  0.40878E-009
    8182  0.41068E-009
    8183  0.41379E-009
    8184  0.41797E-009
    8185  0.42311E-009
    8186  0.42904E-009
    8187  0.43562E-009
    8188  0.44269E-009
    8189  0.45013E-009
    8190  0.45783E-009
    8191  0.46570E-009
    8192  0.47367E-009
    8193  0.48170E-009
    8194  0.48976E-009
    8195  0.49782E-009
    8196  0.50587E-009
    8197  0.51389E-009
    8198  0.52189E-009
    8199  0.52986E-009
    8200  0.53780E-009
    8201  0.54571E-009
    8202  0.55359E-009
    8203  0.56144E-009
    8204  0.56926E-009
    8205  0.57705E-009
    8206  0.58481E-009
    8207  0.59253E-009
    8208  0.60023E-009
    8209  0.60790E-009
    8210  0.61554E-009
    8211  0.62315E-009
    8212  0.63074E-009
    8213  0.63829E-009
    8214  0.64582E-009
    8215  0.65333E-009
    8216  0.38277E-009
    8217  0.39026E-009
    8218  0.40162E-009
    8219  0.41562E-009
    8220  0.43115E-009
    8221  0.44739E-009
    8222  0.46388E-009
    8223  0.48039E-009
    8224  0.49680E-009
    8225  0.51309E-009
    8226  0.52926E-009
    8227  0.54529E-009
    8228  0.56119E-009
    8229  0.57697E-009
    8230  0.59262E-009
    8231  0.60815E-009
    8232  0.62355E-009
    8233  0.35356E-009
    8234  0.35556E-009
    8235  0.35883E-009
    8236  0.36323E-009
    8237  0.36864E-009
    8238  0.37488E-009
    8239  0.38179E-009
    8240  0.38923E-009
    8241  0.39705E-009
    8242  0.40514E-009
    8243  0.41340E-009
    8244  0.42178E-009
    8245  0.43021E-009
    8246  0.43867E-009
    8247  0.44713E-009
    8248  0.45557E-009
    8249  0.46398E-009
    8250  0.47237E-009
    8251  0.48072E-009
    8252  0.48904E-009
    8253  0.49732E-009
    8254  0.50557E-009
    8255  0.51378E-009
    8256  0.52196E-009
    8257  0.53010E-009
    8258  0.53821E-009
    8259  0.54629E-009
    8260  0.55433E-009
    8261  0.56234E-009
    8262  0.57032E-009
    8263  0.57826E-009
    8264  0.58617E-009
    8265  0.59405E-009
    8266  0.60190E-009
    8267  0.60972E-009
    8268  0.32909E-009
    8269  0.33695E-009
    8270  0.34887E-009
    8271  0.36357E-009
    8272  0.37985E-009
    8273  0.39689E-009
    8274  0.41416E-009
    8275  0.43144E-009
    8276  0.44862E-009
    8277  0.46566E-009
    8278  0.48255E-009
    8279  0.49930E-009
    8280  0.51590E-009
    8281  0.53235E-009
    8282  0.54867E-009
    8283  0.56485E-009
    8284  0.58089E-009
    8285  0.30129E-009
    8286  0.30339E-009
    8287  0.30682E-009
    8288  0.31143E-009
    8289  0.31710E-009
    8290  0.32363E-009
    8291  0.33087E-009
    8292  0.33866E-009
    8293  0.34685E-009
    8294  0.35532E-009
    8295  0.36397E-009
    8296  0.37273E-009
    8297  0.38155E-009
    8298  0.39039E-009
    8299  0.39923E-009
    8300  0.40805E-009
    8301  0.41684E-009
    8302  0.42560E-009
    8303  0.43432E-009
    8304  0.44300E-009
    8305  0.45164E-009
    8306  0.46024E-009
    8307  0.46881E-009
    8308  0.47733E-009
    8309  0.48582E-009
    8310  0.49427E-009
    8311  0.50268E-009
    8312  0.51106E-009
    8313  0.51940E-009
    8314  0.52770E-009
    8315  0.53596E-009
    8316  0.54419E-009
    8317  0.55238E-009
    8318  0.56055E-009
    8319  0.56868E-009
    8320  0.27851E-009
    8321  0.28673E-009
    8322  0.29920E-009
    8323  0.31456E-009
    8324  0.33158E-009
    8325  0.34936E-009
    8326  0.36740E-009
    8327  0.38542E-009
    8328  0.40333E-009
    8329  0.42108E-009
    8330  0.43867E-009
    8331  0.45610E-009
    8332  0.47337E-009
    8333  0.49048E-009
    8334  0.50743E-009
    8335  0.52423E-009
    8336  0.54089E-009
    8337  0.25230E-009
    8338  0.25449E-009
    8339  0.25807E-009
    8340  0.26288E-009
    8341  0.26879E-009
    8342  0.27561E-009
    8343  0.28316E-009
    8344  0.29129E-009
    8345  0.29982E-009
    8346  0.30866E-009
    8347  0.31767E-009
    8348  0.32681E-009
    8349  0.33600E-009
    8350  0.34521E-009
    8351  0.35441E-009
    8352  0.36359E-009
    8353  0.37274E-009
    8354  0.38185E-009
    8355  0.39092E-009
    8356  0.39995E-009
    8357  0.40893E-009
    8358  0.41788E-009
    8359  0.42678E-009
    8360  0.43563E-009
    8361  0.44445E-009
    8362  0.45322E-009
    8363  0.46195E-009
    8364  0.47064E-009
    8365  0.47929E-009
    8366  0.48791E-009
    8367  0.49648E-009
    8368  0.50501E-009
    8369  0.51350E-009
    8370  0.52195E-009
    8371  0.53037E-009
    8372  0.23136E-009
    8373  0.23992E-009
    8374  0.25291E-009
    8375  0.26890E-009
    8376  0.28660E-009
    8377  0.30511E-009
    8378  0.32386E-009
    8379  0.34259E-009
    8380  0.36119E-009
    8381  0.37962E-009
    8382  0.39788E-009
    8383  0.41595E-009
    8384  0.43385E-009
    8385  0.45158E-009
    8386  0.46914E-009
    8387  0.48654E-009
    8388  0.50377E-009
    8389  0.20689E-009
    8390  0.20916E-009
    8391  0.21288E-009
    8392  0.21789E-009
    8393  0.22403E-009
    8394  0.23112E-009
    8395  0.23897E-009
    8396  0.24741E-009
    8397  0.25627E-009
    8398  0.26545E-009
    8399  0.27481E-009
    8400  0.28429E-009
    8401  0.29383E-009
    8402  0.30339E-009
    8403  0.31293E-009
    8404  0.32245E-009
    8405  0.33194E-009
    8406  0.34138E-009
    8407  0.35078E-009
    8408  0.36014E-009
    8409  0.36945E-009
    8410  0.37871E-009
    8411  0.38792E-009
    8412  0.39709E-009
    8413  0.40621E-009
    8414  0.41529E-009
    8415  0.42432E-009
    8416  0.43331E-009
    8417  0.44226E-009
    8418  0.45116E-009
    8419  0.46002E-009
    8420  0.46883E-009
    8421  0.47761E-009
    8422  0.48635E-009
    8423  0.49505E-009
    8424  0.18793E-009
    8425  0.19681E-009
    8426  0.21028E-009
    8427  0.22686E-009
    8428  0.24522E-009
    8429  0.26440E-009
    8430  0.28382E-009
    8431  0.30321E-009
    8432  0.32246E-009
    8433  0.34152E-009
    8434  0.36039E-009
    8435  0.37907E-009
    8436  0.39756E-009
    8437  0.41587E-009
    8438  0.43399E-009
    8439  0.45193E-009
    8440  0.46970E-009
    8441  0.16536E-009
    8442  0.16771E-009
    8443  0.17156E-009
    8444  0.17674E-009
    8445  0.18310E-009
    8446  0.19044E-009
    8447  0.19856E-009
    8448  0.20730E-009
    8449  0.21647E-009
    8450  0.22596E-009
    8451  0.23564E-009
    8452  0.24545E-009
    8453  0.25530E-009
    8454  0.26519E-009
    8455  0.27505E-009
    8456  0.28489E-009
    8457  0.29469E-009
    8458  0.30444E-009
    8459  0.31415E-009
    8460  0.32380E-009
    8461  0.33341E-009
    8462  0.34296E-009
    8463  0.35247E-009
    8464  0.36193E-009
    8465  0.37133E-009
    8466  0.38069E-009
    8467  0.39000E-009
    8468  0.39927E-009
    8469  0.40848E-009
    8470  0.41765E-009
    8471  0.42678E-009
    8472  0.43585E-009
    8473  0.44489E-009
    8474  0.45388E-009
    8475  0.46282E-009
    8476  0.14852E-009
    8477  0.15770E-009
    8478  0.17161E-009
    8479  0.18874E-009
    8480  0.20769E-009
    8481  0.22748E-009
    8482  0.24752E-009
    8483  0.26752E-009
    8484  0.28736E-009
    8485  0.30701E-009
    8486  0.32644E-009
    8487  0.34568E-009
    8488  0.36471E-009
    8489  0.38354E-009
    8490  0.40218E-009
    8491  0.42063E-009
    8492  0.43890E-009
    8493  0.12798E-009
    8494  0.13041E-009
    8495  0.13438E-009
    8496  0.13972E-009
    8497  0.14628E-009
    8498  0.15384E-009
    8499  0.16221E-009
    8500  0.17122E-009
    8501  0.18067E-009
    8502  0.19045E-009
    8503  0.20042E-009
    8504  0.21053E-009
    8505  0.22068E-009
    8506  0.23085E-009
    8507  0.24100E-009
    8508  0.25113E-009
    8509  0.26121E-009
    8510  0.27125E-009
    8511  0.28123E-009
    8512  0.29116E-009
    8513  0.30104E-009
    8514  0.31086E-009
    8515  0.32063E-009
    8516  0.33035E-009
    8517  0.34002E-009
    8518  0.34963E-009
    8519  0.35919E-009
    8520  0.36871E-009
    8521  0.37817E-009
    8522  0.38758E-009
    8523  0.39695E-009
    8524  0.40627E-009
    8525  0.41554E-009
    8526  0.42477E-009
    8527  0.43396E-009
    8528  0.11340E-009
    8529  0.12284E-009
    8530  0.13716E-009
    8531  0.15477E-009
    8532  0.17426E-009
    8533  0.19461E-009
    8534  0.21520E-009
    8535  0.23575E-009
    8536  0.25613E-009
    8537  0.27630E-009
    8538  0.29624E-009
    8539  0.31597E-009
    8540  0.33549E-009
    8541  0.35479E-009
    8542  0.37389E-009
    8543  0.39279E-009
    8544  0.41150E-009
    8545  0.95029E-010
    8546  0.97520E-010
    8547  0.10160E-009
    8548  0.10708E-009
    8549  0.11382E-009
    8550  0.12158E-009
    8551  0.13018E-009
    8552  0.13942E-009
    8553  0.14912E-009
    8554  0.15916E-009
    8555  0.16939E-009
    8556  0.17976E-009
    8557  0.19017E-009
    8558  0.20060E-009
    8559  0.21102E-009
    8560  0.22140E-009
    8561  0.23174E-009
    8562  0.24202E-009
    8563  0.25225E-009
    8564  0.26243E-009
    8565  0.27255E-009
    8566  0.28261E-009
    8567  0.29262E-009
    8568  0.30257E-009
    8569  0.31246E-009
    8570  0.32230E-009
    8571  0.33209E-009
    8572  0.34182E-009
    8573  0.35150E-009
    8574  0.36113E-009
    8575  0.37071E-009
    8576  0.38024E-009
    8577  0.38971E-009
    8578  0.39915E-009
    8579  0.40852E-009
    8580  0.82802E-010
    8581  0.92479E-010
    8582  0.10715E-009
    8583  0.12519E-009
    8584  0.14516E-009
    8585  0.16599E-009
    8586  0.18708E-009
    8587  0.20811E-009
    8588  0.22896E-009
    8589  0.24958E-009
    8590  0.26998E-009
    8591  0.29015E-009
    8592  0.31009E-009
    8593  0.32981E-009
    8594  0.34932E-009
    8595  0.36862E-009
    8596  0.38771E-009
    8597  0.66725E-010
    8598  0.69272E-010
    8599  0.73446E-010
    8600  0.79053E-010
    8601  0.85938E-010
    8602  0.93879E-010
    8603  0.10267E-009
    8604  0.11212E-009
    8605  0.12203E-009
    8606  0.13229E-009
    8607  0.14275E-009
    8608  0.15335E-009
    8609  0.16399E-009
    8610  0.17465E-009
    8611  0.18528E-009
    8612  0.19589E-009
    8613  0.20645E-009
    8614  0.21695E-009
    8615  0.22739E-009
    8616  0.23778E-009
    8617  0.24811E-009
    8618  0.25838E-009
    8619  0.26859E-009
    8620  0.27874E-009
    8621  0.28884E-009
    8622  0.29887E-009
    8623  0.30885E-009
    8624  0.31878E-009
    8625  0.32865E-009
    8626  0.33847E-009
    8627  0.34823E-009
    8628  0.35794E-009
    8629  0.36759E-009
    8630  0.37721E-009
    8631  0.38677E-009
    8632  0.56954E-010
    8633  0.66830E-010
    8634  0.81799E-010
    8635  0.10021E-009
    8636  0.12058E-009
    8637  0.14183E-009
    8638  0.16333E-009
    8639  0.18477E-009
    8640  0.20602E-009
    8641  0.22704E-009
    8642  0.24782E-009
    8643  0.26836E-009
    8644  0.28867E-009
    8645  0.30874E-009
    8646  0.32859E-009
    8647  0.34822E-009
    8648  0.36764E-009
    8649  0.43275E-010
    8650  0.45869E-010
    8651  0.50121E-010
    8652  0.55832E-010
    8653  0.62844E-010
    8654  0.70931E-010
    8655  0.79881E-010
    8656  0.89505E-010
    8657  0.99602E-010
    8658  0.11005E-009
    8659  0.12070E-009
    8660  0.13148E-009
    8661  0.14231E-009
    8662  0.15316E-009
    8663  0.16398E-009
    8664  0.17477E-009
    8665  0.18551E-009
    8666  0.19620E-009
    8667  0.20682E-009
    8668  0.21739E-009
    8669  0.22789E-009
    8670  0.23833E-009
    8671  0.24871E-009
    8672  0.25903E-009
    8673  0.26929E-009
    8674  0.27949E-009
    8675  0.28963E-009
    8676  0.29972E-009
    8677  0.30975E-009
    8678  0.31972E-009
    8679  0.32963E-009
    8680  0.33949E-009
    8681  0.34930E-009
    8682  0.35906E-009
    8683  0.36875E-009
    8684  0.36041E-010
    8685  0.46080E-010
    8686  0.61294E-010
    8687  0.80009E-010
    8688  0.10071E-009
    8689  0.12230E-009
    8690  0.14414E-009
    8691  0.16591E-009
    8692  0.18749E-009
    8693  0.20883E-009
    8694  0.22992E-009
    8695  0.25076E-009
    8696  0.27136E-009
    8697  0.29172E-009
    8698  0.31185E-009
    8699  0.33176E-009
    8700  0.35145E-009
    8701  0.24852E-010
    8702  0.27484E-010
    8703  0.31797E-010
    8704  0.37590E-010
    8705  0.44703E-010
    8706  0.52906E-010
    8707  0.61984E-010
    8708  0.71744E-010
    8709  0.81984E-010
    8710  0.92577E-010
    8711  0.10337E-009
    8712  0.11431E-009
    8713  0.12529E-009
    8714  0.13629E-009
    8715  0.14726E-009
    8716  0.15820E-009
    8717  0.16908E-009
    8718  0.17991E-009
    8719  0.19067E-009
    8720  0.20138E-009
    8721  0.21202E-009
    8722  0.22260E-009
    8723  0.23311E-009
    8724  0.24356E-009
    8725  0.25395E-009
    8726  0.26429E-009
    8727  0.27456E-009
    8728  0.28477E-009
    8729  0.29492E-009
    8730  0.30501E-009
    8731  0.31505E-009
    8732  0.32503E-009
    8733  0.33496E-009
    8734  0.34484E-009
    8735  0.35466E-009
    8736  0.20218E-010
    8737  0.30381E-010
    8738  0.45782E-010
    8739  0.64725E-010
    8740  0.85674E-010
    8741  0.10752E-009
    8742  0.12962E-009
    8743  0.15165E-009
    8744  0.17347E-009
    8745  0.19505E-009
    8746  0.21638E-009
    8747  0.23745E-009
    8748  0.25828E-009
    8749  0.27886E-009
    8750  0.29921E-009
    8751  0.31932E-009
    8752  0.33921E-009
    8753  0.11594E-010
    8754  0.14253E-010
    8755  0.18610E-010
    8756  0.24463E-010
    8757  0.31648E-010
    8758  0.39935E-010
    8759  0.49105E-010
    8760  0.58965E-010
    8761  0.69308E-010
    8762  0.80007E-010
    8763  0.90911E-010
    8764  0.10195E-009
    8765  0.11304E-009
    8766  0.12415E-009
    8767  0.13523E-009
    8768  0.14627E-009
    8769  0.15726E-009
    8770  0.16819E-009
    8771  0.17906E-009
    8772  0.18986E-009
    8773  0.20060E-009
    8774  0.21128E-009
    8775  0.22189E-009
    8776  0.23244E-009
    8777  0.24293E-009
    8778  0.25335E-009
    8779  0.26371E-009
    8780  0.27401E-009
    8781  0.28426E-009
    8782  0.29444E-009
    8783  0.30456E-009
    8784  0.31463E-009
    8785  0.32464E-009
    8786  0.33459E-009
    8787  0.34449E-009
    8788  0.96029E-011
    8789  0.19849E-010
    8790  0.35376E-010
    8791  0.54473E-010
    8792  0.75590E-010
    8793  0.97613E-010
    8794  0.11988E-009
    8795  0.14208E-009
    8796  0.16408E-009
    8797  0.18582E-009
    8798  0.20730E-009
    8799  0.22853E-009
    8800  0.24951E-009
    8801  0.27024E-009
    8802  0.29072E-009
    8803  0.31097E-009
    8804  0.33100E-009
    8805  0.35992E-011
    8806  0.62745E-011
    8807  0.10659E-010
    8808  0.16547E-010
    8809  0.23776E-010
    8810  0.32114E-010
    8811  0.41340E-010
    8812  0.51259E-010
    8813  0.61665E-010
    8814  0.72429E-010
    8815  0.83398E-010
    8816  0.94506E-010
    8817  0.10566E-009
    8818  0.11683E-009
    8819  0.12798E-009
    8820  0.13908E-009
    8821  0.15014E-009
    8822  0.16113E-009
    8823  0.17206E-009
    8824  0.18292E-009
    8825  0.19372E-009
    8826  0.20446E-009
    8827  0.21513E-009
    8828  0.22573E-009
    8829  0.23628E-009
    8830  0.24676E-009
    8831  0.25717E-009
    8832  0.26753E-009
    8833  0.27783E-009
    8834  0.28806E-009
    8835  0.29824E-009
    8836  0.30836E-009
    8837  0.31841E-009
    8838  0.32841E-009
    8839  0.33837E-009
    8840  0.42756E-011
    8841  0.14564E-010
    8842  0.30154E-010
    8843  0.49328E-010
    8844  0.70530E-010
    8845  0.92640E-010
    8846  0.11500E-009
    8847  0.13728E-009
    8848  0.15936E-009
    8849  0.18118E-009
    8850  0.20275E-009
    8851  0.22405E-009
    8852  0.24511E-009
    8853  0.26591E-009
    8854  0.28646E-009
    8855  0.30678E-009
    8856  0.32687E-009
