#Spectral Fluence [J/eV/mm^2] (C-aligned, inner loop is vs Photon Energy, outer loop vs Vertical Position)
#0 #Initial Photon Energy [eV]
#0 #Final Photon Energy [eV]
#1 #Number of points vs Photon Energy
#-0.002 #Initial Horizontal Position [m]
#0.002 #Final Horizontal Position [m]
#80 #Number of points vs Horizontal Position
#-0.002 #Initial Vertical Position [m]
#0.002 #Final Vertical Position [m]
#80 #Number of points vs Vertical Position
 0.0
 0.0
 0.0
 0.0
 0.0
 0.0
 0.0
 0.0
 0.0
 0.0
 0.0
 0.0
 0.0
 0.0
 0.0
 0.0
 0.0
 0.0
 0.0
 0.0
 0.0
 0.0
 0.0
 0.0
 0.0
 0.0
 0.0
 0.0
 0.0
 0.0
 0.0
 0.0
 0.0
 0.0
 0.0
 0.0
 0.0
 0.0
 0.0
 0.0
 0.0
 0.0
 0.0
 0.0
 0.0
 0.0
 0.0
 0.0
 0.0
 0.0
 0.0
 0.0
 0.0
 0.0
 0.0
 0.0
 0.0
 0.0
 0.0
 0.0
 0.0
 0.0
 0.0
 0.0
 0.0
 0.0
 0.0
 0.0
 0.0
 0.0
 0.0
 0.0
 0.0
 0.0
 0.0
 0.0
 0.0
 0.0
 0.0
 0.0
 0.0
 0.0
 0.0
 0.0
 0.0
 0.0
 0.0
 0.0
 0.0
 0.0
 0.0
 0.0
 0.0
 0.0
 0.0
 0.0
 0.0
 0.0
 0.0
 0.0
 0.0
 0.0
 0.0
 0.0
 0.0
 0.0
 0.0
 0.0
 0.0
 0.0
 0.0
 0.0
 0.0
 0.0
 0.0
 0.0
 0.0
 0.0
 0.0
 0.0
 0.0
 0.0
 0.0
 0.0
 0.0
 0.0
 0.0
 0.0
 0.0
 0.0
 0.0
 0.0
 0.0
 0.0
 0.0
 0.0
 0.0
 0.0
 0.0
 0.0
 0.0
 0.0
 0.0
 0.0
 0.0
 0.0
 0.0
 0.0
 0.0
 0.0
 0.0
 0.0
 0.0
 0.0
 0.0
 0.0
 0.0
 0.0
 0.0
 0.0
 0.0
 0.0
 0.0
 0.0
 0.0
 0.0
 0.0
 0.0
 0.0
 0.0
 0.0
 0.0
 0.0
 0.0
 0.0
 0.0
 0.0
 0.0
 0.0
 0.0
 0.0
 0.0
 0.0
 0.0
 0.0
 0.0
 0.0
 0.0
 0.0
 0.0
 0.0
 0.0
 0.0
 0.0
 0.0
 0.0
 0.0
 0.0
 0.0
 0.0
 0.0
 0.0
 0.0
 0.0
 0.0
 0.0
 0.0
 0.0
 0.0
 0.0
 0.0
 0.0
 0.0
 0.0
 0.0
 0.0
 0.0
 0.0
 0.0
 0.0
 0.0
 0.0
 0.0
 0.0
 0.0
 0.0
 0.0
 0.0
 0.0
 0.0
 0.0
 0.0
 0.0
 0.0
 0.0
 0.0
 0.0
 0.0
 0.0
 0.0
 0.0
 0.0
 0.0
 0.0
 0.0
 0.0
 0.0
 0.0
 0.0
 0.0
 0.0
 0.0
 0.0
 0.0
 0.0
 0.0
 0.0
 0.0
 0.0
 0.0
 0.0
 0.0
 0.0
 0.0
 0.0
 0.0
 0.0
 0.0
 0.0
 0.0
 0.0
 0.0
 0.0
 0.0
 0.0
 0.0
 0.0
 0.0
 0.0
 0.0
 0.0
 0.0
 0.0
 0.0
 0.0
 0.0
 0.0
 0.0
 0.0
 0.0
 0.0
 0.0
 0.0
 0.0
 0.0
 0.0
 0.0
 0.0
 0.0
 0.0
 0.0
 0.0
 0.0
 0.0
 0.0
 0.0
 0.0
 0.0
 0.0
 0.0
 0.0
 0.0
 0.0
 0.0
 0.0
 0.0
 0.0
 0.0
 0.0
 0.0
 0.0
 0.0
 0.0
 0.0
 0.0
 0.0
 0.0
 0.0
 0.0
 0.0
 0.0
 0.0
 0.0
 0.0
 0.0
 0.0
 0.0
 0.0
 0.0
 0.0
 0.0
 0.0
 0.0
 0.0
 0.0
 0.0
 0.0
 0.0
 0.0
 0.0
 0.0
 0.0
 0.0
 0.0
 0.0
 0.0
 0.0
 0.0
 0.0
 0.0
 0.0
 0.0
 0.0
 0.0
 0.0
 0.0
 0.0
 0.0
 0.0
 0.0
 0.0
 0.0
 0.0
 0.0
 0.0
 0.0
 0.0
 0.0
 0.0
 0.0
 0.0
 0.0
 0.0
 0.0
 0.0
 0.0
 0.0
 0.0
 0.0
 0.0
 0.0
 0.0
 0.0
 0.0
 0.0
 0.0
 0.0
 0.0
 0.0
 0.0
 0.0
 0.0
 0.0
 0.0
 0.0
 0.0
 0.0
 0.0
 0.0
 0.0
 0.0
 0.0
 0.0
 0.0
 0.0
 0.0
 0.0
 0.0
 0.0
 0.0
 0.0
 0.0
 0.0
 0.0
 0.0
 0.0
 0.0
 0.0
 0.0
 0.0
 0.0
 0.0
 0.0
 0.0
 0.0
 0.0
 0.0
 0.0
 0.0
 0.0
 0.0
 0.0
 0.0
 0.0
 0.0
 0.0
 0.0
 0.0
 0.0
 0.0
 0.0
 0.0
 0.0
 0.0
 0.0
 0.0
 0.0
 0.0
 0.0
 0.0
 0.0
 0.0
 0.0
 0.0
 0.0
 0.0
 0.0
 0.0
 0.0
 0.0
 0.0
 0.0
 0.0
 0.0
 0.0
 0.0
 0.0
 0.0
 0.0
 0.0
 0.0
 0.0
 0.0
 0.0
 0.0
 0.0
 0.0
 0.0
 0.0
 0.0
 0.0
 0.0
 0.0
 0.0
 0.0
 0.0
 0.0
 0.0
 0.0
 0.0
 0.0
 0.0
 0.0
 0.0
 0.0
 0.0
 0.0
 0.0
 0.0
 0.0
 0.0
 0.0
 0.0
 0.0
 0.0
 0.0
 0.0
 0.0
 0.0
 0.0
 0.0
 0.0
 0.0
 0.0
 0.0
 0.0
 0.0
 0.0
 0.0
 0.0
 0.0
 0.0
 0.0
 0.0
 0.0
 0.0
 0.0
 0.0
 0.0
 0.0
 0.0
 0.0
 0.0
 0.0
 0.0
 0.0
 0.0
 0.0
 0.0
 0.0
 0.0
 0.0
 0.0
 0.0
 0.0
 0.0
 0.0
 0.0
 0.0
 0.0
 0.0
 0.0
 0.0
 0.0
 0.0
 0.0
 0.0
 0.0
 0.0
 0.0
 0.0
 0.0
 0.0
 0.0
 0.0
 0.0
 0.0
 0.0
 0.0
 0.0
 0.0
 0.0
 0.0
 0.0
 0.0
 0.0
 0.0
 0.0
 0.0
 0.0
 0.0
 0.0
 0.0
 0.0
 0.0
 0.0
 0.0
 0.0
 0.0
 0.0
 0.0
 0.0
 0.0
 0.0
 0.0
 0.0
 0.0
 0.0
 0.0
 0.0
 0.0
 0.0
 0.0
 0.0
 0.0
 0.0
 0.0
 0.0
 0.0
 0.0
 0.0
 0.0
 0.0
 0.0
 0.0
 0.0
 0.0
 0.0
 0.0
 0.0
 0.0
 0.0
 0.0
 0.0
 0.0
 0.0
 0.0
 0.0
 0.0
 0.0
 0.0
 0.0
 0.0
 0.0
 0.0
 0.0
 0.0
 0.0
 0.0
 0.0
 0.0
 0.0
 0.0
 0.0
 0.0
 0.0
 0.0
 0.0
 0.0
 0.0
 0.0
 0.0
 0.0
 0.0
 0.0
 0.0
 0.0
 0.0
 0.0
 0.0
 0.0
 0.0
 0.0
 0.0
 0.0
 0.0
 0.0
 0.0
 0.0
 0.0
 0.0
 0.0
 0.0
 0.0
 0.0
 0.0
 0.0
 0.0
 0.0
 0.0
 0.0
 0.0
 0.0
 0.0
 0.0
 0.0
 0.0
 0.0
 0.0
 0.0
 0.0
 0.0
 0.0
 0.0
 0.0
 0.0
 0.0
 0.0
 0.0
 0.0
 0.0
 0.0
 0.0
 0.0
 0.0
 0.0
 0.0
 0.0
 0.0
 0.0
 0.0
 0.0
 0.0
 0.0
 0.0
 0.0
 0.0
 0.0
 0.0
 0.0
 0.0
 0.0
 0.0
 0.0
 0.0
 0.0
 0.0
 0.0
 0.0
 0.0
 0.0
 0.0
 0.0
 0.0
 0.0
 0.0
 0.0
 0.0
 0.0
 0.0
 0.0
 0.0
 0.0
 0.0
 0.0
 0.0
 0.0
 0.0
 0.0
 0.0
 0.0
 0.0
 0.0
 0.0
 0.0
 0.0
 0.0
 0.0
 0.0
 0.0
 0.0
 0.0
 0.0
 0.0
 0.0
 0.0
 0.0
 0.0
 0.0
 0.0
 0.0
 0.0
 0.0
 0.0
 0.0
 0.0
 0.0
 0.0
 0.0
 0.0
 0.0
 0.0
 0.0
 0.0
 0.0
 0.0
 0.0
 0.0
 0.0
 0.0
 2.4152894020080566
 0.4390241801738739
 1.9933693408966064
 0.33298853039741516
 0.1795581728219986
 0.430690199136734
 2.0785021781921387
 0.9187209606170654
 1.896783709526062
 0.6414223313331604
 332588.5
 716253.875
 1523276.0
 3147932.0
 6334027.0
 12420735.0
 23694870.0
 44003744.0
 79585712.0
 140049536.0
 239935984.0
 400147136.0
 649652992.0
 1026469312.0
 1579098368.0
 2364512256.0
 3446720000.0
 4891120640.0
 6755916288.0
 9084323840.0
 11889789952.0
 15149445120.0
 18789572608.0
 22685702144.0
 26661019648.0
 30502270976.0
 33969397760.0
 36825575424.0
 38865215488.0
 39923916800.0
 39923605504.0
 38864375808.0
 36826976256.0
 33969782784.0
 30502154240.0
 26661859328.0
 22685061120.0
 18789335040.0
 15149317120.0
 11889918976.0
 9084030976.0
 6755772416.0
 4891125760.0
 3446820608.0
 2364683776.0
 1579186688.0
 1026548416.0
 649579904.0
 400101408.0
 239962304.0
 140030848.0
 79575800.0
 44012560.0
 23697788.0
 12418629.0
 6338909.0
 3144702.25
 1522637.875
 715545.9375
 333044.8125
 2.342397928237915
 2.2865641117095947
 0.7722734212875366
 0.8193399906158447
 0.9232468605041504
 2.845332384109497
 1.2534334659576416
 0.6405335664749146
 2.2580857276916504
 0.8392034769058228
 5.7865424156188965
 2.525562047958374
 6.506780624389648
 3.703207492828369
 3.5112345218658447
 4.2437615394592285
 2.466728448867798
 3.541046619415283
 2.4331352710723877
 1.350713849067688
 727131.125
 1567933.5
 3335830.25
 6896282.0
 13878384.0
 27197342.0
 51904564.0
 96378544.0
 174293584.0
 306695520.0
 525510208.0
 876355328.0
 1422675712.0
 2248043008.0
 3458335232.0
 5178633216.0
 7548489728.0
 10711699456.0
 14795743232.0
 19895674880.0
 26039343104.0
 33178220544.0
 41150128128.0
 49683415040.0
 58390724608.0
 66803531776.0
 74398113792.0
 80653623296.0
 85117755392.0
 87435886592.0
 87435632640.0
 85116076032.0
 80654761984.0
 74398695424.0
 66803240960.0
 58392047616.0
 49682886656.0
 41149390848.0
 33178435584.0
 26039523328.0
 19894937600.0
 14795815936.0
 10711862272.0
 7548712448.0
 5178735616.0
 3458358016.0
 2248083968.0
 1422605824.0
 876278912.0
 525558240.0
 306659072.0
 174307936.0
 96381648.0
 51913820.0
 27182322.0
 13888479.0
 6896766.5
 3333511.75
 1565696.25
 725653.5
 2.064013719558716
 10.550302505493164
 1.991365671157837
 2.6847305297851562
 3.848963499069214
 1.2707587480545044
 4.917032241821289
 6.462981224060059
 3.6161937713623047
 5.8116631507873535
 3.858689308166504
 0.8637857437133789
 3.083332061767578
 1.0103769302368164
 1.1761226654052734
 1.8921310901641846
 2.302778959274292
 1.6556036472320557
 1.8527261018753052
 0.7313527464866638
 1546146.75
 3334856.0
 7087875.5
 14644113.0
 29477134.0
 57810760.0
 110295824.0
 204802528.0
 370340608.0
 651690304.0
 1116471168.0
 1862104192.0
 3023025920.0
 4776930816.0
 7348279808.0
 11003553792.0
 16039928832.0
 22760984576.0
 31438270464.0
 42273382400.0
 55327551488.0
 70497050624.0
 87433814016.0
 105566502912.0
 124065816576.0
 141945995264.0
 158080614400.0
 171373084672.0
 180855062528.0
 185785171968.0
 185785270272.0
 180852883456.0
 171376345088.0
 158081171456.0
 141944471552.0
 124066963456.0
 105565102080.0
 87434461184.0
 70497165312.0
 55328890880.0
 42272309248.0
 31438200832.0
 22760431616.0
 16039916544.0
 11003758592.0
 7348416512.0
 4776685568.0
 3022822400.0
 1861956480.0
 1116608384.0
 651628800.0
 370396672.0
 204787472.0
 110296632.0
 57777480.0
 29496132.0
 14651203.0
 7081135.0
 3331921.0
 1543654.25
 2.4304146766662598
 7.4211649894714355
 0.762312114238739
 0.8828666806221008
 1.3054052591323853
 1.2044546604156494
 1.936804175376892
 2.2267141342163086
 2.6198570728302
 1.4252407550811768
 3.6562540531158447
 2.3848001956939697
 6.2038373947143555
 2.7098548412323
 2.9733221530914307
 3.6779167652130127
 5.101561069488525
 3.423259973526001
 3.692403793334961
 3.648256301879883
 3192887.0
 6893316.5
 14648154.0
 30285720.0
 60992512.0
 119565624.0
 228142384.0
 423617248.0
 765977984.0
 1347843456.0
 2309380864.0
 3851281920.0
 6252357120.0
 9880126464.0
 15198998528.0
 22759360512.0
 33176133632.0
 47076401152.0
 65024327680.0
 87432830976.0
 114437799936.0
 145811636224.0
 180842496000.0
 218344865792.0
 256613498880.0
 293582897152.0
 326955008000.0
 354452537344.0
 374067494912.0
 384267485184.0
 384267681792.0
 374063824896.0
 354451980288.0
 326957891584.0
 293581979648.0
 256614596608.0
 218345078784.0
 180845330432.0
 145811619840.0
 114437160960.0
 87433568256.0
 65024462848.0
 47075360768.0
 33175599104.0
 22759264256.0
 15198857216.0
 9879808000.0
 6252177408.0
 3851129856.0
 2309494016.0
 1347805312.0
 766076928.0
 423577568.0
 228127184.0
 119529672.0
 60998232.0
 30306810.0
 14643596.0
 6896633.0
 3191048.5
 2.802222490310669
 4.576588153839111
 0.8968208432197571
 0.9804006814956665
 1.3553427457809448
 1.6745851039886475
 1.7748196125030518
 2.077310562133789
 4.349089622497559
 1.600909948348999
 4.148868083953857
 2.356051445007324
 1.2942030429840088
 0.6451180577278137
 0.14449474215507507
 0.7731406688690186
 3.4829301834106445
 0.6294046640396118
 2.2396132946014404
 4.628705024719238
 6429801.5
 13881444.0
 29483742.0
 60997960.0
 122841344.0
 240726160.0
 459352992.0
 852986240.0
 1542390144.0
 2713960192.0
 4650478592.0
 7754404864.0
 12589667328.0
 19894253568.0
 30604800000.0
 45828734976.0
 66803740672.0
 94792187904.0
 130934300672.0
 176055959552.0
 230432129024.0
 293605376000.0
 364153307136.0
 439659134976.0
 516720656384.0
 591170502656.0
 658369806336.0
 713742221312.0
 753204920320.0
 773764349952.0
 773768609792.0
 753209966592.0
 713743859712.0
 658368102400.0
 591167750144.0
 516718624768.0
 439659528192.0
 364153864192.0
 293605081088.0
 230432604160.0
 176057303040.0
 130934382592.0
 94793080832.0
 66804060160.0
 45828620288.0
 30604728320.0
 19894603776.0
 12589811712.0
 7754535424.0
 4650305024.0
 2714139648.0
 1542273920.0
 853030848.0
 459307104.0
 240757952.0
 122830760.0
 61002320.0
 29482360.0
 13881417.0
 6429233.0
 2.738736152648926
 3.012747287750244
 1.2886642217636108
 1.0947723388671875
 1.2933858633041382
 2.9120407104492188
 1.5646164417266846
 0.9099434614181519
 4.9905877113342285
 1.097732663154602
 1.473503828048706
 5.998141288757324
 5.61707878112793
 2.399846315383911
 1.9663028717041016
 2.9223077297210693
 9.614837646484375
 2.9942102432250977
 4.276895999908447
 6.531055450439453
 12613388.0
 27210292.0
 57810252.0
 119577736.0
 240707472.0
 471712992.0
 900178240.0
 1671551488.0
 3022782976.0
 5318825984.0
 9113650176.0
 15197408256.0
 24673347584.0
 38988161024.0
 59977871360.0
 89813237760.0
 130919563264.0
 185773015040.0
 256602685440.0
 345032065024.0
 451601268736.0
 575404244992.0
 713656172544.0
 861637312512.0
 1012665942016.0
 1158541082624.0
 1290252976128.0
 1398742974464.0
 1476151345152.0
 1516412338176.0
 1516417318912.0
 1476157505536.0
 1398743629824.0
 1290252320768.0
 1158542393344.0
 1012669087744.0
 861635411968.0
 713655582720.0
 575403851776.0
 451605495808.0
 345031147520.0
 256600735744.0
 185773555712.0
 130921750528.0
 89814638592.0
 59979247616.0
 38989156352.0
 24673089536.0
 15196904448.0
 9113843712.0
 5318988800.0
 3022518272.0
 1671768704.0
 900188096.0
 471753024.0
 240758160.0
 119540760.0
 57796728.0
 27188618.0
 12609201.0
 6.252892971038818
 7.0144548416137695
 0.596768319606781
 0.5292505025863647
 0.5863778591156006
 0.17998233437538147
 1.272400140762329
 1.0781749486923218
 2.740398645401001
 0.8695068359375
 2.5694780349731445
 1.5221498012542725
 2.905439615249634
 0.9520912170410156
 0.5246313810348511
 1.515507698059082
 5.090374946594238
 0.8914631605148315
 1.501954436302185
 8.85347843170166
 24054626.0
 51912688.0
 110293096.0
 228096464.0
 459321792.0
 900274240.0
 1717755392.0
 3189869056.0
 5767804416.0
 10149571584.0
 17390192640.0
 28999290880.0
 47080685568.0
 74397753344.0
 114449899520.0
 171380473856.0
 249818873856.0
 354488713216.0
 489643147264.0
 658376491008.0
 861722968064.0
 1097965895680.0
 1361776214016.0
 1644138070016.0
 1932322930688.0
 2210724052992.0
 2462039408640.0
 2669114556416.0
 2816724434944.0
 2893601570816.0
 2893599473664.0
 2816716570624.0
 2669111672832.0
 2462037573632.0
 2210722480128.0
 1932324765696.0
 1644136366080.0
 1361777524736.0
 1097963995136.0
 861724999680.0
 658379374592.0
 489641869312.0
 354485960704.0
 249817088000.0
 171380375552.0
 114449817600.0
 74397122560.0
 47080579072.0
 28998895616.0
 17390270464.0
 10149420032.0
 5768117248.0
 3189729792.0
 1717725056.0
 900161792.0
 459313664.0
 228125776.0
 110282688.0
 51925044.0
 24052706.0
 11.37385368347168
 2.8927788734436035
 1.1955931186676025
 0.892086923122406
 0.8014968037605286
 0.8589079976081848
 1.2945935726165771
 1.2284327745437622
 2.0394768714904785
 2.2091522216796875
 4.467696666717529
 1.486240267753601
 8.761835098266602
 3.797990322113037
 3.0673067569732666
 5.1201276779174805
 2.347456455230713
 3.476290702819824
 3.6118264198303223
 20.734169006347656
 44666068.0
 96392584.0
 204773200.0
 423637408.0
 853002240.0
 1671618944.0
 3189776896.0
 5923325952.0
 10710817792.0
 18847064064.0
 32293818368.0
 53850034176.0
 87427784704.0
 138154082304.0
 212530282496.0
 318253203456.0
 463907782656.0
 658275106816.0
 909250396160.0
 1222590464000.0
 1600228163584.0
 2038907273216.0
 2528829767680.0
 3053185662976.0
 3588381474816.0
 4105223012352.0
 4572002648064.0
 4956476669952.0
 5230624243712.0
 5373208035328.0
 5373201219584.0
 5230652555264.0
 4956469854208.0
 4572007366656.0
 4105235070976.0
 3588370202624.0
 3053185138688.0
 2528834224128.0
 2038902161408.0
 1600223838208.0
 1222589546496.0
 909246332928.0
 658275500032.0
 463909093376.0
 318251925504.0
 212530479104.0
 138154541056.0
 87427997696.0
 53850456064.0
 32293519360.0
 18847444992.0
 10710376448.0
 5923538432.0
 3189730816.0
 1671809536.0
 852966400.0
 423571872.0
 204788624.0
 96391664.0
 44683608.0
 11.8804349899292
 5.9271416664123535
 0.8262003064155579
 2.9876067638397217
 1.9871621131896973
 0.31165289878845215
 2.928697347640991
 3.081191062927246
 6.335282325744629
 3.167015790939331
 2.6374988555908203
 2.0693857669830322
 10.583662986755371
 3.3194048404693604
 3.834970474243164
 6.503940582275391
 8.39565372467041
 5.855679035186768
 2.3714582920074463
 24.07370948791504
 80798704.0
 174332480.0
 370349280.0
 765912960.0
 1542286080.0
 3022948096.0
 5767787008.0
 10710940672.0
 19367411712.0
 34080665600.0
 58393182208.0
 97374543872.0
 158089330688.0
 249813827584.0
 384302481408.0
 575466110976.0
 838849462272.0
 1190310182912.0
 1644130336768.0
 2210724315136.0
 2893550190592.0
 3686792953856.0
 4572615540736.0
 5520799825920.0
 6488477138944.0
 7423135842304.0
 8267110547456.0
 8962120351744.0
 9458206900224.0
 9715995115520.0
 9715999309824.0
 9458207948800.0
 8962129788928.0
 8267101110272.0
 7423122735104.0
 6488493916160.0
 5520784097280.0
 4572624453632.0
 3686790856704.0
 2893555171328.0
 2210728247296.0
 1644125356032.0
 1190304153600.0
 838846119936.0
 575466110976.0
 384301760512.0
 249812025344.0
 158088036352.0
 97373380608.0
 58394243072.0
 34079789056.0
 19367938048.0
 10710748160.0
 5767892480.0
 3022533120.0
 1542398976.0
 766043840.0
 370313376.0
 174307744.0
 80756464.0
 40.14216232299805
 6.289078235626221
 0.5323827266693115
 2.4546868801116943
 1.287505030632019
 0.610318660736084
 1.1719335317611694
 1.0344927310943604
 5.5184407234191895
 1.755795955657959
 2.870779514312744
 1.5336835384368896
 2.622159719467163
 1.1741795539855957
 0.26329970359802246
 1.2958217859268188
 4.480396270751953
 1.7249538898468018
 2.9413394927978516
 57.973297119140625
 142133152.0
 306693632.0
 651623232.0
 1347959424.0
 2714105856.0
 5318664704.0
 10149392384.0
 18847191040.0
 34079954944.0
 59968294912.0
 102753779712.0
 171342331904.0
 278178922496.0
 439580327936.0
 676233216000.0
 1012617052160.0
 1476075716608.0
 2094508670976.0
 2893092487168.0
 3890100568064.0
 5091606659072.0
 6487412310016.0
 8045932838912.0
 9714320539648.0
 11416987762688.0
 13061994840064.0
 14546030821376.0
 15768136712192.0
 16643620077568.0
 17098477666304.0
 17098465083392.0
 16643637903360.0
 15768132517888.0
 14546008801280.0
 13062006374400.0
 11416976228352.0
 9714329976832.0
 8045941227520.0
 6487417028608.0
 5091609280512.0
 3890096111616.0
 2893091438592.0
 2094512603136.0
 1476082139136.0
 1012620197888.0
 676236558336.0
 439582687232.0
 278178824192.0
 171342135296.0
 102753861632.0
 59968647168.0
 34078926848.0
 18847676416.0
 10149325824.0
 5318999552.0
 2714158848.0
 1347834880.0
 651616832.0
 306673728.0
 142156768.0
 46.51976013183594
 7.821322441101074
 0.8415064215660095
 2.270326614379883
 0.5887103080749512
 0.5772519111633301
 0.8060123920440674
 0.3454172611236572
 4.128085613250732
 0.8153352737426758
 4.4735941886901855
 0.7404546141624451
 4.639619827270508
 2.1551167964935303
 0.6949185132980347
 3.3405494689941406
 1.5105977058410645
 1.8354015350341797
 4.334224700927734
 82.06269073486328
 243556704.0
 525588640.0
 1116552832.0
 2309454848.0
 4650222592.0
 9113899008.0
 17390790656.0
 32293353472.0
 58394353664.0
 102752067584.0
 176060841984.0
 293587615744.0
 476644540416.0
 753198825472.0
 1158687883264.0
 1735057735680.0
 2529167671296.0
 3588833148928.0
 4957148807168.0
 6665454223360.0
 8724118765568.0
 11115786403840.0
 13786400423936.0
 16644761976832.0
 19560925233152.0
 22377561849856.0
 24137951084544.0
 26938513031168.0
 28417915355136.0
 29242651836416.0
 29242651836416.0
 28417955201024.0
 26938494156800.0
 24137959473152.0
 22377534586880.0
 19560925233152.0
 16644767219712.0
 13786421395456.0
 11115781160960.0
 8724111425536.0
 6665464184832.0
 4957147234304.0
 3588833411072.0
 2529170030592.0
 1735060226048.0
 1158687227904.0
 753197842432.0
 476644540416.0
 293587025920.0
 176061480960.0
 102752854016.0
 58394271744.0
 32293558272.0
 17390231552.0
 9113565184.0
 4650432000.0
 2309561856.0
 1116414464.0
 525519136.0
 243483520.0
 81.07953643798828
 3.205341339111328
 4.2265625
 0.5549026131629944
 1.0647671222686768
 3.4262330532073975
 2.989856243133545
 1.161913514137268
 2.038304090499878
 2.4265332221984863
 3.2906432151794434
 1.3830251693725586
 2.9301486015319824
 3.09574818611145
 0.4538062810897827
 2.267024040222168
 4.060235023498535
 2.3339762687683105
 9.205909729003906
 136.49452209472656
 406136320.0
 876369216.0
 1861939456.0
 3851196416.0
 7754506240.0
 15197356032.0
 28999077888.0
 53850390528.0
 97374142464.0
 171343708160.0
 293585879040.0
 489567027200.0
 794820870144.0
 1255979614208.0
 1932142313472.0
 2893261570048.0
 4217463898112.0
 5984482230272.0
 8266286891008.0
 11114937057280.0
 14547146506240.0
 18535214481408.0
 22951466369024.0
 27637063876608.0
 32576207060992.0
 37294358659072.0
 41556115456000.0
 45072200499200.0
 47583862980608.0
 48888337661952.0
 48888358633472.0
 47583900729344.0
 45072179527680.0
 41556115456000.0
 37294358659072.0
 32576192380928.0
 27637051293696.0
 22951470563328.0
 18535210287104.0
 14547161186304.0
 11114940203008.0
 8266282696704.0
 5984474365952.0
 4217457606656.0
 2893260521472.0
 1932144410624.0
 1255976599552.0
 794818772992.0
 489562570752.0
 293587058688.0
 171342675968.0
 97374388224.0
 53850800128.0
 28999036928.0
 15196935168.0
 7754637312.0
 3851167744.0
 1861897216.0
 876399168.0
 406132192.0
 162.43734741210938
 7.908534526824951
 2.845466136932373
 0.2567162811756134
 0.8329172730445862
 0.9636601805686951
 2.471843719482422
 1.1465117931365967
 1.9871574640274048
 2.022247552871704
 5.731904029846191
 1.0001393556594849
 6.018190383911133
 4.020306587219238
 5.023749351501465
 6.4771199226379395
 3.75126314163208
 4.7121663093566895
 13.34521770477295
 244.3706817626953
 659332032.0
 1422744064.0
 3022842624.0
 6252626944.0
 12589845504.0
 24672587776.0
 47080439808.0
 87427686400.0
 158089166848.0
 278180298752.0
 476645261312.0
 794820935680.0
 1290409345024.0
 2039109779456.0
 3136878280704.0
 4697273925632.0
 6847142559744.0
 9715962609664.0
 13420427476992.0
 18045489643520.0
 23621709856768.0
 30029385826304.0
 37295524675584.0
 45077682454528.0
 53028631609344.0
 60717319323648.0
 67661719404544.0
 73388609503232.0
 77472771080192.0
 79599719415808.0
 79599719415808.0
 77472804634624.0
 73388609503232.0
 67661719404544.0
 60717310935040.0
 53028606443520.0
 45077653094400.0
 37295520481280.0
 30029362757632.0
 23621728731136.0
 18045472866304.0
 13420426428416.0
 9715963658240.0
 6847147802624.0
 4697279692800.0
 3136882737152.0
 2039115546624.0
 1290409607168.0
 794817265664.0
 476644704256.0
 278179938304.0
 158087544832.0
 87428456448.0
 47080673280.0
 24673277952.0
 12589773824.0
 6252375040.0
 3022848512.0
 1422763648.0
 659409856.0
 242.15219116210938
 17.29566764831543
 4.150285243988037
 2.1982741355895996
 2.2515981197357178
 1.699291706085205
 3.2148494720458984
 1.1979979276657104
 3.4503655433654785
 2.381141185760498
 2.323791980743408
 1.5786107778549194
 4.001941680908203
 2.4291927814483643
 3.209944486618042
 2.7705023288726807
 2.867351531982422
 4.374720096588135
 18.05636215209961
 399.8382568359375
 1041887744.0
 2248207872.0
 4776571392.0
 9880261632.0
 19894657024.0
 38988333056.0
 74396704768.0
 138154541056.0
 249812254720.0
 439581868032.0
 753199677440.0
 1255977517056.0
 2039113842688.0
 3222219259904.0
 4956930703360.0
 7422685478912.0
 10819999891456.0
 15352986599424.0
 21211014758400.0
 28450081472512.0
 37292471222272.0
 47584542457856.0
 59090105532416.0
 71423167037440.0
 84019131711488.0
 96201621897216.0
 107205705596928.0
 116280057135104.0
 122749829775360.0
 126120607350784.0
 126120573796352.0
 122749905272832.0
 116279964860416.0
 107205680431104.0
 96201663840256.0
 84019098157056.0
 71423183814656.0
 59090059395072.0
 47584542457856.0
 37292437667840.0
 28450066792448.0
 21211037827072.0
 15352986599424.0
 10820003037184.0
 7422684430336.0
 4956929654784.0
 3222219522048.0
 2039111745536.0
 1255979876352.0
 753200726016.0
 439581999104.0
 249811812352.0
 138154524672.0
 74397671424.0
 38988775424.0
 19894530048.0
 9880224768.0
 4776684032.0
 2248310528.0
 1041980288.0
 344.5797424316406
 22.797361373901367
 3.5726747512817383
 3.7007031440734863
 1.444838047027588
 1.7613799571990967
 1.8574389219284058
 1.3747292757034302
 6.519374370574951
 2.0468335151672363
 1.952232837677002
 2.45572566986084
 2.1955015659332275
 2.172694206237793
 2.8627567291259766
 2.378622055053711
 2.73482608795166
 6.831496715545654
 26.891294479370117
 611.0443115234375
 1602812928.0
 3458657792.0
 7348024832.0
 15199280128.0
 30604859392.0
 59978452992.0
 114449276928.0
 212530200576.0
 384301858816.0
 676233674752.0
 1158691422208.0
 1932141658112.0
 3136881164288.0
 4956929654784.0
 7625541943296.0
 11418764050432.0
 16645016780800.0
 23624203370496.0
 32572696428544.0
 43875209052160.0
 57516897599488.0
 73388525617152.0
 91133946363904.0
 110154158702592.0
 129581503741952.0
 148370081447936.0
 165340839411712.0
 179335789019136.0
 189314608660480.0
 194512810934272.0
 194512861265920.0
 189314726100992.0
 179335705133056.0
 165340822634496.0
 148370165334016.0
 129581453410304.0
 110154108370944.0
 91133963141120.0
 73388525617152.0
 57516868239360.0
 43875192274944.0
 32572683845632.0
 23624205467648.0
 16645020975104.0
 11418767196160.0
 7625536176128.0
 4956933849088.0
 3136882999296.0
 1932144279552.0
 1158688407552.0
 676235182080.0
 384300613632.0
 212530397184.0
 114449432576.0
 59979341824.0
 30604476416.0
 15199300608.0
 7348174336.0
 3458693376.0
 1602909568.0
 532.5015869140625
 32.969154357910156
 4.949916362762451
 7.534729480743408
 2.1872000694274902
 4.681804180145264
 3.045788049697876
 1.1735055446624756
 6.29799747467041
 1.8100179433822632
 2.0182173252105713
 2.2075860500335693
 5.4338836669921875
 2.7710118293762207
 3.6037752628326416
 2.542539358139038
 2.0019724369049072
 8.057978630065918
 41.648616790771484
 870.7001342773438
 2400173568.0
 5179133440.0
 11003280384.0
 22759804928.0
 45828378624.0
 89814106112.0
 171380899840.0
 318250090496.0
 575466831872.0
 1012614823936.0
 1735062061056.0
 2893263405056.0
 4697278119936.0
 7422684954624.0
 11418761953280.0
 17098731421696.0
 24340091371520.0
 35329826357248.0
 48893165305856.0
 65855631130624.0
 86331535392768.0
 110154175479808.0
 136790094643200.0
 165338188611584.0
 194498567077888.0
 222699808882688.0
 248172001624064.0
 269177629704192.0
 284156277817344.0
 291958387900416.0
 291958354345984.0
 284156412035072.0
 269177562595328.0
 248171917737984.0
 222699842437120.0
 194498567077888.0
 165338188611584.0
 136790044311552.0
 110154167091200.0
 86331535392768.0
 65855605964800.0
 48893144334336.0
 35329847328768.0
 24340097662976.0
 17098732470272.0
 11418760904704.0
 7422693343232.0
 4697277595648.0
 2893267861504.0
 1735062192128.0
 1012619083776.0
 575465127936.0
 318250254336.0
 171380883456.0
 89814466560.0
 45828382720.0
 22759950336.0
 11003322368.0
 5179167744.0
 2400126976.0
 819.9349365234375
 49.05402374267578
 7.105674743652344
 6.235913276672363
 2.1199989318847656
 4.243678569793701
 4.669647693634033
 1.1020236015319824
 4.220544338226318
 3.9710617065429688
 0.7699037790298462
 2.1722252368927
 2.5475873947143555
 2.393937587738037
 3.857408285140991
 1.9067438840866089
 4.3557281494140625
 13.770061492919922
 60.65188980102539
 1335.8280029296875
 3498656000.0
 7549521408.0
 16039420928.0
 33177188352.0
 66803564544.0
 130920022016.0
 249819103232.0
 463906570240.0
 838849527808.0
 1476078338048.0
 2529172914176.0
 4217463898112.0
 6847139938304.0
 10820000940032.0
 16645011537920.0
 24340091371520.0
 36300820316160.0
 51614807228416.0
 71430137970688.0
 96211713392640.0
 126125950894080.0
 160929673117696.0
 199843251224576.0
 241550789443584.0
 284152486166528.0
 325353067249664.0
 362566777831424.0
 393255124467712.0
 415137982840832.0
 426536456945664.0
 426536456945664.0
 415138083504128.0
 393254956695552.0
 362566710722560.0
 325353100804096.0
 284152318394368.0
 241550789443584.0
 199843284779008.0
 160929656340480.0
 126125900562432.0
 96211688226816.0
 71430121193472.0
 51614803034112.0
 36300841287680.0
 24340095565824.0
 16645014683648.0
 10820012474368.0
 6847150948352.0
 4217469140992.0
 2529167409152.0
 1476083056640.0
 838845267968.0
 463908143104.0
 249818431488.0
 130922438656.0
 66803245056.0
 33176549376.0
 16039447552.0
 7549697536.0
 3498811904.0
 1191.6588134765625
 72.85615539550781
 9.768760681152344
 11.154983520507812
 4.658019542694092
 2.9866554737091064
 4.082961082458496
 1.0517505407333374
 4.419606685638428
 3.2806925773620605
 5.79420280456543
 3.0138025283813477
 2.9939517974853516
 7.252958297729492
 1.7485439777374268
 3.2951815128326416
 14.039539337158203
 10.830256462097168
 67.38114929199219
 1743.2109375
 4964534784.0
 10712658944.0
 22759954432.0
 47077249024.0
 94793056256.0
 185772064768.0
 354486648832.0
 658275696640.0
 1190308216832.0
 2094514176000.0
 3588834197504.0
 5984484327424.0
 9715962609664.0
 15352983453696.0
 23624197079040.0
 35329826357248.0
 51614798839808.0
 73389834240000.0
 101564635152384.0
 136801092108288.0
 179335386365952.0
 228822016327680.0
 284152083513344.0
 343455381323776.0
 404029419028480.0
 462611598540800.0
 515525427855360.0
 559160215207936.0
 590274803793920.0
 606481997103104.0
 606481997103104.0
 590274938011648.0
 559160148099072.0
 515525260083200.0
 462611766312960.0
 404029284810752.0
 343455381323776.0
 284152049958912.0
 228822033104896.0
 179335386365952.0
 136801108885504.0
 101564618375168.0
 73389859405824.0
 51614815617024.0
 35329834745856.0
 23624199176192.0
 15352992890880.0
 9715958415360.0
 5984483278848.0
 3588831838208.0
 2094510505984.0
 1190307299328.0
 658277138432.0
 354488582144.0
 185774358528.0
 94792572928.0
 47077060608.0
 22760038400.0
 10712965120.0
 4964718080.0
 1709.78369140625
 90.40097045898438
 17.600040435791016
 8.731626510620117
 5.696557998657227
 5.450072765350342
 8.72524356842041
 2.516425132751465
 3.8535773754119873
 2.8563363552093506
 2.572474956512451
 2.813973903656006
 2.73805832862854
 5.795269012451172
 2.74381422996521
 3.627488851547241
 17.763397216796875
 20.90790557861328
 98.15603637695312
 2408.44482421875
 6857443840.0
 14797280256.0
 31437633536.0
 65026289664.0
 130933514240.0
 256602488832.0
 489640361984.0
 909247119360.0
 1644127453184.0
 2893102710784.0
 4957147234304.0
 8266277978112.0
 13420429574144.0
 21211014758400.0
 32572690137088.0
 48893156917248.0
 71430137970688.0
 101564643540992.0
 140556025987072.0
 189319994146816.0
 248183494017024.0
 316668475604992.0
 393240092082176.0
 475310306885632.0
 559139042361344.0
 640211247693824.0
 713439030804480.0
 773825667006464.0
 816885465612288.0
 839314724356096.0
 839314858573824.0
 816885532721152.0
 773825532788736.0
 713438762369024.0
 640211449020416.0
 559138975252480.0
 475310172667904.0
 393240092082176.0
 316668442050560.0
 248183443685376.0
 189319960592384.0
 140555967266816.0
 101564643540992.0
 71430154747904.0
 48893156917248.0
 32572685942784.0
 21211023147008.0
 13420426428416.0
 8266273783808.0
 4957141467136.0
 2893091962880.0
 1644132171776.0
 909246070784.0
 489641869312.0
 256602193920.0
 130932981760.0
 65026383872.0
 31437205504.0
 14797449216.0
 6857705472.0
 2434.18896484375
 96.01020812988281
 35.850093841552734
 7.284261703491211
 4.0704827308654785
 5.869112968444824
 10.789182662963867
 8.134636878967285
 4.302031993865967
 2.032764196395874
 3.210252285003662
 2.040884256362915
 3.7376418113708496
 8.282585144042969
 1.3783434629440308
 9.338711738586426
 15.757105827331543
 24.7248592376709
 119.31489562988281
 3150.997802734375
 9220811776.0
 19897325568.0
 42270699520.0
 87433658368.0
 176053387264.0
 345035177984.0
 658378260480.0
 1222593085440.0
 2210721955840.0
 3890101616640.0
 6665452650496.0
 11114951737344.0
 18045491740672.0
 28450100346880.0
 43875225829376.0
 65855643713536.0
 96211738558464.0
 136801100496896.0
 189320010924032.0
 255001754599424.0
 334287035432960.0
 426531826434048.0
 529669090705408.0
 640212053000192.0
 753124058857472.0
 862323468140544.0
 960956049915904.0
 1042292932608000.0
 1100291566993408.0
 1130501964300288.0
 1130502098518016.0
 1100291835428864.0
 1042292865499136.0
 960955714371584.0
 862323602358272.0
 753124058857472.0
 640212254326784.0
 529669191368704.0
 426531792879616.0
 334287068987392.0
 255001804931072.0
 189319994146816.0
 136801167605760.0
 96211746947072.0
 65855660490752.0
 43875242606592.0
 28450117124096.0
 18045502226432.0
 11114954883072.0
 6665449504768.0
 3890096898048.0
 2210729820160.0
 1222585090048.0
 658380685312.0
 345032982528.0
 176053878784.0
 87434485760.0
 42271432704.0
 19896913920.0
 9220468736.0
 3289.1005859375
 118.36682891845703
 27.06978988647461
 2.2525577545166016
 3.717008352279663
 8.704272270202637
 5.590326309204102
 4.075613021850586
 2.9782052040100098
 1.1910375356674194
 1.2556253671646118
 3.300438642501831
 2.954620122909546
 5.367321968078613
 10.467164993286133
 5.343181610107422
 3.3007123470306396
 34.30555725097656
 203.1178436279297
 4399.08203125
 12068284416.0
 26042023936.0
 55325736960.0
 114441060352.0
 230432800768.0
 451603824640.0
 861727555584.0
 1600226197504.0
 2893551239168.0
 5091601416192.0
 8724137115648.0
 14547153846272.0
 23621674205184.0
 37292492193792.0
 57516893405184.0
 86331560558592.0
 126125967671296.0
 179335419920384.0
 248183494017024.0
 334287001878528.0
 438223834710016.0
 559149444235264.0
 694354209406976.0
 839267278389248.0
 987286212706304.0
 1130437674008576.0
 1259736993366016.0
 1366363046150144.0
 1442395107360768.0
 1481999135014912.0
 1481999135014912.0
 1442395375796224.0
 1366362509279232.0
 1259736724930560.0
 1130437674008576.0
 987285944270848.0
 839267412606976.0
 694354075189248.0
 559149410680832.0
 438223801155584.0
 334286968324096.0
 248183426908160.0
 179335436697600.0
 126125959282688.0
 86331543781376.0
 57516876627968.0
 37292504776704.0
 23621701468160.0
 14547159089152.0
 8724136067072.0
 5091602989056.0
 2893548093440.0
 1600224624640.0
 861729259520.0
 451606413312.0
 230431768576.0
 114439856128.0
 55326048256.0
 26042415104.0
 12068598784.0
 4137.251953125
 222.61717224121094
 34.04277038574219
 33.353660583496094
 10.255989074707031
 6.5291242599487305
 8.12781047821045
 2.970099925994873
 5.507448673248291
 5.831579208374023
 5.284643173217773
 1.2436857223510742
 9.08043384552002
 11.727004051208496
 2.646556854248047
 12.157234191894531
 24.490995407104492
 42.48996353149414
 217.3006134033203
 5567.27978515625
 15377101824.0
 33181337600.0
 70493831168.0
 145813389312.0
 293604458496.0
 575405162496.0
 1097960849408.0
 2038907666432.0
 3686791643136.0
 6487435902976.0
 11115787452416.0
 18535199801344.0
 30029394214912.0
 47584550846464.0
 73388542394368.0
 110154225811456.0
 160929740226560.0
 228822083436544.0
 316668542713856.0
 426531826434048.0
 559149377126400.0
 713443929751552.0
 885957800755200.0
 1070859162746880.0
 1259722632069120.0
 1442376048443392.0
 1607355405959168.0
 1743404400640000.0
 1840417645527040.0
 1890949814812672.0
 1890949949030400.0
 1840417913962496.0
 1743404669075456.0
 1607355271741440.0
 1442376316878848.0
 1259722632069120.0
 1070859095638016.0
 885957800755200.0
 713443862642688.0
 559149410680832.0
 426531859988480.0
 316668576268288.0
 228822150545408.0
 160929757003776.0
 110154200645632.0
 73388525617152.0
 47584559235072.0
 30029408894976.0
 18535193509888.0
 11115785355264.0
 6487421222912.0
 3686789021696.0
 2038912385024.0
 1097962291200.0
 575407456256.0
 293602623488.0
 145813094400.0
 70493552640.0
 33182085120.0
 15377135616.0
 5483.02197265625
 236.75157165527344
 58.577674865722656
 19.433473587036133
 7.2528791427612305
 2.3385167121887207
 15.494917869567871
 5.483462810516357
 6.031354904174805
 8.900787353515625
 1.2579635381698608
 3.083766460418701
 1.9744682312011719
 1.5667786598205566
 5.01121187210083
 3.082557201385498
 2.037724494934082
 48.7255859375
 288.40838623046875
 6613.86328125
 19071250432.0
 41154686976.0
 87432290304.0
 180847509504.0
 364147179520.0
 713654468608.0
 1361781719040.0
 2528821903360.0
 4572620783616.0
 8045920256000.0
 13786418249728.0
 22951441203200.0
 37295516286976.0
 59090034229248.0
 91133954752512.0
 136790069477376.0
 199843268001792.0
 284152016404480.0
 393240159191040.0
 529668990042112.0
 694353940971520.0
 885957733646336.0
 1100185602097152.0
 1329797305204736.0
 1564328557805568.0
 1791148062408704.0
 1996020552564736.0
 2164966715031552.0
 2285437460676608.0
 2348188006612992.0
 2348188275048448.0
 2285438265982976.0
 2164966580813824.0
 1996020015693824.0
 1791148733497344.0
 1564329094676480.0
 1329797573640192.0
 1100185870532608.0
 885957733646336.0
 694354276515840.0
 529669124259840.0
 393240159191040.0
 284152251285504.0
 199843284779008.0
 136790144974848.0
 91133988306944.0
 59090067783680.0
 37295558230016.0
 22951520894976.0
 13786417201152.0
 8045952237568.0
 4572611870720.0
 2528824000512.0
 1361772544000.0
 713654665216.0
 364150358016.0
 180846395392.0
 87431929856.0
 41154117632.0
 19070646272.0
 6439.986328125
 291.9422607421875
 38.422183990478516
 4.17814302444458
 5.933260917663574
 18.218109130859375
 9.515888214111328
 1.8085417747497559
 4.252724647521973
 1.8379331827163696
 11.819314002990723
 3.8959271907806396
 10.937846183776855
 21.05385971069336
 9.905527114868164
 15.443615913391113
 31.003002166748047
 71.72965240478516
 401.23980712890625
 8141.33984375
 23026413568.0
 49687535616.0
 105561178112.0
 218349322240.0
 439657234432.0
 861634953216.0
 1644140560384.0
 3053193003008.0
 5520804020224.0
 9714341511168.0
 16644744151040.0
 27637059682304.0
 45077657288704.0
 71423175426048.0
 110154150313984.0
 165338255720448.0
 241550839775232.0
 343455481987072.0
 475310373994496.0
 640212187217920.0
 839267211280384.0
 1070858961420288.0
 1329797170987008.0
 1607328830849024.0
 1890807812456448.0
 2164965372854272.0
 2412593994006528.0
 2616800093143040.0
 2762413443121152.0
 2838260149649408.0
 2838260418084864.0
 2762413711556608.0
 2616799287836672.0
 2412593994006528.0
 2164965641289728.0
 1890807812456448.0
 1607328830849024.0
 1329797439422464.0
 1070859095638016.0
 839267211280384.0
 640212187217920.0
 475310239776768.0
 343455481987072.0
 241550789443584.0
 165338188611584.0
 110154116759552.0
 71423167037440.0
 45077674065920.0
 27637032419328.0
 16644748345344.0
 9714326831104.0
 5520795631616.0
 3053191168000.0
 1644139642880.0
 861639213056.0
 439657201664.0
 218348535808.0
 105560211456.0
 49688530944.0
 23026241536.0
 8072.083984375
 384.09716796875
 66.18849182128906
 18.181734085083008
 15.93022346496582
 2.625427722930908
 16.57619285583496
 1.3892762660980225
 3.0182878971099854
 12.870558738708496
 9.034658432006836
 3.362398147583008
 2.5215415954589844
 3.630544424057007
 9.495258331298828
 28.310483932495117
 15.249582290649414
 90.58096313476562
 401.8975830078125
 9535.6494140625
 27062331392.0
 58397720576.0
 124063514624.0
 256616988672.0
 516718034944.0
 1012670398464.0
 1932324110336.0
 3588370726912.0
 6488499159040.0
 11416956305408.0
 19560931524608.0
 32576209158144.0
 53028560306176.0
 84019156877312.0
 129581495353344.0
 194498583855104.0
 284152519720960.0
 404029318365184.0
 559139109470208.0
 753124193075200.0
 987286011379712.0
 1259722632069120.0
 1564328692023296.0
 1890808215109632.0
 2224283031961600.0
 2546792663089152.0
 2838096135585792.0
 3078314730192896.0
 3249611179294720.0
 3338835098337280.0
 3338835903643648.0
 3249611447730176.0
 3078314998628352.0
 2838095061843968.0
 2546793199960064.0
 2224282897743872.0
 1890808349327360.0
 1564328692023296.0
 1259722766286848.0
 987286279815168.0
 753124125966336.0
 559139042361344.0
 404029553246208.0
 284152486166528.0
 194498583855104.0
 129581495353344.0
 84019207208960.0
 53028610637824.0
 32576230129664.0
 19560933621760.0
 11416987762688.0
 6488495489024.0
 3588378066944.0
 1932318998528.0
 1012669349888.0
 516716789760.0
 256618872832.0
 124064006144.0
 58397609984.0
 27062315008.0
 9425.9736328125
 394.535888671875
 78.52147674560547
 52.015342712402344
 19.147220611572266
 19.5379638671875
 6.946296691894531
 16.098960876464844
 6.52451229095459
 15.28404712677002
 6.069389820098877
 2.90231990814209
 3.0824027061462402
 15.140145301818848
 3.5919015407562256
 13.970213890075684
 37.10338592529297
 82.31620788574219
 450.87847900390625
 10413.5830078125
 30961281024.0
 66809860096.0
 141938163712.0
 293586731008.0
 591162310656.0
 1158550388736.0
 2210717761536.0
 4105223012352.0
 7423132172288.0
 13062012665856.0
 22377553461248.0
 37294367047680.0
 60717277380608.0
 96201689006080.0
 148370098225152.0
 222699775328256.0
 325353067249664.0
 462611665649664.0
 640211449020416.0
 862323468140544.0
 1130437539790848.0
 1442376048443392.0
 1791148196626432.0
 2164965641289728.0
 2546792931524608.0
 2916065092829184.0
 3249605005279232.0
 3524656589963264.0
 3720788150583296.0
 3822948779556864.0
 3822949853298688.0
 3720787345276928.0
 3524656589963264.0
 3249604736843776.0
 2916065629700096.0
 2546792931524608.0
 2164965641289728.0
 1791148196626432.0
 1442376182661120.0
 1130437674008576.0
 862323602358272.0
 640211583238144.0
 462611866976256.0
 325353167912960.0
 222699775328256.0
 148370115002368.0
 96201730949120.0
 60717327712256.0
 37294371241984.0
 22377566044160.0
 13061991694336.0
 7423131123712.0
 4105216458752.0
 2210718810112.0
 1158545145856.0
 591163490304.0
 293586108416.0
 141939097600.0
 66809532416.0
 30960726016.0
 10686.16796875
 392.3807067871094
 57.806182861328125
 12.882201194763184
 6.74694299697876
 13.223821640014648
 14.814245223999023
 7.270227432250977
 4.477248191833496
 6.158682346343994
 1.347374439239502
 14.151453018188477
 12.607705116271973
 14.692403793334961
 1.5729378461837769
 10.861896514892578
 56.81242752075195
 70.83186340332031
 503.8124694824219
 11781.1337890625
 34479931392.0
 74405650432.0
 158074306560.0
 326965395456.0
 658371182592.0
 1290256252928.0
 2462037311488.0
 4572008415232.0
 8267103207424.0
 14546028724224.0
 24137942695936.0
 41556094484480.0
 67661748764672.0
 107205755928576.0
 165340906520576.0
 248172051955712.0
 362566777831424.0
 515525293637632.0
 713438963695616.0
 960955781480448.0
 1259736859148288.0
 1607355137523712.0
 1996020686782464.0
 2412594262441984.0
 2838095598714880.0
 3249605005279232.0
 3621293890994176.0
 3927806647992320.0
 4146371359670272.0
 4260217789349888.0
 4260218863091712.0
 4146372164976640.0
 3927806647992320.0
 3621293622558720.0
 3249605810585600.0
 2838095330279424.0
 2412594530877440.0
 1996020552564736.0
 1607355137523712.0
 1259736993366016.0
 960955781480448.0
 713439030804480.0
 515525394300928.0
 362566744276992.0
 248172119064576.0
 165340822634496.0
 107205713985536.0
 67661761347584.0
 41556081901568.0
 24137928015872.0
 14546001461248.0
 8267101110272.0
 4572007366656.0
 2462044913664.0
 1290258743296.0
 658366791680.0
 326963658752.0
 158074175488.0
 74406346752.0
 34481070080.0
 11762.140625
 565.4053955078125
 88.82173156738281
 34.91918182373047
 16.9381103515625
 2.884596109390259
 26.957597732543945
 16.97791862487793
 15.861930847167969
 4.083011627197266
 4.18485164642334
 8.395379066467285
 6.191485404968262
 7.840191841125488
 4.901290416717529
 6.190919876098633
 14.529841423034668
 50.90925979614258
 439.0791320800781
 12438.5322265625
 37378818048.0
 80660955136.0
 171369758720.0
 354455617536.0
 713745367040.0
 1398739959808.0
 2669113245696.0
 4956467757056.0
 8962137128960.0
 15768108400640.0
 26938479476736.0
 45072112418816.0
 73388592726016.0
 116280006803456.0
 179335688355840.0
 269177596149760.0
 393254889586688.0
 559160047435776.0
 773825532788736.0
 1042292462845952.0
 1366362375061504.0
 1743404132204544.0
 2164966446596096.0
 2616799019401216.0
 3078314730192896.0
 3524655784656896.0
 3927806111121408.0
 4260261275893760.0
 4497325485457408.0
 4620808211136512.0
 4620809284878336.0
 4497325753892864.0
 4260260739022848.0
 3927805305815040.0
 3524656053092352.0
 3078314998628352.0
 2616799287836672.0
 2164966312378368.0
 1743403997986816.0
 1366362509279232.0
 1042292597063680.0
 773825532788736.0
 559160148099072.0
 393254856032256.0
 269177478709248.0
 179335638024192.0
 116280040357888.0
 73388601114624.0
 45072099835904.0
 26938466893824.0
 15768111546368.0
 8962143420416.0
 4956471427072.0
 2669119275008.0
 1398743367680.0
 713742024704.0
 354459320320.0
 171368923136.0
 80661995520.0
 37379551232.0
 12433.9208984375
 459.4599304199219
 63.58386993408203
 30.715045928955078
 5.486907482147217
 16.169374465942383
 12.68853759765625
 5.972308158874512
 15.60490608215332
 3.3256187438964844
 2.8855714797973633
 7.275732040405273
 5.315537452697754
 2.9277307987213135
 22.358919143676758
 17.42886734008789
 32.03041076660156
 126.14569854736328
 732.0498046875
 14336.3017578125
 39449010176.0
 85124358144.0
 180845281280.0
 374073884672.0
 753208459264.0
 1476161044480.0
 2816719192064.0
 5230624768000.0
 9458236260352.0
 16643593863168.0
 28417921646592.0
 47583858786304.0
 77472754302976.0
 122749863329792.0
 189314759655424.0
 284156378480640.0
 415137982840832.0
 590274938011648.0
 816885398503424.0
 1100291566993408.0
 1442394973143040.0
 1840417377091584.0
 2285437460676608.0
 2762413711556608.0
 3249611179294720.0
 3720787076841472.0
 4146372164976640.0
 4497325753892864.0
 4747582760812544.0
 4877937702600704.0
 4877937702600704.0
 4747583297683456.0
 4497325485457408.0
 4146371091234816.0
 3720788150583296.0
 3249611447730176.0
 2762413711556608.0
 2285437729112064.0
 1840417377091584.0
 1442394973143040.0
 1100291566993408.0
 816885532721152.0
 590275072229376.0
 415138016395264.0
 284156311371776.0
 189314658992128.0
 122749922050048.0
 77472787857408.0
 47583821037568.0
 28417904869376.0
 16643607494656.0
 9458222628864.0
 5230642069504.0
 2816717881344.0
 1476161830912.0
 753210294272.0
 374075981824.0
 180846100480.0
 85124423680.0
 39449272320.0
 14160.6318359375
 779.821533203125
 130.70236206054688
 63.21942138671875
 21.20524024963379
 26.56540870666504
 6.042530059814453
 4.557427883148193
 9.073797225952148
 2.2822105884552
 14.814563751220703
 8.105450630187988
 3.1111927032470703
 5.727049350738525
 38.758056640625
 22.782583236694336
 36.95364761352539
 110.03826141357422
 559.0330200195312
 14417.23828125
 40524816384.0
 87445004288.0
 185782140928.0
 384270434304.0
 773761794048.0
 1516420726784.0
 2893594492928.0
 5373181296640.0
 9715982532608.0
 17098470326272.0
 29242670710784.0
 48888367022080.0
 79599694249984.0
 126120632516608.0
 194512928374784.0
 291958320791552.0
 426536456945664.0
 606481862885376.0
 839314724356096.0
 1130501964300288.0
 1481999000797184.0
 1890949546377216.0
 2348187738177536.0
 2838260686520320.0
 3338834829901824.0
 3822949047992320.0
 4260218326220800.0
 4620808748007424.0
 4877937702600704.0
 5011870889017344.0
 5011870889017344.0
 4877939313213440.0
 4620808211136512.0
 4260216984043520.0
 3822949316427776.0
 3338834561466368.0
 2838260418084864.0
 2348188275048448.0
 1890949412159488.0
 1481999000797184.0
 1130501830082560.0
 839314724356096.0
 606482064211968.0
 426536356282368.0
 291958253682688.0
 194512827711488.0
 126120582184960.0
 79599685861376.0
 48888333467648.0
 29242618281984.0
 17098467180544.0
 9715988824064.0
 5373195452416.0
 2893596327936.0
 1516412076032.0
 773769199616.0
 384275644416.0
 185781747712.0
 87444201472.0
 40524226560.0
 14226.794921875
 658.4826049804688
 123.28162384033203
 19.583127975463867
 14.589010238647461
 38.00447463989258
 5.295119285583496
 2.6288199424743652
 4.638564586639404
 5.451882839202881
 7.183928966522217
 6.268757343292236
 5.447028636932373
 2.956350564956665
 36.87815475463867
 21.266420364379883
 31.76071548461914
 110.45462036132812
 572.6452026367188
 14432.4921875
 40524615680.0
 87444684800.0
 185782108160.0
 384270761984.0
 773763235840.0
 1516419547136.0
 2893594492928.0
 5373182345216.0
 9715983581184.0
 17098468229120.0
 29242672807936.0
 48888375410688.0
 79599702638592.0
 126120657682432.0
 194512928374784.0
 291958387900416.0
 426536456945664.0
 606481997103104.0
 839314925682688.0
 1130502098518016.0
 1481999135014912.0
 1890949814812672.0
 2348188006612992.0
 2838260686520320.0
 3338835366772736.0
 3822949853298688.0
 4260218057785344.0
 4620808211136512.0
 4877938239471616.0
 5011870352146432.0
 5011870352146432.0
 4877939313213440.0
 4620808211136512.0
 4260217252478976.0
 3822949853298688.0
 3338834829901824.0
 2838260418084864.0
 2348188275048448.0
 1890949680594944.0
 1481999135014912.0
 1130501964300288.0
 839314858573824.0
 606482198429696.0
 426536456945664.0
 291958220128256.0
 194512844488704.0
 126120573796352.0
 79599694249984.0
 48888329273344.0
 29242611990528.0
 17098460889088.0
 9715991969792.0
 5373192830976.0
 2893599211520.0
 1516410372096.0
 773770051584.0
 384276660224.0
 185781747712.0
 87443628032.0
 40523771904.0
 14310.7373046875
 703.631591796875
 120.93811798095703
 11.288262367248535
 13.295490264892578
 39.761375427246094
 4.006068706512451
 7.426398754119873
 6.588430881500244
 2.8389275074005127
 4.919834613800049
 7.531076908111572
 7.1765007972717285
 5.026839256286621
 23.865036010742188
 20.581533432006836
 33.757869720458984
 129.7465057373047
 740.6005859375
 14340.2021484375
 39449190400.0
 85124530176.0
 180845379584.0
 374073262080.0
 753208721408.0
 1476162486272.0
 2816715784192.0
 5230627913728.0
 9458231017472.0
 16643609591808.0
 28417932132352.0
 47583867174912.0
 77472771080192.0
 122749871718400.0
 189314776432640.0
 284156378480640.0
 415138083504128.0
 590275005120512.0
 816885532721152.0
 1100291432775680.0
 1442394838925312.0
 1840417511309312.0
 2285437729112064.0
 2762413711556608.0
 3249611179294720.0
 3720787613712384.0
 4146370822799360.0
 4497325753892864.0
 4747582223941632.0
 4877937165729792.0
 4877938239471616.0
 4747583297683456.0
 4497325485457408.0
 4146370554363904.0
 3720788150583296.0
 3249610642423808.0
 2762413979992064.0
 2285437729112064.0
 1840417242873856.0
 1442394973143040.0
 1100291365666816.0
 816885465612288.0
 590275072229376.0
 415138016395264.0
 284156311371776.0
 189314658992128.0
 122749922050048.0
 77472787857408.0
 47583821037568.0
 28417911160832.0
 16643605397504.0
 9458221580288.0
 5230644690944.0
 2816717619200.0
 1476160913408.0
 753210753024.0
 374075916288.0
 180846002176.0
 85124521984.0
 39449440256.0
 14178.373046875
 754.7208862304688
 135.8660430908203
 66.451416015625
 22.85678482055664
 21.932647705078125
 4.466557025909424
 11.065413475036621
 8.222355842590332
 4.619200229644775
 9.429492950439453
 9.11653995513916
 10.679469108581543
 7.624395847320557
 3.469205617904663
 7.149672508239746
 10.952630996704102
 51.83282470703125
 462.84124755859375
 12439.2470703125
 37378560000.0
 80660856832.0
 171369594880.0
 354456043520.0
 713745956864.0
 1398738518016.0
 2669113245696.0
 4956465135616.0
 8962136080384.0
 15768106303488.0
 26938483671040.0
 45072116613120.0
 73388609503232.0
 116280023580672.0
 179335705133056.0
 269177646481408.0
 393254990249984.0
 559160114544640.0
 773825734115328.0
 1042292664172544.0
 1366362509279232.0
 1743404266422272.0
 2164966446596096.0
 2616799824707584.0
 3078314998628352.0
 3524655784656896.0
 3927806111121408.0
 4260261544329216.0
 4497325485457408.0
 4620808211136512.0
 4620809821749248.0
 4497326290763776.0
 4260260739022848.0
 3927805574250496.0
 3524656321527808.0
 3078314998628352.0
 2616799287836672.0
 2164966715031552.0
 1743404266422272.0
 1366362509279232.0
 1042292731281408.0
 773825599897600.0
 559160248762368.0
 393254923141120.0
 269177545818112.0
 179335654801408.0
 116280065523712.0
 73388609503232.0
 45072116613120.0
 26938466893824.0
 15768114692096.0
 8962140274688.0
 4956471427072.0
 2669116653568.0
 1398743367680.0
 713742483456.0
 354458337280.0
 171368251392.0
 80661544960.0
 37379440640.0
 12546.75390625
 460.609375
 64.259521484375
 24.704669952392578
 6.765553951263428
 6.812163829803467
 12.522226333618164
 7.869719982147217
 13.998647689819336
 4.9474921226501465
 4.7321882247924805
 13.166305541992188
 10.625571250915527
 11.664188385009766
 1.6229488849639893
 8.02988338470459
 47.93381881713867
 72.54182434082031
 500.4500732421875
 11703.8544921875
 34480033792.0
 74405888000.0
 158074126336.0
 326964838400.0
 658370265088.0
 1290258087936.0
 2462036787200.0
 4572009988096.0
 8267099013120.0
 14546032918528.0
 24137940598784.0
 41556094484480.0
 67661748764672.0
 107205755928576.0
 165340906520576.0
 248172035178496.0
 362566777831424.0
 515525192974336.0
 713438896586752.0
 960955714371584.0
 1259736859148288.0
 1607354869088256.0
 1996020686782464.0
 2412593725571072.0
 2838095061843968.0
 3249605005279232.0
 3621293890994176.0
 3927805842685952.0
 4146370554363904.0
 4260217252478976.0
 4260218057785344.0
 4146370822799360.0
 3927805842685952.0
 3621293622558720.0
 3249606079021056.0
 2838094793408512.0
 2412593994006528.0
 1996020552564736.0
 1607355271741440.0
 1259736993366016.0
 960956049915904.0
 713438963695616.0
 515525494964224.0
 362566744276992.0
 248172051955712.0
 165340822634496.0
 107205722374144.0
 67661740376064.0
 41556081901568.0
 24137934307328.0
 14546011947008.0
 8267092721664.0
 4572012085248.0
 2462039932928.0
 1290258219008.0
 658368888832.0
 326963101696.0
 158072586240.0
 74405003264.0
 34480418816.0
 11783.513671875
 637.95556640625
 74.72368621826172
 28.088726043701172
 17.162704467773438
 1.6387745141983032
 26.98646354675293
 12.414155960083008
 6.385376453399658
 6.572756767272949
 3.9512436389923096
 4.680334568023682
 2.691173553466797
 14.912127494812012
 6.223543643951416
 10.128678321838379
 47.52071762084961
 85.230712890625
 427.8304443359375
 10414.16796875
 30961350656.0
 66809819136.0
 141938540544.0
 293586665472.0
 591161851904.0
 1158551044096.0
 2210719334400.0
 4105226682368.0
 7423134269440.0
 13062008471552.0
 22377545072640.0
 37294354464768.0
 60717285769216.0
 96201689006080.0
 148370098225152.0
 222699808882688.0
 325353100804096.0
 462611632095232.0
 640211381911552.0
 862323333922816.0
 1130437539790848.0
 1442375914225664.0
 1791148196626432.0
 2164965238636544.0
 2546792931524608.0
 2916065092829184.0
 3249605005279232.0
 3524656321527808.0
 3720787345276928.0
 3822948511121408.0
 3822949584863232.0
 3720787613712384.0
 3524656321527808.0
 3249604736843776.0
 2916065361264640.0
 2546792394653696.0
 2164965372854272.0
 1791148196626432.0
 1442375780007936.0
 1130437539790848.0
 862323468140544.0
 640211449020416.0
 462611799867392.0
 325353100804096.0
 222699741773824.0
 148370115002368.0
 96201705783296.0
 60717310935040.0
 37294367047680.0
 22377578627072.0
 13061990645760.0
 7423132172288.0
 4105217245184.0
 2210721955840.0
 1158545014784.0
 591163621376.0
 293587386368.0
 141939572736.0
 66809704448.0
 30960631808.0
 10568.5283203125
 420.0948791503906
 50.779388427734375
 22.898906707763672
 6.770848751068115
 14.296908378601074
 12.57182788848877
 4.060945510864258
 5.912856578826904
 5.894493579864502
 12.249188423156738
 4.351911544799805
 5.6189866065979
 4.1852593421936035
 14.67362117767334
 32.13254165649414
 16.2169132232666
 87.0547103881836
 442.6405944824219
 9599.4453125
 27062222848.0
 58397478912.0
 124063358976.0
 256617299968.0
 516719837184.0
 1012669153280.0
 1932321488896.0
 3588373348352.0
 6488496013312.0
 11416963645440.0
 19560933621760.0
 32576217546752.0
 53028593860608.0
 84019190431744.0
 129581545684992.0
 194498634186752.0
 284152620384256.0
 404029351919616.0
 559139143024640.0
 753124193075200.0
 987286279815168.0
 1259722766286848.0
 1564328557805568.0
 1890808349327360.0
 2224283568832512.0
 2546792931524608.0
 2838096135585792.0
 3078314730192896.0
 3249611179294720.0
 3338835903643648.0
 3338835903643648.0
 3249612253036544.0
 3078314730192896.0
 2838095330279424.0
 2546793736830976.0
 2224283300397056.0
 1890808215109632.0
 1564329094676480.0
 1259722766286848.0
 987286481141760.0
 753124193075200.0
 559139109470208.0
 404029553246208.0
 284152486166528.0
 194498583855104.0
 129581453410304.0
 84019173654528.0
 53028598054912.0
 32576225935360.0
 19560935718912.0
 11416982519808.0
 6488500731904.0
 3588377804800.0
 1932323061760.0
 1012666793984.0
 516717871104.0
 256619200512.0
 124064096256.0
 58397839360.0
 27062435840.0
 9567.5517578125
 376.0669860839844
 83.61803436279297
 23.282100677490234
 19.428585052490234
 11.48421859741211
 7.675464153289795
 15.988635063171387
 0.8044389486312866
 17.71576499938965
 5.499182224273682
 6.204117774963379
 13.21080493927002
 14.521286964416504
 4.610217571258545
 7.983994960784912
 25.869760513305664
 76.86622619628906
 361.6850891113281
 8013.86767578125
 23026534400.0
 49687891968.0
 105560686592.0
 218347945984.0
 439655661568.0
 861638426624.0
 1644139380736.0
 3053194051584.0
 5520798777344.0
 9714341511168.0
 16644743102464.0
 27637047099392.0
 45077674065920.0
 71423183814656.0
 110154167091200.0
 165338238943232.0
 241550822998016.0
 343455481987072.0
 475310306885632.0
 640212187217920.0
 839267412606976.0
 1070859162746880.0
 1329797170987008.0
 1607328830849024.0
 1890808215109632.0
 2164965372854272.0
 2412594530877440.0
 2616799824707584.0
 2762413174685696.0
 2838260418084864.0
 2838260686520320.0
 2762413979992064.0
 2616799287836672.0
 2412594262441984.0
 2164965909725184.0
 1890808349327360.0
 1607328830849024.0
 1329797439422464.0
 1070859095638016.0
 839267546824704.0
 640212187217920.0
 475310273331200.0
 343455582650368.0
 241550806220800.0
 165338171834368.0
 110154141925376.0
 71423183814656.0
 45077669871616.0
 27637036613632.0
 16644743102464.0
 9714329976832.0
 5520796680192.0
 3053185662976.0
 1644137545728.0
 861641637888.0
 439654023168.0
 218347536384.0
 105560694784.0
 49688551424.0
 23026434048.0
 7943.88916015625
 374.12786865234375
 68.29707336425781
 52.3228759765625
 10.72822380065918
 5.974498271942139
 10.309871673583984
 3.6209287643432617
 14.988515853881836
 6.665612697601318
 6.359713077545166
 1.6476242542266846
 5.612398624420166
 2.9435033798217773
 12.290122032165527
 8.074891090393066
 7.272933006286621
 47.81575012207031
 308.51300048828125
 6712.31982421875
 19071229952.0
 41154441216.0
 87432249344.0
 180847312896.0
 364148850688.0
 713654468608.0
 1361779228672.0
 2528826097664.0
 4572621307904.0
 8045924974592.0
 13786413006848.0
 22951462174720.0
 37295541452800.0
 59090055200768.0
 91133979918336.0
 136790077865984.0
 199843318333440.0
 284152016404480.0
 393240192745472.0
 529669057150976.0
 694353940971520.0
 885957465210880.0
 1100185669206016.0
 1329797305204736.0
 1564328692023296.0
 1791148196626432.0
 1996021626306560.0
 2164966580813824.0
 2285437729112064.0
 2348187738177536.0
 2348188543483904.0
 2285437997547520.0
 2164966446596096.0
 1996020955217920.0
 1791148196626432.0
 1564328557805568.0
 1329797170987008.0
 1100185669206016.0
 885957465210880.0
 694354142298112.0
 529669157814272.0
 393240125636608.0
 284152117067776.0
 199843251224576.0
 136790086254592.0
 91133971529728.0
 59090059395072.0
 37295554035712.0
 22951525089280.0
 13786419298304.0
 8045941751808.0
 4572616589312.0
 2528822689792.0
 1361777262592.0
 713653092352.0
 364151013376.0
 180847198208.0
 87432749056.0
 41154895872.0
 19071117312.0
 6470.88232421875
 237.7709503173828
 37.76171875
 2.071981430053711
 10.376189231872559
 12.52258586883545
 6.9702677726745605
 3.128357410430908
 1.9672242403030396
 9.733916282653809
 6.939095973968506
 3.088253974914551
 10.136805534362793
 7.189865589141846
 1.609268069267273
 7.158651351928711
 18.504806518554688
 47.23503112792969
 217.69239807128906
 5517.8701171875
 15377117184.0
 33181700096.0
 70494347264.0
 145813897216.0
 293602394112.0
 575406211072.0
 1097964453888.0
 2038905044992.0
 3686794788864.0
 6487432757248.0
 11115791646720.0
 18535197704192.0
 30029408894976.0
 47584563429376.0
 73388559171584.0
 110154217422848.0
 160929740226560.0
 228822100213760.0
 316668475604992.0
 426531792879616.0
 559149377126400.0
 713443862642688.0
 885957666537472.0
 1070859229855744.0
 1259722766286848.0
 1442375914225664.0
 1607355003305984.0
 1743404400640000.0
 1840417108656128.0
 1890949680594944.0
 1890950083248128.0
 1840417377091584.0
 1743404400640000.0
 1607354600652800.0
 1442376316878848.0
 1259722766286848.0
 1070859095638016.0
 885957532319744.0
 713443929751552.0
 559149477789696.0
 426531859988480.0
 316668609822720.0
 228822100213760.0
 160929740226560.0
 110154183868416.0
 73388508839936.0
 47584555040768.0
 30029404700672.0
 18535197704192.0
 11115789549568.0
 6487425941504.0
 3686791643136.0
 2038908846080.0
 1097962160128.0
 575407915008.0
 293601181696.0
 145813438464.0
 70493732864.0
 33181571072.0
 15376833536.0
 5384.42431640625
 278.1722106933594
 48.7388801574707
 32.160343170166016
 7.366339683532715
 5.889867782592773
 16.852096557617188
 2.8695950508117676
 13.32202434539795
 6.9452314376831055
 1.173869252204895
 5.663006782531738
 0.9799708724021912
 2.5118422508239746
 5.479437828063965
 6.039884567260742
 14.52873420715332
 33.85040283203125
 206.5005645751953
 4392.5029296875
 12068496384.0
 26042107904.0
 55325634560.0
 114440413184.0
 230433751040.0
 451604742144.0
 861723623424.0
 1600228294656.0
 2893549666304.0
 5091611901952.0
 8724129251328.0
 14547162234880.0
 23621707759616.0
 37292496388096.0
 57516922765312.0
 86331577335808.0
 126125967671296.0
 179335386365952.0
 248183494017024.0
 334287035432960.0
 438223801155584.0
 559149377126400.0
 694354142298112.0
 839267345498112.0
 987286279815168.0
 1130437808226304.0
 1259737530236928.0
 1366363046150144.0
 1442394838925312.0
 1481999000797184.0
 1481999135014912.0
 1442395107360768.0
 1366362375061504.0
 1259736993366016.0
 1130437942444032.0
 987286212706304.0
 839267345498112.0
 694354075189248.0
 559149410680832.0
 438223868264448.0
 334286901215232.0
 248183460462592.0
 179335419920384.0
 126125950894080.0
 86331535392768.0
 57516872433664.0
 37292496388096.0
 23621709856768.0
 14547161186304.0
 8724140261376.0
 5091598794752.0
 2893552025600.0
 1600224493568.0
 861731225600.0
 451604217856.0
 230432620544.0
 114440142848.0
 55326072832.0
 26042531840.0
 12068598784.0
 4344.44091796875
 203.9524688720703
 38.62385177612305
 9.991668701171875
 10.597625732421875
 4.051939964294434
 1.2649117708206177
 8.341870307922363
 4.674466133117676
 2.0130956172943115
 2.562204360961914
 2.382441759109497
 5.778144836425781
 3.4563798904418945
 9.101419448852539
 5.571462631225586
 26.01030731201172
 26.196414947509766
 107.3313217163086
 3193.906982421875
 9220645888.0
 19896967168.0
 42270375936.0
 87433994240.0
 176054484992.0
 345033900032.0
 658380029952.0
 1222595051520.0
 2210724052992.0
 3890096373760.0
 6665453174784.0
 11114953834496.0
 18045493837824.0
 28450094055424.0
 43875230023680.0
 65855647907840.0
 96211755335680.0
 136801092108288.0
 189320010924032.0
 255001804931072.0
 334286901215232.0
 426531826434048.0
 529669090705408.0
 640212120109056.0
 753124125966336.0
 862323468140544.0
 960956251242496.0
 1042292798390272.0
 1100291499884544.0
 1130501964300288.0
 1130502501171200.0
 1100291902537728.0
 1042292798390272.0
 960955848589312.0
 862323669467136.0
 753124125966336.0
 640212187217920.0
 529669157814272.0
 426531826434048.0
 334287035432960.0
 255001838485504.0
 189319994146816.0
 136801125662720.0
 96211721781248.0
 65855622742016.0
 43875204857856.0
 28450091958272.0
 18045483352064.0
 11114940203008.0
 6665454747648.0
 3890101092352.0
 2210722480128.0
 1222591643648.0
 658378981376.0
 345033768960.0
 176056090624.0
 87434608640.0
 42270932992.0
 19896772608.0
 9220406272.0
 3208.603515625
 127.9077377319336
 23.325345993041992
 16.742971420288086
 2.81520938873291
 16.167194366455078
 4.529870510101318
 2.3960020542144775
 8.539946556091309
 1.8128279447555542
 6.251070499420166
 4.899401664733887
 10.524869918823242
 6.28994083404541
 1.9077813625335693
 8.494400024414062
 13.614097595214844
 27.14493751525879
 80.22591400146484
 2355.570556640625
 6857453568.0
 14797347840.0
 31437371392.0
 65025912832.0
 130932555776.0
 256603602944.0
 489641902080.0
 909246660608.0
 1644127846400.0
 2893099302912.0
 4957148807168.0
 8266277453824.0
 13420416991232.0
 21211008466944.0
 32572696428544.0
 48893182083072.0
 71430171525120.0
 101564668706816.0
 140556025987072.0
 189320027701248.0
 248183544348672.0
 316668509159424.0
 393240092082176.0
 475310340440064.0
 559139310796800.0
 640211314802688.0
 713438963695616.0
 773825599897600.0
 816885197176832.0
 839314724356096.0
 839314925682688.0
 816885331394560.0
 773825667006464.0
 713438695260160.0
 640211516129280.0
 559139109470208.0
 475310373994496.0
 393240226299904.0
 316668576268288.0
 248183494017024.0
 189319943815168.0
 140556025987072.0
 101564660318208.0
 71430146359296.0
 48893156917248.0
 32572679651328.0
 21211016855552.0
 13420423282688.0
 8266275356672.0
 4957143564288.0
 2893097467904.0
 1644129812480.0
 909246332928.0
 489639936000.0
 256603029504.0
 130932924416.0
 65026224128.0
 31436691456.0
 14796880896.0
 6857329152.0
 2345.427978515625
 129.64279174804688
 27.725128173828125
 16.611385345458984
 4.299300670623779
 15.497574806213379
 9.236673355102539
 4.077934741973877
 5.071895122528076
 1.7906090021133423
 1.3462547063827515
 1.8905656337738037
 3.7612760066986084
 2.732405424118042
 2.622270107269287
 6.433520317077637
 4.18218469619751
 13.889336585998535
 76.83917999267578
 1677.7166748046875
 4964647424.0
 10712921088.0
 22760073216.0
 47076962304.0
 94792417280.0
 185772998656.0
 354485993472.0
 658274254848.0
 1190306775040.0
 2094517714944.0
 3588837605376.0
 5984480133120.0
 9715959463936.0
 15352989745152.0
 23624224342016.0
 35329847328768.0
 51614836588544.0
 73389851017216.0
 101564685484032.0
 136801125662720.0
 179335386365952.0
 228822049882112.0
 284152083513344.0
 343455515541504.0
 404029452582912.0
 462611799867392.0
 515525662736384.0
 559160349425664.0
 590274938011648.0
 606482064211968.0
 606482332647424.0
 590275273555968.0
 559160248762368.0
 515525427855360.0
 462611967639552.0
 404029351919616.0
 343455582650368.0
 284152117067776.0
 228822066659328.0
 179335403143168.0
 136801142439936.0
 101564668706816.0
 73389867794432.0
 51614815617024.0
 35329847328768.0
 23624224342016.0
 15353006522368.0
 9715965755392.0
 5984480133120.0
 3588830265344.0
 2094515224576.0
 1190306512896.0
 658277728256.0
 354486484992.0
 185775407104.0
 94791745536.0
 47076184064.0
 22759696384.0
 10712891392.0
 4964764672.0
 1721.1041259765625
 74.88959503173828
 14.751784324645996
 13.497526168823242
 5.731736660003662
 6.944532871246338
 5.199174404144287
 8.78809642791748
 6.373277187347412
 1.4271591901779175
 0.9068120121955872
 1.8232519626617432
 0.7967795729637146
 0.44240260124206543
 2.115121603012085
 2.443702220916748
 2.1614830493927
 15.341058731079102
 75.5944595336914
 1307.16552734375
 3498715392.0
 7549555712.0
 16039404544.0
 33176944640.0
 66803847168.0
 130920128512.0
 249818185728.0
 463905521664.0
 838849921024.0
 1476081090560.0
 2529176059904.0
 4217469665280.0
 6847139414016.0
 10819998842880.0
 16645016780800.0
 24340082982912.0
 36300845481984.0
 51614782062592.0
 71430154747904.0
 96211713392640.0
 126125959282688.0
 160929639563264.0
 199843100229632.0
 241550755889152.0
 284152452612096.0
 325353067249664.0
 362566844940288.0
 393254956695552.0
 415137882177536.0
 426536490500096.0
 426536524054528.0
 415138049949696.0
 393254923141120.0
 362566710722560.0
 325353067249664.0
 284152486166528.0
 241550856552448.0
 199843234447360.0
 160929740226560.0
 126125984448512.0
 96211730169856.0
 71430196690944.0
 51614815617024.0
 36300832899072.0
 24340101857280.0
 16645027266560.0
 10820022960128.0
 6847154618368.0
 4217465208832.0
 2529171603456.0
 1476081221632.0
 838847234048.0
 463907979264.0
 249818169344.0
 130921635840.0
 66803003392.0
 33176381440.0
 16039498752.0
 7549772800.0
 3498855936.0
 1290.4854736328125
 56.634437561035156
 12.216968536376953
 4.460224151611328
 4.018508434295654
 6.780940532684326
 2.534792900085449
 5.677388668060303
 2.731609582901001
 1.299586296081543
 2.2971785068511963
 1.556886076927185
 0.9679815769195557
 0.8871700763702393
 0.9723942875862122
 3.4762959480285645
 4.324685573577881
 9.367879867553711
 46.854652404785156
 851.7801513671875
 2400271104.0
 5179203584.0
 11003204608.0
 22759385088.0
 45828706304.0
 89814695936.0
 171379113984.0
 318250450944.0
 575465586688.0
 1012618690560.0
 1735059570688.0
 2893262094336.0
 4697281265664.0
 7422693343232.0
 11418770341888.0
 17098733518848.0
 24340112343040.0
 35329843134464.0
 48893169500160.0
 65855639519232.0
 86331577335808.0
 110154200645632.0
 136790061088768.0
 165338222166016.0
 194498550300672.0
 222699741773824.0
 248172068732928.0
 269177646481408.0
 284156344926208.0
 291958320791552.0
 291958354345984.0
 284156378480640.0
 269177596149760.0
 248171900960768.0
 222699825659904.0
 194498516746240.0
 165338238943232.0
 136790002368512.0
 110154200645632.0
 86331535392768.0
 65855639519232.0
 48893156917248.0
 35329838940160.0
 24340097662976.0
 17098727227392.0
 11418766147584.0
 7422696488960.0
 4697279168512.0
 2893262618624.0
 1735062454272.0
 1012617576448.0
 575465717760.0
 318250516480.0
 171380572160.0
 89814065152.0
 45828386816.0
 22759725056.0
 11003319296.0
 5179290112.0
 2400201984.0
 909.5137329101562
 35.262840270996094
 7.037342071533203
 1.7975517511367798
 2.900787830352783
 4.309885025024414
 1.7901341915130615
 3.4515154361724854
 3.6933624744415283
 1.1274462938308716
 0.4195825159549713
 1.1825511455535889
 0.10321556031703949
 0.37495267391204834
 2.559208631515503
 3.356990337371826
 0.9691596627235413
 6.643386363983154
 37.75188446044922
 594.9120483398438
 1602917632.0
 3458733824.0
 7348128768.0
 15199230976.0
 30604875776.0
 59978641408.0
 114448654336.0
 212529823744.0
 384302022656.0
 676236230656.0
 1158689062912.0
 1932143886336.0
 3136882737152.0
 4956930179072.0
 7625542467584.0
 11418763001856.0
 16645022023680.0
 23624207564800.0
 32572675457024.0
 43875200663552.0
 57516851462144.0
 73388508839936.0
 91133921198080.0
 110154150313984.0
 129581419855872.0
 148370081447936.0
 165340990406656.0
 179335671578624.0
 189314675769344.0
 194512794157056.0
 194512894820352.0
 189314726100992.0
 179335705133056.0
 165340856188928.0
 148370148556800.0
 129581386301440.0
 110154150313984.0
 91133963141120.0
 73388508839936.0
 57516864045056.0
 43875204857856.0
 32572700622848.0
 23624222244864.0
 16645023072256.0
 11418763001856.0
 7625538797568.0
 4956937519104.0
 3136882737152.0
 1932141527040.0
 1158689849344.0
 676233478144.0
 384301989888.0
 212529905664.0
 114449743872.0
 59978436608.0
 30604488704.0
 15199345664.0
 7348273152.0
 3458803712.0
 1602949376.0
 610.6903686523438
 22.267404556274414
 6.448220729827881
 3.957925319671631
 2.1916568279266357
 9.608611106872559
 1.4208378791809082
 3.759493589401245
 4.1220383644104
 1.9446018934249878
 2.285599708557129
 1.0079073905944824
 2.9899556636810303
 2.751142978668213
 3.366320848464966
 3.9938395023345947
 0.9304677844047546
 6.5543742179870605
 30.215831756591797
 377.6492004394531
 1041940736.0
 2248286464.0
 4776703488.0
 9880351744.0
 19894605824.0
 38988095488.0
 74396901376.0
 138153345024.0
 249813450752.0
 439582097408.0
 753201971200.0
 1255978041344.0
 2039108337664.0
 3222215852032.0
 4956936994816.0
 7422687576064.0
 10820006182912.0
 15352971919360.0
 21211018952704.0
 28450106638336.0
 37292500582400.0
 47584571817984.0
 59090113921024.0
 71423175426048.0
 84019190431744.0
 96201680617472.0
 107205764317184.0
 116280082300928.0
 122749771055104.0
 126120540241920.0
 126120632516608.0
 122749863329792.0
 116279981637632.0
 107205739151360.0
 96201722560512.0
 84019215597568.0
 71423175426048.0
 59090063589376.0
 47584538263552.0
 37292487999488.0
 28450108735488.0
 21211010564096.0
 15352985550848.0
 10820011425792.0
 7422681808896.0
 4956933849088.0
 3222222143488.0
 2039110696960.0
 1255977648128.0
 753201709056.0
 439581442048.0
 249812484096.0
 138154262528.0
 74397433856.0
 38988386304.0
 19894503424.0
 9880260608.0
 4776597504.0
 2248262144.0
 1041906176.0
 393.127685546875
 27.48590087890625
 3.907485246658325
 6.288100242614746
 3.667208433151245
 2.6287105083465576
 2.4606659412384033
 1.907163381576538
 5.372963905334473
 4.350373268127441
 0.9807008504867554
 1.0486831665039062
 2.1299855709075928
 1.2218823432922363
 1.4383293390274048
 0.8897842168807983
 1.3827824592590332
 5.441886901855469
 16.582019805908203
 230.10292053222656
 659322944.0
 1422721280.0
 3022816000.0
 6252524544.0
 12589871104.0
 24672964608.0
 47080443904.0
 87427538944.0
 158088478720.0
 278180691968.0
 476647194624.0
 794817986560.0
 1290407247872.0
 2039115022336.0
 3136888242176.0
 4697278644224.0
 6847141511168.0
 9715959463936.0
 13420426428416.0
 18045491740672.0
 23621693079552.0
 30029387923456.0
 37295549841408.0
 45077669871616.0
 53028639997952.0
 60717268992000.0
 67661711015936.0
 73388634669056.0
 77472737525760.0
 79599669084160.0
 79599727804416.0
 77472787857408.0
 73388617891840.0
 67661698433024.0
 60717323517952.0
 53028639997952.0
 45077674065920.0
 37295541452800.0
 30029402603520.0
 23621699371008.0
 18045487546368.0
 13420425379840.0
 9715967852544.0
 6847142035456.0
 4697274974208.0
 3136885096448.0
 2039113580544.0
 1290408820736.0
 794820149248.0
 476646047744.0
 278179676160.0
 158088773632.0
 87427391488.0
 47080669184.0
 24673234944.0
 12589529088.0
 6252459008.0
 3022788608.0
 1422727040.0
 659362304.0
 231.42361450195312
 19.748287200927734
 1.9769961833953857
 4.089170932769775
 1.9570798873901367
 1.529596209526062
 1.9339319467544556
 1.8565150499343872
 3.6704230308532715
 0.7617937326431274
 4.415286064147949
 2.0807881355285645
 0.8237595558166504
 1.6247882843017578
 2.0081512928009033
 2.295835494995117
 1.0743497610092163
 1.4069637060165405
 3.7739851474761963
 139.6351318359375
 406109600.0
 876373568.0
 1861916928.0
 3851179520.0
 7754346496.0
 15197519872.0
 28999407616.0
 53850333184.0
 97373872128.0
 171342675968.0
 293586665472.0
 489565782016.0
 794820018176.0
 1255978958848.0
 1932144148480.0
 2893260783616.0
 4217457606656.0
 5984483278848.0
 8266278502400.0
 11114947543040.0
 14547159089152.0
 18535206092800.0
 22951464271872.0
 27637030322176.0
 32576200769536.0
 37294383824896.0
 41556107067392.0
 45072158556160.0
 47583829426176.0
 48888358633472.0
 48888417353728.0
 47583900729344.0
 45072175333376.0
 41556044152832.0
 37294404796416.0
 32576167215104.0
 27637042905088.0
 22951445397504.0
 18535206092800.0
 14547155943424.0
 11114945445888.0
 8266289512448.0
 5984477511680.0
 4217461538816.0
 2893265502208.0
 1932142051328.0
 1255978041344.0
 794819166208.0
 489566470144.0
 293586108416.0
 171342708736.0
 97374765056.0
 53850304512.0
 28999204864.0
 15197329408.0
 7754513408.0
 3851229696.0
 1861892352.0
 876342144.0
 406106624.0
 128.90536499023438
 12.286619186401367
 1.3242135047912598
 4.2060546875
 1.4199503660202026
 6.072161674499512
 2.5719637870788574
 3.6242828369140625
 5.415080547332764
 1.489669680595398
 1.8022918701171875
 0.46942970156669617
 1.1283323764801025
 0.7984635829925537
 0.3514201045036316
 0.4303131699562073
 1.7741923332214355
 1.5391522645950317
 4.54460334777832
 93.07251739501953
 243557408.0
 525592768.0
 1116536320.0
 2309493760.0
 4650281472.0
 9113759744.0
 17390573568.0
 32293863424.0
 58394152960.0
 102752534528.0
 176060530688.0
 293586665472.0
 476645425152.0
 753199284224.0
 1158684737536.0
 1735062192128.0
 2529173962752.0
 3588829741056.0
 4957148282880.0
 6665447931904.0
 8724129251328.0
 11115788500992.0
 13786406715392.0
 16644752539648.0
 19560935718912.0
 22377572335616.0
 24137972056064.0
 26938504642560.0
 28417879703552.0
 29242656030720.0
 29242653933568.0
 28417902772224.0
 26938483671040.0
 24137946890240.0
 22377580724224.0
 19560918941696.0
 16644758831104.0
 13786409861120.0
 11115794792448.0
 8724115095552.0
 6665458417664.0
 4957153525760.0
 3588824760320.0
 2529166360576.0
 1735060619264.0
 1158684868608.0
 753198497792.0
 476644507648.0
 293587419136.0
 176061267968.0
 102752526336.0
 58394251264.0
 32293730304.0
 17390417920.0
 9113591808.0
 4650419712.0
 2309530368.0
 1116518016.0
 525581600.0
 243531184.0
 88.4028549194336
 1.4873110055923462
 1.9188114404678345
 5.840239524841309
 0.8650193810462952
 4.224475860595703
 1.4050709009170532
 2.1251587867736816
 3.0678176879882812
 1.4097217321395874
 0.969389796257019
 0.21936841309070587
 1.3352023363113403
 0.2238290011882782
 0.9004799127578735
 0.4349709153175354
 0.796288788318634
 3.1267786026000977
 8.38674545288086
 49.69017028808594
 142149088.0
 306703680.0
 651651840.0
 1347915392.0
 2714063616.0
 5318774784.0
 10149332992.0
 18846928896.0
 34080280576.0
 59968860160.0
 102753026048.0
 171343331328.0
 278179479552.0
 439580852224.0
 676235182080.0
 1012615610368.0
 1476078206976.0
 2094514438144.0
 2893100875776.0
 3890088247296.0
 5091595649024.0
 6487417552896.0
 8045931266048.0
 9714327879680.0
 11416966791168.0
 13061991694336.0
 14546037112832.0
 15768119934976.0
 16643588620288.0
 17098467180544.0
 17098477666304.0
 16643594911744.0
 15768127275008.0
 14546017189888.0
 13061972819968.0
 11416980422656.0
 9714317393920.0
 8045945946112.0
 6487420698624.0
 5091610329088.0
 3890095587328.0
 2893094060032.0
 2094519025664.0
 1476081352704.0
 1012617314304.0
 676236951552.0
 439583113216.0
 278179741696.0
 171341791232.0
 102753533952.0
 59968671744.0
 34079709184.0
 18847268864.0
 10149442560.0
 5318859264.0
 2713989120.0
 1347872512.0
 651664704.0
 306712192.0
 142158560.0
 60.913673400878906
 3.735149383544922
 0.6484097242355347
 2.867593765258789
 0.8435627818107605
 7.933000564575195
 1.2706111669540405
 1.5264703035354614
 4.753594875335693
 0.7452828288078308
 1.4935798645019531
 0.33310720324516296
 1.9781213998794556
 0.8123212456703186
 1.0375094413757324
 0.5379543900489807
 2.0442984104156494
 2.0696909427642822
 2.1031494140625
 27.876113891601562
 80784536.0
 174330496.0
 370336192.0
 765913024.0
 1542267648.0
 3022974464.0
 5767875072.0
 10710951936.0
 19367225344.0
 34080200704.0
 58393120768.0
 97374306304.0
 158089953280.0
 249814810624.0
 384301662208.0
 575466176512.0
 838848217088.0
 1190310707200.0
 1644129026048.0
 2210723790848.0
 2893557268480.0
 3686798458880.0
 4572604530688.0
 5520791437312.0
 6488487624704.0
 7423122735104.0
 8267097440256.0
 8962140274688.0
 9458223677440.0
 9715976241152.0
 9715974144000.0
 9458201657344.0
 8962146566144.0
 8267090624512.0
 7423135842304.0
 6488496013312.0
 5520787243008.0
 4572602433536.0
 3686796623872.0
 2893548617728.0
 2210725363712.0
 1644132433920.0
 1190306906112.0
 838845464576.0
 575465717760.0
 384300744704.0
 249811533824.0
 158088527872.0
 97374732288.0
 58393919488.0
 34079698944.0
 19367997440.0
 10710635520.0
 5767968256.0
 3022700800.0
 1542352768.0
 766027072.0
 370337280.0
 174319056.0
 80778056.0
 23.389892578125
 4.470517635345459
 1.7522633075714111
 4.725893020629883
 1.701735496520996
 1.6489245891571045
 1.9850916862487793
 2.2832560539245605
 1.3970351219177246
 1.3297327756881714
 2.010885238647461
 0.6402489542961121
 1.744178056716919
 1.267086386680603
 0.6062191724777222
 0.1851588636636734
 0.5132408142089844
 2.183807134628296
 4.591347694396973
 16.41120719909668
 44675824.0
 96391928.0
 204774592.0
 423606784.0
 853036608.0
 1671638528.0
 3189625600.0
 5923483136.0
 10710816768.0
 18847549440.0
 32293801984.0
 53850222592.0
 87427538944.0
 138154098688.0
 212530905088.0
 318250811392.0
 463909453824.0
 658276417536.0
 909249937408.0
 1222590726144.0
 1600231571456.0
 2038907928576.0
 2528827932672.0
 3053194313728.0
 3588389076992.0
 4105218555904.0
 4572015755264.0
 4956471951360.0
 5230619000832.0
 5373220093952.0
 5373217996800.0
 5230654128128.0
 4956477718528.0
 4572002123776.0
 4105211215872.0
 3588375707648.0
 3053196673024.0
 2528833961984.0
 2038908846080.0
 1600235110400.0
 1222594002944.0
 909245022208.0
 658278842368.0
 463909814272.0
 318249959424.0
 212530315264.0
 138154000384.0
 87427915776.0
 53850632192.0
 32294014976.0
 18847051776.0
 10710735872.0
 5923368448.0
 3189903872.0
 1671547264.0
 853007168.0
 423664832.0
 204809776.0
 96383224.0
 44661348.0
 30.949377059936523
 4.419047832489014
 3.873662233352661
 6.981744289398193
 2.742905616760254
 3.7642786502838135
 2.742159605026245
 1.6605881452560425
 1.0880969762802124
 2.097043991088867
 4.111630439758301
 2.2593228816986084
 1.906637191772461
 2.2351224422454834
 1.9796953201293945
 1.961348295211792
 1.8744785785675049
 2.0087931156158447
 3.043687582015991
 12.28691291809082
 24048876.0
 51906300.0
 110285744.0
 228104208.0
 459311840.0
 900268416.0
 1717796864.0
 3189864192.0
 5767778304.0
 10149378048.0
 17390225408.0
 28999297024.0
 47080865792.0
 74397589504.0
 114448965632.0
 171380277248.0
 249818562560.0
 354487369728.0
 489640263680.0
 658381733888.0
 861725851648.0
 1097960194048.0
 1361775034368.0
 1644138332160.0
 1932317818880.0
 2210730868736.0
 2462028922880.0
 2669109575680.0
 2816721289216.0
 2893600260096.0
 2893594492928.0
 2816709754880.0
 2669113507840.0
 2462027612160.0
 2210737946624.0
 1932320833536.0
 1644141477888.0
 1361775034368.0
 1097963536384.0
 861724606464.0
 658381209600.0
 489641836544.0
 354485567488.0
 249817300992.0
 171380260864.0
 114448326656.0
 74396598272.0
 47080779776.0
 28999614464.0
 17390172160.0
 10149416960.0
 5768110080.0
 3189700608.0
 1717740160.0
 900239424.0
 459304032.0
 228117616.0
 110288904.0
 51923832.0
 24059034.0
 7.458093643188477
 2.006035089492798
 1.7696868181228638
 4.15610408782959
 1.6312110424041748
 4.677356243133545
 1.6952821016311646
 1.1419174671173096
 2.456453800201416
 1.4907134771347046
 5.709631443023682
 1.3677051067352295
 0.5545819401741028
 1.0776311159133911
 0.15839867293834686
 0.13453684747219086
 0.8074265122413635
 1.4827719926834106
 4.04088020324707
 3.9337685108184814
 12608737.0
 27199572.0
 57804336.0
 119575592.0
 240724672.0
 471703488.0
 900201280.0
 1671529344.0
 3022845440.0
 5318837248.0
 9113922560.0
 15197571072.0
 24672999424.0
 38988218368.0
 59978444800.0
 89812983808.0
 130920005632.0
 185772408832.0
 256603684864.0
 345032392704.0
 451601170432.0
 575406276608.0
 713653616640.0
 861637443584.0
 1012660568064.0
 1158538330112.0
 1290266083328.0
 1398734848000.0
 1476151869440.0
 1516408012800.0
 1516414173184.0
 1476155015168.0
 1398743367680.0
 1290270146560.0
 1158535970816.0
 1012664565760.0
 861633904640.0
 713651650560.0
 575405031424.0
 451604611072.0
 345031606272.0
 256601669632.0
 185774882816.0
 130922463232.0
 89814163456.0
 59979628544.0
 38989324288.0
 24673196032.0
 15196962816.0
 9113757696.0
 5319027712.0
 3022547200.0
 1671723648.0
 900159040.0
 471778784.0
 240735696.0
 119530600.0
 57791648.0
 27194450.0
 12610404.0
 6.699351787567139
 3.657172918319702
 0.20072436332702637
 1.4699758291244507
 0.6014597415924072
 2.019198417663574
 1.0793514251708984
 1.0653477907180786
 1.7473992109298706
 1.1204437017440796
 4.215481758117676
 1.6705818176269531
 0.1694043129682541
 1.0892441272735596
 0.6859312653541565
 0.8616998195648193
 0.9612157344818115
 0.9157604575157166
 3.4104883670806885
 5.456819534301758
 6431544.5
 13884244.0
 29488414.0
 61012200.0
 122842088.0
 240694608.0
 459352512.0
 852988288.0
 1542417024.0
 2713957376.0
 4650461184.0
 7754428928.0
 12589574144.0
 19894290432.0
 30604582912.0
 45828972544.0
 66804785152.0
 94792155136.0
 130934079488.0
 176054484992.0
 230434226176.0
 293603278848.0
 364154486784.0
 439657955328.0
 516723212288.0
 591165587456.0
 658373017600.0
 713747660800.0
 753202888704.0
 773771362304.0
 773771821056.0
 753211277312.0
 713745301504.0
 658371444736.0
 591164669952.0
 516720427008.0
 439660707840.0
 364152913920.0
 293604065280.0
 230433898496.0
 176055615488.0
 130934644736.0
 94793588736.0
 66804633600.0
 45828792320.0
 30604797952.0
 19894747136.0
 12589977600.0
 7754541056.0
 4650264064.0
 2714128896.0
 1542271744.0
 853039040.0
 459313280.0
 240750000.0
 122829008.0
 60997524.0
 29486924.0
 13883844.0
 6431392.0
 4.798434734344482
 1.2924846410751343
 0.8002171516418457
 1.7726389169692993
 0.7683451771736145
 5.4029316902160645
 1.2142415046691895
 1.2538185119628906
 5.129601955413818
 0.5463921427726746
 3.7662363052368164
 0.7247438430786133
 2.2191336154937744
 1.4873387813568115
 0.514920175075531
 0.5499818921089172
 1.0171535015106201
 1.2641487121582031
 1.6420105695724487
 2.3614468574523926
 3194649.75
 6896465.0
 14648429.0
 30288862.0
 60990676.0
 119570008.0
 228141904.0
 423635776.0
 765955200.0
 1347813760.0
 2309392640.0
 3851125760.0
 6252355072.0
 9880232960.0
 15198948352.0
 22759649280.0
 33176541184.0
 47075930112.0
 65024331776.0
 87433527296.0
 114438496256.0
 145809408000.0
 180842233856.0
 218342113280.0
 256614793216.0
 293583978496.0
 326954287104.0
 354453422080.0
 374072705024.0
 384268402688.0
 384264011776.0
 374066413568.0
 354453749760.0
 326955532288.0
 293583454208.0
 256611975168.0
 218344144896.0
 180841725952.0
 145809473536.0
 114437439488.0
 87432994816.0
 65025118208.0
 47075328000.0
 33175939072.0
 22759630848.0
 15198756864.0
 9879883776.0
 6252264960.0
 3851213824.0
 2309434112.0
 1347852032.0
 766060224.0
 423595968.0
 228116576.0
 119542680.0
 61004496.0
 30301204.0
 14640215.0
 6894363.5
 3191249.75
 4.047688007354736
 2.0933828353881836
 1.7869749069213867
 3.2206287384033203
 1.6783603429794312
 3.8514621257781982
 2.1785452365875244
 1.0205979347229004
 1.7342541217803955
 1.240630865097046
 9.738629341125488
 4.235458850860596
 6.85947322845459
 6.439510822296143
 4.720780849456787
 4.885124206542969
 1.943692922592163
 4.9634599685668945
 1.6823155879974365
 3.48209285736084
 1541006.875
 3328466.0
 7083924.5
 14652597.0
 29491306.0
 57793164.0
 110312864.0
 204794032.0
 370340800.0
 651648192.0
 1116548736.0
 1862038912.0
 3022948864.0
 4776782848.0
 7348336640.0
 11003693056.0
 16039725056.0
 22760579072.0
 31437946880.0
 42272415744.0
 55328198656.0
 70496854016.0
 87435124736.0
 105564749824.0
 124066242560.0
 141943586816.0
 158077534208.0
 171373854720.0
 180856111104.0
 185787465728.0
 185787940864.0
 180852391936.0
 171375607808.0
 158078238720.0
 141944619008.0
 124068577280.0
 105564274688.0
 87435091968.0
 70496280576.0
 55327694848.0
 42272362496.0
 31438217216.0
 22760091648.0
 16039520256.0
 11003525120.0
 7348286464.0
 4776644096.0
 3022795264.0
 1862022016.0
 1116604160.0
 651584512.0
 370427040.0
 204770864.0
 110309200.0
 57783156.0
 29486604.0
 14651188.0
 7084538.5
 3335234.75
 1545907.125
 1.9887480735778809
 5.975325107574463
 2.1849069595336914
 3.22976016998291
 3.4950547218322754
 1.5221595764160156
 3.746356248855591
 2.947126865386963
 0.6311309337615967
 3.6295039653778076
 3.2006216049194336
 1.112838864326477
 3.6497981548309326
 1.7257050275802612
 1.5499707460403442
 2.1415939331054688
 1.562252163887024
 2.3134424686431885
 1.9263802766799927
 0.6060788631439209
 726566.125
 1566736.25
 3333811.25
 6895201.0
 13881433.0
 27198294.0
 51897984.0
 96393888.0
 174270336.0
 306712480.0
 525525120.0
 876247296.0
 1422674944.0
 2248125440.0
 3458576128.0
 5178878464.0
 7548755456.0
 10711882752.0
 14795523072.0
 19895068672.0
 26039922688.0
 33177710592.0
 41150349312.0
 49682644992.0
 58391592960.0
 66803015680.0
 74396696576.0
 80653705216.0
 85118058496.0
 87437123584.0
 87436468224.0
 85116469248.0
 80654082048.0
 74398441472.0
 66802372608.0
 58392231936.0
 49682202624.0
 41150058496.0
 33178179584.0
 26040758272.0
 19894689792.0
 14795598848.0
 10712088576.0
 7548861440.0
 5178874880.0
 3458518784.0
 2248183552.0
 1422665856.0
 876237952.0
 525496960.0
 306697216.0
 174293344.0
 96394064.0
 51901024.0
 27199826.0
 13881052.0
 6890279.0
 3332930.5
 1567841.125
 727708.75
 1.7303966283798218
 4.997073650360107
 1.139761209487915
 1.7860474586486816
 2.1683106422424316
 1.1628097295761108
 2.6205549240112305
 3.3912274837493896
 1.596823811531067
 2.0899288654327393
 2.54069185256958
 0.9046970009803772
 1.5749047994613647
 0.4489794969558716
 0.2095944583415985
 0.535955011844635
 2.132296085357666
 0.9992014765739441
 1.93451988697052
 0.3504492938518524
 332286.875
 715672.875
 1522480.625
 3148799.0
 6337823.5
 12417129.0
 23694800.0
 44005420.0
 79579400.0
 140053328.0
 239962256.0
 400135200.0
 649628992.0
 1026480704.0
 1579104512.0
 2364540672.0
 3446739456.0
 4891158016.0
 6755736576.0
 9084122112.0
 11889702912.0
 15149335552.0
 18789498880.0
 22685638656.0
 26661193728.0
 30502533120.0
 33970026496.0
 36826816512.0
 38864658432.0
 39924469760.0
 39924494336.0
 38864412672.0
 36827287552.0
 33969750016.0
 30502221824.0
 26662135808.0
 22684868608.0
 18789580800.0
 15149341696.0
 11889853440.0
 9083988992.0
 6755838464.0
 4891161088.0
 3446819072.0
 2364637440.0
 1579182080.0
 1026523776.0
 649586176.0
 400093056.0
 239967392.0
 140031104.0
 79581168.0
 44014088.0
 23701956.0
 12415017.0
 6340843.0
 3147224.75
 1522312.25
 714655.75
 332132.15625
 1.040266990661621
 5.242898464202881
 0.2898116409778595
 0.46774354577064514
 0.9287845492362976
 1.5876004695892334
 1.2919131517410278
 1.3945906162261963
 3.4120585918426514
 1.2946051359176636
 0.0
 0.0
 0.0
 0.0
 0.0
 0.0
 0.0
 0.0
 0.0
 0.0
 0.0
 0.0
 0.0
 0.0
 0.0
 0.0
 0.0
 0.0
 0.0
 0.0
 0.0
 0.0
 0.0
 0.0
 0.0
 0.0
 0.0
 0.0
 0.0
 0.0
 0.0
 0.0
 0.0
 0.0
 0.0
 0.0
 0.0
 0.0
 0.0
 0.0
 0.0
 0.0
 0.0
 0.0
 0.0
 0.0
 0.0
 0.0
 0.0
 0.0
 0.0
 0.0
 0.0
 0.0
 0.0
 0.0
 0.0
 0.0
 0.0
 0.0
 0.0
 0.0
 0.0
 0.0
 0.0
 0.0
 0.0
 0.0
 0.0
 0.0
 0.0
 0.0
 0.0
 0.0
 0.0
 0.0
 0.0
 0.0
 0.0
 0.0
 0.0
 0.0
 0.0
 0.0
 0.0
 0.0
 0.0
 0.0
 0.0
 0.0
 0.0
 0.0
 0.0
 0.0
 0.0
 0.0
 0.0
 0.0
 0.0
 0.0
 0.0
 0.0
 0.0
 0.0
 0.0
 0.0
 0.0
 0.0
 0.0
 0.0
 0.0
 0.0
 0.0
 0.0
 0.0
 0.0
 0.0
 0.0
 0.0
 0.0
 0.0
 0.0
 0.0
 0.0
 0.0
 0.0
 0.0
 0.0
 0.0
 0.0
 0.0
 0.0
 0.0
 0.0
 0.0
 0.0
 0.0
 0.0
 0.0
 0.0
 0.0
 0.0
 0.0
 0.0
 0.0
 0.0
 0.0
 0.0
 0.0
 0.0
 0.0
 0.0
 0.0
 0.0
 0.0
 0.0
 0.0
 0.0
 0.0
 0.0
 0.0
 0.0
 0.0
 0.0
 0.0
 0.0
 0.0
 0.0
 0.0
 0.0
 0.0
 0.0
 0.0
 0.0
 0.0
 0.0
 0.0
 0.0
 0.0
 0.0
 0.0
 0.0
 0.0
 0.0
 0.0
 0.0
 0.0
 0.0
 0.0
 0.0
 0.0
 0.0
 0.0
 0.0
 0.0
 0.0
 0.0
 0.0
 0.0
 0.0
 0.0
 0.0
 0.0
 0.0
 0.0
 0.0
 0.0
 0.0
 0.0
 0.0
 0.0
 0.0
 0.0
 0.0
 0.0
 0.0
 0.0
 0.0
 0.0
 0.0
 0.0
 0.0
 0.0
 0.0
 0.0
 0.0
 0.0
 0.0
 0.0
 0.0
 0.0
 0.0
 0.0
 0.0
 0.0
 0.0
 0.0
 0.0
 0.0
 0.0
 0.0
 0.0
 0.0
 0.0
 0.0
 0.0
 0.0
 0.0
 0.0
 0.0
 0.0
 0.0
 0.0
 0.0
 0.0
 0.0
 0.0
 0.0
 0.0
 0.0
 0.0
 0.0
 0.0
 0.0
 0.0
 0.0
 0.0
 0.0
 0.0
 0.0
 0.0
 0.0
 0.0
 0.0
 0.0
 0.0
 0.0
 0.0
 0.0
 0.0
 0.0
 0.0
 0.0
 0.0
 0.0
 0.0
 0.0
 0.0
 0.0
 0.0
 0.0
 0.0
 0.0
 0.0
 0.0
 0.0
 0.0
 0.0
 0.0
 0.0
 0.0
 0.0
 0.0
 0.0
 0.0
 0.0
 0.0
 0.0
 0.0
 0.0
 0.0
 0.0
 0.0
 0.0
 0.0
 0.0
 0.0
 0.0
 0.0
 0.0
 0.0
 0.0
 0.0
 0.0
 0.0
 0.0
 0.0
 0.0
 0.0
 0.0
 0.0
 0.0
 0.0
 0.0
 0.0
 0.0
 0.0
 0.0
 0.0
 0.0
 0.0
 0.0
 0.0
 0.0
 0.0
 0.0
 0.0
 0.0
 0.0
 0.0
 0.0
 0.0
 0.0
 0.0
 0.0
 0.0
 0.0
 0.0
 0.0
 0.0
 0.0
 0.0
 0.0
 0.0
 0.0
 0.0
 0.0
 0.0
 0.0
 0.0
 0.0
 0.0
 0.0
 0.0
 0.0
 0.0
 0.0
 0.0
 0.0
 0.0
 0.0
 0.0
 0.0
 0.0
 0.0
 0.0
 0.0
 0.0
 0.0
 0.0
 0.0
 0.0
 0.0
 0.0
 0.0
 0.0
 0.0
 0.0
 0.0
 0.0
 0.0
 0.0
 0.0
 0.0
 0.0
 0.0
 0.0
 0.0
 0.0
 0.0
 0.0
 0.0
 0.0
 0.0
 0.0
 0.0
 0.0
 0.0
 0.0
 0.0
 0.0
 0.0
 0.0
 0.0
 0.0
 0.0
 0.0
 0.0
 0.0
 0.0
 0.0
 0.0
 0.0
 0.0
 0.0
 0.0
 0.0
 0.0
 0.0
 0.0
 0.0
 0.0
 0.0
 0.0
 0.0
 0.0
 0.0
 0.0
 0.0
 0.0
 0.0
 0.0
 0.0
 0.0
 0.0
 0.0
 0.0
 0.0
 0.0
 0.0
 0.0
 0.0
 0.0
 0.0
 0.0
 0.0
 0.0
 0.0
 0.0
 0.0
 0.0
 0.0
 0.0
 0.0
 0.0
 0.0
 0.0
 0.0
 0.0
 0.0
 0.0
 0.0
 0.0
 0.0
 0.0
 0.0
 0.0
 0.0
 0.0
 0.0
 0.0
 0.0
 0.0
 0.0
 0.0
 0.0
 0.0
 0.0
 0.0
 0.0
 0.0
 0.0
 0.0
 0.0
 0.0
 0.0
 0.0
 0.0
 0.0
 0.0
 0.0
 0.0
 0.0
 0.0
 0.0
 0.0
 0.0
 0.0
 0.0
 0.0
 0.0
 0.0
 0.0
 0.0
 0.0
 0.0
 0.0
 0.0
 0.0
 0.0
 0.0
 0.0
 0.0
 0.0
 0.0
 0.0
 0.0
 0.0
 0.0
 0.0
 0.0
 0.0
 0.0
 0.0
 0.0
 0.0
 0.0
 0.0
 0.0
 0.0
 0.0
 0.0
 0.0
 0.0
 0.0
 0.0
 0.0
 0.0
 0.0
 0.0
 0.0
 0.0
 0.0
 0.0
 0.0
 0.0
 0.0
 0.0
 0.0
 0.0
 0.0
 0.0
 0.0
 0.0
 0.0
 0.0
 0.0
 0.0
 0.0
 0.0
 0.0
 0.0
 0.0
 0.0
 0.0
 0.0
 0.0
 0.0
 0.0
 0.0
 0.0
 0.0
 0.0
 0.0
 0.0
 0.0
 0.0
 0.0
 0.0
 0.0
 0.0
 0.0
 0.0
 0.0
 0.0
 0.0
 0.0
 0.0
 0.0
 0.0
 0.0
 0.0
 0.0
 0.0
 0.0
 0.0
 0.0
 0.0
 0.0
 0.0
 0.0
 0.0
 0.0
 0.0
 0.0
 0.0
 0.0
 0.0
 0.0
 0.0
 0.0
 0.0
 0.0
 0.0
 0.0
 0.0
 0.0
 0.0
 0.0
 0.0
 0.0
 0.0
 0.0
 0.0
 0.0
 0.0
 0.0
 0.0
 0.0
 0.0
 0.0
 0.0
 0.0
 0.0
 0.0
 0.0
 0.0
 0.0
 0.0
 0.0
 0.0
 0.0
 0.0
 0.0
 0.0
 0.0
 0.0
 0.0
 0.0
 0.0
 0.0
 0.0
 0.0
 0.0
 0.0
 0.0
 0.0
 0.0
 0.0
 0.0
 0.0
 0.0
 0.0
 0.0
 0.0
 0.0
 0.0
 0.0
 0.0
 0.0
 0.0
 0.0
 0.0
 0.0
 0.0
 0.0
 0.0
 0.0
 0.0
 0.0
 0.0
 0.0
 0.0
 0.0
 0.0
 0.0
 0.0
 0.0
 0.0
 0.0
 0.0
 0.0
 0.0
 0.0
 0.0
 0.0
 0.0
 0.0
 0.0
 0.0
 0.0
 0.0
 0.0
 0.0
 0.0
 0.0
 0.0
 0.0
 0.0
 0.0
 0.0
 0.0
 0.0
 0.0
 0.0
 0.0
 0.0
 0.0
 0.0
 0.0
 0.0
 0.0
 0.0
 0.0
 0.0
 0.0
 0.0
 0.0
 0.0
 0.0
 0.0
 0.0
 0.0
 0.0
 0.0
 0.0
 0.0
 0.0
 0.0
 0.0
 0.0
 0.0
 0.0
 0.0
 0.0
 0.0
 0.0
 0.0
 0.0
 0.0
 0.0
 0.0
 0.0
 0.0
 0.0
 0.0
 0.0
 0.0
 0.0
 0.0
 0.0
 0.0
 0.0
 0.0
 0.0
 0.0
 0.0
 0.0
 0.0
 0.0
 0.0
 0.0
 0.0
 0.0
 0.0
 0.0
 0.0
 0.0
 0.0
 0.0
