#Spectral Fluence [J/eV/mm^2] (C-aligned, inner loop is vs Photon Energy, outer loop vs Vertical Position)
#0 #Initial Photon Energy [eV]
#0 #Final Photon Energy [eV]
#1 #Number of points vs Photon Energy
#-0.0015 #Initial Horizontal Position [m]
#0.0015 #Final Horizontal Position [m]
#50 #Number of points vs Horizontal Position
#-0.0015 #Initial Vertical Position [m]
#0.0015 #Final Vertical Position [m]
#50 #Number of points vs Vertical Position
 4.310980392108199e-11
 1.1094047902560078e-10
 2.744726668169051e-10
 6.528352303192264e-10
 1.492805545844078e-09
 3.281694471723995e-09
 6.935665819440828e-09
 1.4092033318036101e-08
 2.7526718682224782e-08
 5.169282957240284e-08
 9.332574535392268e-08
 1.6198244168208475e-07
 2.7028974614040635e-07
 4.335972789704101e-07
 6.68711493290175e-07
 9.914853080772446e-07
 1.413281893292151e-06
 1.936720309458906e-06
 2.5515264496789314e-06
 3.2316820579580963e-06
 3.935068434657296e-06
 4.6065024434938096e-06
 5.184245310374536e-06
 5.609124855254777e-06
 5.834447620145511e-06
 5.834447620145511e-06
 5.609124855254777e-06
 5.184245310374536e-06
 4.6065024434938096e-06
 3.935068434657296e-06
 3.2316820579580963e-06
 2.5515264496789314e-06
 1.936720309458906e-06
 1.413281893292151e-06
 9.914853080772446e-07
 6.68711493290175e-07
 4.335972789704101e-07
 2.7028974614040635e-07
 1.6198244168208475e-07
 9.332574535392268e-08
 5.169282957240284e-08
 2.7526718682224782e-08
 1.4092033318036101e-08
 6.935665819440828e-09
 3.281694471723995e-09
 1.492805545844078e-09
 6.528352303192264e-10
 2.744726668169051e-10
 1.1094047902560078e-10
 4.310980392108199e-11
 1.1094047902560078e-10
 2.8549851371906243e-10
 7.063388207662058e-10
 1.680031780360025e-09
 3.84164389188868e-09
 8.445239174648123e-09
 1.7848517330776303e-08
 3.6264996339241407e-08
 7.083831832233045e-08
 1.3302833679063042e-07
 2.4016810584726045e-07
 4.1685194673846127e-07
 6.955743288017402e-07
 1.115836425924499e-06
 1.720887780720659e-06
 2.5515264496789314e-06
 3.636996552813798e-06
 4.984030965715647e-06
 6.566197953361552e-06
 8.316535058838781e-06
 1.0126658708031755e-05
 1.1854552212753333e-05
 1.3341342310013715e-05
 1.4434740478463937e-05
 1.5014596101536881e-05
 1.5014596101536881e-05
 1.4434740478463937e-05
 1.3341342310013715e-05
 1.1854552212753333e-05
 1.0126658708031755e-05
 8.316535058838781e-06
 6.566197953361552e-06
 4.984030965715647e-06
 3.636996552813798e-06
 2.5515264496789314e-06
 1.720887780720659e-06
 1.115836425924499e-06
 6.955743288017402e-07
 4.1685194673846127e-07
 2.4016810584726045e-07
 1.3302833679063042e-07
 7.083831832233045e-08
 3.6264996339241407e-08
 1.7848517330776303e-08
 8.445239174648123e-09
 3.84164389188868e-09
 1.680031780360025e-09
 7.063388207662058e-10
 2.8549851371906243e-10
 1.1094047902560078e-10
 2.744726668169051e-10
 7.063388207662058e-10
 1.7475203506478465e-09
 4.156488486728449e-09
 9.504432796347828e-09
 2.0893979879588187e-08
 4.415819887526595e-08
 8.972155995934372e-08
 1.7525785267480387e-07
 3.291193593213393e-07
 5.941889185123728e-07
 1.03131412743096e-06
 1.720887780720659e-06
 2.760639063126291e-06
 4.257570253685117e-06
 6.312614459602628e-06
 8.998124940262642e-06
 1.2330760910117533e-05
 1.624513060960453e-05
 2.0575558664859273e-05
 2.5053903300431557e-05
 2.9328806704143062e-05
 3.300719617982395e-05
 3.571231718524359e-05
 3.714692502398975e-05
 3.714692502398975e-05
 3.571231718524359e-05
 3.300719617982395e-05
 2.9328806704143062e-05
 2.5053903300431557e-05
 2.0575558664859273e-05
 1.624513060960453e-05
 1.2330760910117533e-05
 8.998124940262642e-06
 6.312614459602628e-06
 4.257570253685117e-06
 2.760639063126291e-06
 1.720887780720659e-06
 1.03131412743096e-06
 5.941889185123728e-07
 3.291193593213393e-07
 1.7525785267480387e-07
 8.972155995934372e-08
 4.415819887526595e-08
 2.0893979879588187e-08
 9.504432796347828e-09
 4.156488486728449e-09
 1.7475203506478465e-09
 7.063388207662058e-10
 2.744726668169051e-10
 6.528352303192264e-10
 1.680031780360025e-09
 4.156488486728449e-09
 9.88623582998116e-09
 2.2606361227417437e-08
 4.969646738572919e-08
 1.0503055847266296e-07
 2.1340331102237542e-07
 4.1685194673846127e-07
 7.82812435318192e-07
 1.413281893292151e-06
 2.4529883830837207e-06
 4.093144070793642e-06
 6.566197953361552e-06
 1.0126658708031755e-05
 1.5014596101536881e-05
 2.140209653589409e-05
 2.9328806704143062e-05
 3.8639143895125017e-05
 4.893910954706371e-05
 5.959087866358459e-05
 6.97587602189742e-05
 7.850784459151328e-05
 8.494199573760852e-05
 8.835421613184735e-05
 8.835421613184735e-05
 8.494199573760852e-05
 7.850784459151328e-05
 6.97587602189742e-05
 5.959087866358459e-05
 4.893910954706371e-05
 3.8639143895125017e-05
 2.9328806704143062e-05
 2.140209653589409e-05
 1.5014596101536881e-05
 1.0126658708031755e-05
 6.566197953361552e-06
 4.093144070793642e-06
 2.4529883830837207e-06
 1.413281893292151e-06
 7.82812435318192e-07
 4.1685194673846127e-07
 2.1340331102237542e-07
 1.0503055847266296e-07
 4.969646738572919e-08
 2.2606361227417437e-08
 9.88623582998116e-09
 4.156488486728449e-09
 1.680031780360025e-09
 6.528352303192264e-10
 1.492805545844078e-09
 3.84164389188868e-09
 9.504432796347828e-09
 2.2606361227417437e-08
 5.169282957240284e-08
 1.136384284450287e-07
 2.4016810584726045e-07
 4.879786388301e-07
 9.531942168905516e-07
 1.7900180182550685e-06
 3.2316820579580963e-06
 5.609124855254777e-06
 9.35958723857766e-06
 1.5014596101536881e-05
 2.3156122551881708e-05
 3.4333119401708245e-05
 4.893910954706371e-05
 6.706470594508573e-05
 8.835421613184735e-05
 0.00011190660006832331
 0.000136263421154581
 0.00015951383102219552
 0.00017951990594156086
 0.00019423261983320117
 0.0002020351093960926
 0.0002020351093960926
 0.00019423261983320117
 0.00017951990594156086
 0.00015951383102219552
 0.000136263421154581
 0.00011190660006832331
 8.835421613184735e-05
 6.706470594508573e-05
 4.893910954706371e-05
 3.4333119401708245e-05
 2.3156122551881708e-05
 1.5014596101536881e-05
 9.35958723857766e-06
 5.609124855254777e-06
 3.2316820579580963e-06
 1.7900180182550685e-06
 9.531942168905516e-07
 4.879786388301e-07
 2.4016810584726045e-07
 1.136384284450287e-07
 5.169282957240284e-08
 2.2606361227417437e-08
 9.504432796347828e-09
 3.84164389188868e-09
 1.492805545844078e-09
 3.281694471723995e-09
 8.445239174648123e-09
 2.0893979879588187e-08
 4.969646738572919e-08
 1.136384284450287e-07
 2.498159403785394e-07
 5.279711672301346e-07
 1.0727430890256073e-06
 2.0954453248123173e-06
 3.935068434657296e-06
 7.104335963958874e-06
 1.2330760910117533e-05
 2.0575558664859273e-05
 3.300719617982395e-05
 5.0905040552606806e-05
 7.547587301814929e-05
 0.00010758481221273541
 0.00014743104111403227
 0.00019423261983320117
 0.0002460088289808482
 0.0002995535032823682
 0.0003506657958496362
 0.0003946458746213466
 0.00042698936886154115
 0.00044414191506803036
 0.00044414191506803036
 0.00042698936886154115
 0.0003946458746213466
 0.0003506657958496362
 0.0002995535032823682
 0.0002460088289808482
 0.00019423261983320117
 0.00014743104111403227
 0.00010758481221273541
 7.547587301814929e-05
 5.0905040552606806e-05
 3.300719617982395e-05
 2.0575558664859273e-05
 1.2330760910117533e-05
 7.104335963958874e-06
 3.935068434657296e-06
 2.0954453248123173e-06
 1.0727430890256073e-06
 5.279711672301346e-07
 2.498159403785394e-07
 1.136384284450287e-07
 4.969646738572919e-08
 2.0893979879588187e-08
 8.445239174648123e-09
 3.281694471723995e-09
 6.935665819440828e-09
 1.7848517330776303e-08
 4.415819887526595e-08
 1.0503055847266296e-07
 2.4016810584726045e-07
 5.279711672301346e-07
 1.115836425924499e-06
 2.2671795250062132e-06
 4.428600277606165e-06
 8.316535058838781e-06
 1.5014596101536881e-05
 2.606034104246646e-05
 4.3485237256390974e-05
 6.97587602189742e-05
 0.00010758481221273541
 0.00015951383102219552
 0.00022737418476026505
 0.00031158688943833113
 0.00041049919673241675
 0.0005199250881560147
 0.0006330887554213405
 0.0007411113474518061
 0.0008340607164427638
 0.0009024169994518161
 0.0009386679739691317
 0.0009386679739691317
 0.0009024169994518161
 0.0008340607164427638
 0.0007411113474518061
 0.0006330887554213405
 0.0005199250881560147
 0.00041049919673241675
 0.00031158688943833113
 0.00022737418476026505
 0.00015951383102219552
 0.00010758481221273541
 6.97587602189742e-05
 4.3485237256390974e-05
 2.606034104246646e-05
 1.5014596101536881e-05
 8.316535058838781e-06
 4.428600277606165e-06
 2.2671795250062132e-06
 1.115836425924499e-06
 5.279711672301346e-07
 2.4016810584726045e-07
 1.0503055847266296e-07
 4.415819887526595e-08
 1.7848517330776303e-08
 6.935665819440828e-09
 1.4092033318036101e-08
 3.6264996339241407e-08
 8.972155995934372e-08
 2.1340331102237542e-07
 4.879786388301e-07
 1.0727430890256073e-06
 2.2671795250062132e-06
 4.6065024434938096e-06
 8.998124940262642e-06
 1.689771124802064e-05
 3.0506978873745538e-05
 5.2949952078051865e-05
 8.835421613184735e-05
 0.00014173731324262917
 0.0002185930497944355
 0.00032410360290668905
 0.0004619835817720741
 0.0006330887554213405
 0.0008340607164427638
 0.0010563947726041079
 0.0012863227166235447
 0.0015058052958920598
 0.0016946624964475632
 0.001833548885770142
 0.0019072052091360092
 0.0019072052091360092
 0.001833548885770142
 0.0016946624964475632
 0.0015058052958920598
 0.0012863227166235447
 0.0010563947726041079
 0.0008340607164427638
 0.0006330887554213405
 0.0004619835817720741
 0.00032410360290668905
 0.0002185930497944355
 0.00014173731324262917
 8.835421613184735e-05
 5.2949952078051865e-05
 3.0506978873745538e-05
 1.689771124802064e-05
 8.998124940262642e-06
 4.6065024434938096e-06
 2.2671795250062132e-06
 1.0727430890256073e-06
 4.879786388301e-07
 2.1340331102237542e-07
 8.972155995934372e-08
 3.6264996339241407e-08
 1.4092033318036101e-08
 2.7526718682224782e-08
 7.083831832233045e-08
 1.7525785267480387e-07
 4.1685194673846127e-07
 9.531942168905516e-07
 2.0954453248123173e-06
 4.428600277606165e-06
 8.998124940262642e-06
 1.7576512618688866e-05
 3.300719617982395e-05
 5.959087866358459e-05
 0.00010342992027290165
 0.00017258692241739482
 0.0002768629929050803
 0.00042698936886154115
 0.0006330887554213405
 0.0009024169994518161
 0.0012366455048322678
 0.0016292149666696787
 0.0020635114051401615
 0.0025126421824097633
 0.0029413695447146893
 0.0033102724701166153
 0.0035815685987472534
 0.003725445130839944
 0.003725445130839944
 0.0035815685987472534
 0.0033102724701166153
 0.0029413695447146893
 0.0025126421824097633
 0.0020635114051401615
 0.0016292149666696787
 0.0012366455048322678
 0.0009024169994518161
 0.0006330887554213405
 0.00042698936886154115
 0.0002768629929050803
 0.00017258692241739482
 0.00010342992027290165
 5.959087866358459e-05
 3.300719617982395e-05
 1.7576512618688866e-05
 8.998124940262642e-06
 4.428600277606165e-06
 2.0954453248123173e-06
 9.531942168905516e-07
 4.1685194673846127e-07
 1.7525785267480387e-07
 7.083831832233045e-08
 2.7526718682224782e-08
 5.169282957240284e-08
 1.3302833679063042e-07
 3.291193593213393e-07
 7.82812435318192e-07
 1.7900180182550685e-06
 3.935068434657296e-06
 8.316535058838781e-06
 1.689771124802064e-05
 3.300719617982395e-05
 6.19846978224814e-05
 0.00011190660006832331
 0.00019423261983320117
 0.00032410360290668905
 0.0005199250881560147
 0.0008018496446311474
 0.0011888867011293769
 0.0016946624964475632
 0.0023223147727549076
 0.003059527138248086
 0.003875100053846836
 0.004718528129160404
 0.0055236415937542915
 0.00621641194447875
 0.006725883577018976
 0.006996067240834236
 0.006996067240834236
 0.006725883577018976
 0.00621641194447875
 0.0055236415937542915
 0.004718528129160404
 0.003875100053846836
 0.003059527138248086
 0.0023223147727549076
 0.0016946624964475632
 0.0011888867011293769
 0.0008018496446311474
 0.0005199250881560147
 0.00032410360290668905
 0.00019423261983320117
 0.00011190660006832331
 6.19846978224814e-05
 3.300719617982395e-05
 1.689771124802064e-05
 8.316535058838781e-06
 3.935068434657296e-06
 1.7900180182550685e-06
 7.82812435318192e-07
 3.291193593213393e-07
 1.3302833679063042e-07
 5.169282957240284e-08
 9.332574535392268e-08
 2.4016810584726045e-07
 5.941889185123728e-07
 1.413281893292151e-06
 3.2316820579580963e-06
 7.104335963958874e-06
 1.5014596101536881e-05
 3.0506978873745538e-05
 5.959087866358459e-05
 0.00011190660006832331
 0.0002020351093960926
 0.0003506657958496362
 0.0005851335590705276
 0.0009386679739691317
 0.0014476520009338856
 0.002146404702216387
 0.003059527138248086
 0.004192685708403587
 0.0055236415937542915
 0.006996067240834236
 0.008518785238265991
 0.00997233111411333
 0.011223048903048038
 0.012142844498157501
 0.012630635872483253
 0.012630635872483253
 0.012142844498157501
 0.011223048903048038
 0.00997233111411333
 0.008518785238265991
 0.006996067240834236
 0.0055236415937542915
 0.004192685708403587
 0.003059527138248086
 0.002146404702216387
 0.0014476520009338856
 0.0009386679739691317
 0.0005851335590705276
 0.0003506657958496362
 0.0002020351093960926
 0.00011190660006832331
 5.959087866358459e-05
 3.0506978873745538e-05
 1.5014596101536881e-05
 7.104335963958874e-06
 3.2316820579580963e-06
 1.413281893292151e-06
 5.941889185123728e-07
 2.4016810584726045e-07
 9.332574535392268e-08
 1.6198244168208475e-07
 4.1685194673846127e-07
 1.03131412743096e-06
 2.4529883830837207e-06
 5.609124855254777e-06
 1.2330760910117533e-05
 2.606034104246646e-05
 5.2949952078051865e-05
 0.00010342992027290165
 0.00019423261983320117
 0.0003506657958496362
 0.000608638976700604
 0.0010155969066545367
 0.0016292149666696787
 0.0025126421824097633
 0.003725445130839944
 0.0053103212267160416
 0.007277106400579214
 0.009587205946445465
 0.012142844498157501
 0.014785775914788246
 0.01730864867568016
 0.019479479640722275
 0.021075936034321785
 0.021922575309872627
 0.021922575309872627
 0.021075936034321785
 0.019479479640722275
 0.01730864867568016
 0.014785775914788246
 0.012142844498157501
 0.009587205946445465
 0.007277106400579214
 0.0053103212267160416
 0.003725445130839944
 0.0025126421824097633
 0.0016292149666696787
 0.0010155969066545367
 0.000608638976700604
 0.0003506657958496362
 0.00019423261983320117
 0.00010342992027290165
 5.2949952078051865e-05
 2.606034104246646e-05
 1.2330760910117533e-05
 5.609124855254777e-06
 2.4529883830837207e-06
 1.03131412743096e-06
 4.1685194673846127e-07
 1.6198244168208475e-07
 2.7028974614040635e-07
 6.955743288017402e-07
 1.720887780720659e-06
 4.093144070793642e-06
 9.35958723857766e-06
 2.0575558664859273e-05
 4.3485237256390974e-05
 8.835421613184735e-05
 0.00017258692241739482
 0.00032410360290668905
 0.0005851335590705276
 0.0010155969066545367
 0.0016946624964475632
 0.002718566218391061
 0.004192685708403587
 0.00621641194447875
 0.008860994130373001
 0.012142844498157501
 0.01599755510687828
 0.020261988043785095
 0.02467208355665207
 0.02888183854520321
 0.03250417113304138
 0.03516806662082672
 0.036580801010131836
 0.036580801010131836
 0.03516806662082672
 0.03250417113304138
 0.02888183854520321
 0.02467208355665207
 0.020261988043785095
 0.01599755510687828
 0.012142844498157501
 0.008860994130373001
 0.00621641194447875
 0.004192685708403587
 0.002718566218391061
 0.0016946624964475632
 0.0010155969066545367
 0.0005851335590705276
 0.00032410360290668905
 0.00017258692241739482
 8.835421613184735e-05
 4.3485237256390974e-05
 2.0575558664859273e-05
 9.35958723857766e-06
 4.093144070793642e-06
 1.720887780720659e-06
 6.955743288017402e-07
 2.7028974614040635e-07
 4.335972789704101e-07
 1.115836425924499e-06
 2.760639063126291e-06
 6.566197953361552e-06
 1.5014596101536881e-05
 3.300719617982395e-05
 6.97587602189742e-05
 0.00014173731324262917
 0.0002768629929050803
 0.0005199250881560147
 0.0009386679739691317
 0.0016292149666696787
 0.002718566218391061
 0.004361110273748636
 0.006725883577018976
 0.00997233111411333
 0.014214757829904556
 0.019479479640722275
 0.025663189589977264
 0.03250417113304138
 0.03957882151007652
 0.04633207619190216
 0.05214300751686096
 0.05641641467809677
 0.058682724833488464
 0.058682724833488464
 0.05641641467809677
 0.05214300751686096
 0.04633207619190216
 0.03957882151007652
 0.03250417113304138
 0.025663189589977264
 0.019479479640722275
 0.014214757829904556
 0.00997233111411333
 0.006725883577018976
 0.004361110273748636
 0.002718566218391061
 0.0016292149666696787
 0.0009386679739691317
 0.0005199250881560147
 0.0002768629929050803
 0.00014173731324262917
 6.97587602189742e-05
 3.300719617982395e-05
 1.5014596101536881e-05
 6.566197953361552e-06
 2.760639063126291e-06
 1.115836425924499e-06
 4.335972789704101e-07
 6.68711493290175e-07
 1.720887780720659e-06
 4.257570253685117e-06
 1.0126658708031755e-05
 2.3156122551881708e-05
 5.0905040552606806e-05
 0.00010758481221273541
 0.0002185930497944355
 0.00042698936886154115
 0.0008018496446311474
 0.0014476520009338856
 0.0025126421824097633
 0.004192685708403587
 0.006725883577018976
 0.010372931137681007
 0.015379736199975014
 0.021922575309872627
 0.030042046681046486
 0.03957882151007652
 0.05012927204370499
 0.06104008108377457
 0.07145524770021439
 0.08041705191135406
 0.08700770139694214
 0.09050288051366806
 0.09050288051366806
 0.08700770139694214
 0.08041705191135406
 0.07145524770021439
 0.06104008108377457
 0.05012927204370499
 0.03957882151007652
 0.030042046681046486
 0.021922575309872627
 0.015379736199975014
 0.010372931137681007
 0.006725883577018976
 0.004192685708403587
 0.0025126421824097633
 0.0014476520009338856
 0.0008018496446311474
 0.00042698936886154115
 0.0002185930497944355
 0.00010758481221273541
 5.0905040552606806e-05
 2.3156122551881708e-05
 1.0126658708031755e-05
 4.257570253685117e-06
 1.720887780720659e-06
 6.68711493290175e-07
 9.914853080772446e-07
 2.5515264496789314e-06
 6.312614459602628e-06
 1.5014596101536881e-05
 3.4333119401708245e-05
 7.547587301814929e-05
 0.00015951383102219552
 0.00032410360290668905
 0.0006330887554213405
 0.0011888867011293769
 0.002146404702216387
 0.003725445130839944
 0.00621641194447875
 0.00997233111411333
 0.015379736199975014
 0.022803237661719322
 0.03250417113304138
 0.04454273730516434
 0.058682724833488464
 0.07432563602924347
 0.09050288051366806
 0.10594522953033447
 0.11923278123140335
 0.129004567861557
 0.13418683409690857
 0.13418683409690857
 0.129004567861557
 0.11923278123140335
 0.10594522953033447
 0.09050288051366806
 0.07432563602924347
 0.058682724833488464
 0.04454273730516434
 0.03250417113304138
 0.022803237661719322
 0.015379736199975014
 0.00997233111411333
 0.00621641194447875
 0.003725445130839944
 0.002146404702216387
 0.0011888867011293769
 0.0006330887554213405
 0.00032410360290668905
 0.00015951383102219552
 7.547587301814929e-05
 3.4333119401708245e-05
 1.5014596101536881e-05
 6.312614459602628e-06
 2.5515264496789314e-06
 9.914853080772446e-07
 1.413281893292151e-06
 3.636996552813798e-06
 8.998124940262642e-06
 2.140209653589409e-05
 4.893910954706371e-05
 0.00010758481221273541
 0.00022737418476026505
 0.0004619835817720741
 0.0009024169994518161
 0.0016946624964475632
 0.003059527138248086
 0.0053103212267160416
 0.008860994130373001
 0.014214757829904556
 0.021922575309872627
 0.03250417113304138
 0.04633207619190216
 0.06349211186170578
 0.08364750444889069
 0.10594522953033447
 0.129004567861557
 0.15101639926433563
 0.1699567586183548
 0.18388566374778748
 0.1912725418806076
 0.1912725418806076
 0.18388566374778748
 0.1699567586183548
 0.15101639926433563
 0.129004567861557
 0.10594522953033447
 0.08364750444889069
 0.06349211186170578
 0.04633207619190216
 0.03250417113304138
 0.021922575309872627
 0.014214757829904556
 0.008860994130373001
 0.0053103212267160416
 0.003059527138248086
 0.0016946624964475632
 0.0009024169994518161
 0.0004619835817720741
 0.00022737418476026505
 0.00010758481221273541
 4.893910954706371e-05
 2.140209653589409e-05
 8.998124940262642e-06
 3.636996552813798e-06
 1.413281893292151e-06
 1.936720309458906e-06
 4.984030965715647e-06
 1.2330760910117533e-05
 2.9328806704143062e-05
 6.706470594508573e-05
 0.00014743104111403227
 0.00031158688943833113
 0.0006330887554213405
 0.0012366455048322678
 0.0023223147727549076
 0.004192685708403587
 0.007277106400579214
 0.012142844498157501
 0.019479479640722275
 0.030042046681046486
 0.04454273730516434
 0.06349211186170578
 0.08700770139694214
 0.11462805420160294
 0.1451842039823532
 0.17678403854370117
 0.2069484144449234
 0.23290373384952545
 0.25199148058891296
 0.26211419701576233
 0.26211419701576233
 0.25199148058891296
 0.23290373384952545
 0.2069484144449234
 0.17678403854370117
 0.1451842039823532
 0.11462805420160294
 0.08700770139694214
 0.06349211186170578
 0.04454273730516434
 0.030042046681046486
 0.019479479640722275
 0.012142844498157501
 0.007277106400579214
 0.004192685708403587
 0.0023223147727549076
 0.0012366455048322678
 0.0006330887554213405
 0.00031158688943833113
 0.00014743104111403227
 6.706470594508573e-05
 2.9328806704143062e-05
 1.2330760910117533e-05
 4.984030965715647e-06
 1.936720309458906e-06
 2.5515264496789314e-06
 6.566197953361552e-06
 1.624513060960453e-05
 3.8639143895125017e-05
 8.835421613184735e-05
 0.00019423261983320117
 0.00041049919673241675
 0.0008340607164427638
 0.0016292149666696787
 0.003059527138248086
 0.0055236415937542915
 0.009587205946445465
 0.01599755510687828
 0.025663189589977264
 0.03957882151007652
 0.058682724833488464
 0.08364750444889069
 0.11462805420160294
 0.15101639926433563
 0.1912725418806076
 0.23290373384952545
 0.2726436257362366
 0.3068383038043976
 0.3319854736328125
 0.3453216254711151
 0.3453216254711151
 0.3319854736328125
 0.3068383038043976
 0.2726436257362366
 0.23290373384952545
 0.1912725418806076
 0.15101639926433563
 0.11462805420160294
 0.08364750444889069
 0.058682724833488464
 0.03957882151007652
 0.025663189589977264
 0.01599755510687828
 0.009587205946445465
 0.0055236415937542915
 0.003059527138248086
 0.0016292149666696787
 0.0008340607164427638
 0.00041049919673241675
 0.00019423261983320117
 8.835421613184735e-05
 3.8639143895125017e-05
 1.624513060960453e-05
 6.566197953361552e-06
 2.5515264496789314e-06
 3.2316820579580963e-06
 8.316535058838781e-06
 2.0575558664859273e-05
 4.893910954706371e-05
 0.00011190660006832331
 0.0002460088289808482
 0.0005199250881560147
 0.0010563947726041079
 0.0020635114051401615
 0.003875100053846836
 0.006996067240834236
 0.012142844498157501
 0.020261988043785095
 0.03250417113304138
 0.05012927204370499
 0.07432563602924347
 0.10594522953033447
 0.1451842039823532
 0.1912725418806076
 0.2422596961259842
 0.29498839378356934
 0.3453216254711151
 0.38863152265548706
 0.42048215866088867
 0.4373733401298523
 0.4373733401298523
 0.42048215866088867
 0.38863152265548706
 0.3453216254711151
 0.29498839378356934
 0.2422596961259842
 0.1912725418806076
 0.1451842039823532
 0.10594522953033447
 0.07432563602924347
 0.05012927204370499
 0.03250417113304138
 0.020261988043785095
 0.012142844498157501
 0.006996067240834236
 0.003875100053846836
 0.0020635114051401615
 0.0010563947726041079
 0.0005199250881560147
 0.0002460088289808482
 0.00011190660006832331
 4.893910954706371e-05
 2.0575558664859273e-05
 8.316535058838781e-06
 3.2316820579580963e-06
 3.935068434657296e-06
 1.0126658708031755e-05
 2.5053903300431557e-05
 5.959087866358459e-05
 0.000136263421154581
 0.0002995535032823682
 0.0006330887554213405
 0.0012863227166235447
 0.0025126421824097633
 0.004718528129160404
 0.008518785238265991
 0.014785775914788246
 0.02467208355665207
 0.03957882151007652
 0.06104008108377457
 0.09050288051366806
 0.129004567861557
 0.17678403854370117
 0.23290373384952545
 0.29498839378356934
 0.3591935336589813
 0.42048215866088867
 0.4732186496257782
 0.5120015740394592
 0.532569169998169
 0.532569169998169
 0.5120015740394592
 0.4732186496257782
 0.42048215866088867
 0.3591935336589813
 0.29498839378356934
 0.23290373384952545
 0.17678403854370117
 0.129004567861557
 0.09050288051366806
 0.06104008108377457
 0.03957882151007652
 0.02467208355665207
 0.014785775914788246
 0.008518785238265991
 0.004718528129160404
 0.0025126421824097633
 0.0012863227166235447
 0.0006330887554213405
 0.0002995535032823682
 0.000136263421154581
 5.959087866358459e-05
 2.5053903300431557e-05
 1.0126658708031755e-05
 3.935068434657296e-06
 4.6065024434938096e-06
 1.1854552212753333e-05
 2.9328806704143062e-05
 6.97587602189742e-05
 0.00015951383102219552
 0.0003506657958496362
 0.0007411113474518061
 0.0015058052958920598
 0.0029413695447146893
 0.0055236415937542915
 0.00997233111411333
 0.01730864867568016
 0.02888183854520321
 0.04633207619190216
 0.07145524770021439
 0.10594522953033447
 0.15101639926433563
 0.2069484144449234
 0.2726436257362366
 0.3453216254711151
 0.42048215866088867
 0.49222812056541443
 0.5539630651473999
 0.5993634462356567
 0.6234403848648071
 0.6234403848648071
 0.5993634462356567
 0.5539630651473999
 0.49222812056541443
 0.42048215866088867
 0.3453216254711151
 0.2726436257362366
 0.2069484144449234
 0.15101639926433563
 0.10594522953033447
 0.07145524770021439
 0.04633207619190216
 0.02888183854520321
 0.01730864867568016
 0.00997233111411333
 0.0055236415937542915
 0.0029413695447146893
 0.0015058052958920598
 0.0007411113474518061
 0.0003506657958496362
 0.00015951383102219552
 6.97587602189742e-05
 2.9328806704143062e-05
 1.1854552212753333e-05
 4.6065024434938096e-06
 5.184245310374536e-06
 1.3341342310013715e-05
 3.300719617982395e-05
 7.850784459151328e-05
 0.00017951990594156086
 0.0003946458746213466
 0.0008340607164427638
 0.0016946624964475632
 0.0033102724701166153
 0.00621641194447875
 0.011223048903048038
 0.019479479640722275
 0.03250417113304138
 0.05214300751686096
 0.08041705191135406
 0.11923278123140335
 0.1699567586183548
 0.23290373384952545
 0.3068383038043976
 0.38863152265548706
 0.4732186496257782
 0.5539630651473999
 0.6234403848648071
 0.6745350360870361
 0.7016317248344421
 0.7016317248344421
 0.6745350360870361
 0.6234403848648071
 0.5539630651473999
 0.4732186496257782
 0.38863152265548706
 0.3068383038043976
 0.23290373384952545
 0.1699567586183548
 0.11923278123140335
 0.08041705191135406
 0.05214300751686096
 0.03250417113304138
 0.019479479640722275
 0.011223048903048038
 0.00621641194447875
 0.0033102724701166153
 0.0016946624964475632
 0.0008340607164427638
 0.0003946458746213466
 0.00017951990594156086
 7.850784459151328e-05
 3.300719617982395e-05
 1.3341342310013715e-05
 5.184245310374536e-06
 5.609124855254777e-06
 1.4434740478463937e-05
 3.571231718524359e-05
 8.494199573760852e-05
 0.00019423261983320117
 0.00042698936886154115
 0.0009024169994518161
 0.001833548885770142
 0.0035815685987472534
 0.006725883577018976
 0.012142844498157501
 0.021075936034321785
 0.03516806662082672
 0.05641641467809677
 0.08700770139694214
 0.129004567861557
 0.18388566374778748
 0.25199148058891296
 0.3319854736328125
 0.42048215866088867
 0.5120015740394592
 0.5993634462356567
 0.6745350360870361
 0.7298169732093811
 0.7591344714164734
 0.7591344714164734
 0.7298169732093811
 0.6745350360870361
 0.5993634462356567
 0.5120015740394592
 0.42048215866088867
 0.3319854736328125
 0.25199148058891296
 0.18388566374778748
 0.129004567861557
 0.08700770139694214
 0.05641641467809677
 0.03516806662082672
 0.021075936034321785
 0.012142844498157501
 0.006725883577018976
 0.0035815685987472534
 0.001833548885770142
 0.0009024169994518161
 0.00042698936886154115
 0.00019423261983320117
 8.494199573760852e-05
 3.571231718524359e-05
 1.4434740478463937e-05
 5.609124855254777e-06
 5.834447620145511e-06
 1.5014596101536881e-05
 3.714692502398975e-05
 8.835421613184735e-05
 0.0002020351093960926
 0.00044414191506803036
 0.0009386679739691317
 0.0019072052091360092
 0.003725445130839944
 0.006996067240834236
 0.012630635872483253
 0.021922575309872627
 0.036580801010131836
 0.058682724833488464
 0.09050288051366806
 0.13418683409690857
 0.1912725418806076
 0.26211419701576233
 0.3453216254711151
 0.4373733401298523
 0.532569169998169
 0.6234403848648071
 0.7016317248344421
 0.7591344714164734
 0.7896296381950378
 0.7896296381950378
 0.7591344714164734
 0.7016317248344421
 0.6234403848648071
 0.532569169998169
 0.4373733401298523
 0.3453216254711151
 0.26211419701576233
 0.1912725418806076
 0.13418683409690857
 0.09050288051366806
 0.058682724833488464
 0.036580801010131836
 0.021922575309872627
 0.012630635872483253
 0.006996067240834236
 0.003725445130839944
 0.0019072052091360092
 0.0009386679739691317
 0.00044414191506803036
 0.0002020351093960926
 8.835421613184735e-05
 3.714692502398975e-05
 1.5014596101536881e-05
 5.834447620145511e-06
 5.834447620145511e-06
 1.5014596101536881e-05
 3.714692502398975e-05
 8.835421613184735e-05
 0.0002020351093960926
 0.00044414191506803036
 0.0009386679739691317
 0.0019072052091360092
 0.003725445130839944
 0.006996067240834236
 0.012630635872483253
 0.021922575309872627
 0.036580801010131836
 0.058682724833488464
 0.09050288051366806
 0.13418683409690857
 0.1912725418806076
 0.26211419701576233
 0.3453216254711151
 0.4373733401298523
 0.532569169998169
 0.6234403848648071
 0.7016317248344421
 0.7591344714164734
 0.7896296381950378
 0.7896296381950378
 0.7591344714164734
 0.7016317248344421
 0.6234403848648071
 0.532569169998169
 0.4373733401298523
 0.3453216254711151
 0.26211419701576233
 0.1912725418806076
 0.13418683409690857
 0.09050288051366806
 0.058682724833488464
 0.036580801010131836
 0.021922575309872627
 0.012630635872483253
 0.006996067240834236
 0.003725445130839944
 0.0019072052091360092
 0.0009386679739691317
 0.00044414191506803036
 0.0002020351093960926
 8.835421613184735e-05
 3.714692502398975e-05
 1.5014596101536881e-05
 5.834447620145511e-06
 5.609124855254777e-06
 1.4434740478463937e-05
 3.571231718524359e-05
 8.494199573760852e-05
 0.00019423261983320117
 0.00042698936886154115
 0.0009024169994518161
 0.001833548885770142
 0.0035815685987472534
 0.006725883577018976
 0.012142844498157501
 0.021075936034321785
 0.03516806662082672
 0.05641641467809677
 0.08700770139694214
 0.129004567861557
 0.18388566374778748
 0.25199148058891296
 0.3319854736328125
 0.42048215866088867
 0.5120015740394592
 0.5993634462356567
 0.6745350360870361
 0.7298169732093811
 0.7591344714164734
 0.7591344714164734
 0.7298169732093811
 0.6745350360870361
 0.5993634462356567
 0.5120015740394592
 0.42048215866088867
 0.3319854736328125
 0.25199148058891296
 0.18388566374778748
 0.129004567861557
 0.08700770139694214
 0.05641641467809677
 0.03516806662082672
 0.021075936034321785
 0.012142844498157501
 0.006725883577018976
 0.0035815685987472534
 0.001833548885770142
 0.0009024169994518161
 0.00042698936886154115
 0.00019423261983320117
 8.494199573760852e-05
 3.571231718524359e-05
 1.4434740478463937e-05
 5.609124855254777e-06
 5.184245310374536e-06
 1.3341342310013715e-05
 3.300719617982395e-05
 7.850784459151328e-05
 0.00017951990594156086
 0.0003946458746213466
 0.0008340607164427638
 0.0016946624964475632
 0.0033102724701166153
 0.00621641194447875
 0.011223048903048038
 0.019479479640722275
 0.03250417113304138
 0.05214300751686096
 0.08041705191135406
 0.11923278123140335
 0.1699567586183548
 0.23290373384952545
 0.3068383038043976
 0.38863152265548706
 0.4732186496257782
 0.5539630651473999
 0.6234403848648071
 0.6745350360870361
 0.7016317248344421
 0.7016317248344421
 0.6745350360870361
 0.6234403848648071
 0.5539630651473999
 0.4732186496257782
 0.38863152265548706
 0.3068383038043976
 0.23290373384952545
 0.1699567586183548
 0.11923278123140335
 0.08041705191135406
 0.05214300751686096
 0.03250417113304138
 0.019479479640722275
 0.011223048903048038
 0.00621641194447875
 0.0033102724701166153
 0.0016946624964475632
 0.0008340607164427638
 0.0003946458746213466
 0.00017951990594156086
 7.850784459151328e-05
 3.300719617982395e-05
 1.3341342310013715e-05
 5.184245310374536e-06
 4.6065024434938096e-06
 1.1854552212753333e-05
 2.9328806704143062e-05
 6.97587602189742e-05
 0.00015951383102219552
 0.0003506657958496362
 0.0007411113474518061
 0.0015058052958920598
 0.0029413695447146893
 0.0055236415937542915
 0.00997233111411333
 0.01730864867568016
 0.02888183854520321
 0.04633207619190216
 0.07145524770021439
 0.10594522953033447
 0.15101639926433563
 0.2069484144449234
 0.2726436257362366
 0.3453216254711151
 0.42048215866088867
 0.49222812056541443
 0.5539630651473999
 0.5993634462356567
 0.6234403848648071
 0.6234403848648071
 0.5993634462356567
 0.5539630651473999
 0.49222812056541443
 0.42048215866088867
 0.3453216254711151
 0.2726436257362366
 0.2069484144449234
 0.15101639926433563
 0.10594522953033447
 0.07145524770021439
 0.04633207619190216
 0.02888183854520321
 0.01730864867568016
 0.00997233111411333
 0.0055236415937542915
 0.0029413695447146893
 0.0015058052958920598
 0.0007411113474518061
 0.0003506657958496362
 0.00015951383102219552
 6.97587602189742e-05
 2.9328806704143062e-05
 1.1854552212753333e-05
 4.6065024434938096e-06
 3.935068434657296e-06
 1.0126658708031755e-05
 2.5053903300431557e-05
 5.959087866358459e-05
 0.000136263421154581
 0.0002995535032823682
 0.0006330887554213405
 0.0012863227166235447
 0.0025126421824097633
 0.004718528129160404
 0.008518785238265991
 0.014785775914788246
 0.02467208355665207
 0.03957882151007652
 0.06104008108377457
 0.09050288051366806
 0.129004567861557
 0.17678403854370117
 0.23290373384952545
 0.29498839378356934
 0.3591935336589813
 0.42048215866088867
 0.4732186496257782
 0.5120015740394592
 0.532569169998169
 0.532569169998169
 0.5120015740394592
 0.4732186496257782
 0.42048215866088867
 0.3591935336589813
 0.29498839378356934
 0.23290373384952545
 0.17678403854370117
 0.129004567861557
 0.09050288051366806
 0.06104008108377457
 0.03957882151007652
 0.02467208355665207
 0.014785775914788246
 0.008518785238265991
 0.004718528129160404
 0.0025126421824097633
 0.0012863227166235447
 0.0006330887554213405
 0.0002995535032823682
 0.000136263421154581
 5.959087866358459e-05
 2.5053903300431557e-05
 1.0126658708031755e-05
 3.935068434657296e-06
 3.2316820579580963e-06
 8.316535058838781e-06
 2.0575558664859273e-05
 4.893910954706371e-05
 0.00011190660006832331
 0.0002460088289808482
 0.0005199250881560147
 0.0010563947726041079
 0.0020635114051401615
 0.003875100053846836
 0.006996067240834236
 0.012142844498157501
 0.020261988043785095
 0.03250417113304138
 0.05012927204370499
 0.07432563602924347
 0.10594522953033447
 0.1451842039823532
 0.1912725418806076
 0.2422596961259842
 0.29498839378356934
 0.3453216254711151
 0.38863152265548706
 0.42048215866088867
 0.4373733401298523
 0.4373733401298523
 0.42048215866088867
 0.38863152265548706
 0.3453216254711151
 0.29498839378356934
 0.2422596961259842
 0.1912725418806076
 0.1451842039823532
 0.10594522953033447
 0.07432563602924347
 0.05012927204370499
 0.03250417113304138
 0.020261988043785095
 0.012142844498157501
 0.006996067240834236
 0.003875100053846836
 0.0020635114051401615
 0.0010563947726041079
 0.0005199250881560147
 0.0002460088289808482
 0.00011190660006832331
 4.893910954706371e-05
 2.0575558664859273e-05
 8.316535058838781e-06
 3.2316820579580963e-06
 2.5515264496789314e-06
 6.566197953361552e-06
 1.624513060960453e-05
 3.8639143895125017e-05
 8.835421613184735e-05
 0.00019423261983320117
 0.00041049919673241675
 0.0008340607164427638
 0.0016292149666696787
 0.003059527138248086
 0.0055236415937542915
 0.009587205946445465
 0.01599755510687828
 0.025663189589977264
 0.03957882151007652
 0.058682724833488464
 0.08364750444889069
 0.11462805420160294
 0.15101639926433563
 0.1912725418806076
 0.23290373384952545
 0.2726436257362366
 0.3068383038043976
 0.3319854736328125
 0.3453216254711151
 0.3453216254711151
 0.3319854736328125
 0.3068383038043976
 0.2726436257362366
 0.23290373384952545
 0.1912725418806076
 0.15101639926433563
 0.11462805420160294
 0.08364750444889069
 0.058682724833488464
 0.03957882151007652
 0.025663189589977264
 0.01599755510687828
 0.009587205946445465
 0.0055236415937542915
 0.003059527138248086
 0.0016292149666696787
 0.0008340607164427638
 0.00041049919673241675
 0.00019423261983320117
 8.835421613184735e-05
 3.8639143895125017e-05
 1.624513060960453e-05
 6.566197953361552e-06
 2.5515264496789314e-06
 1.936720309458906e-06
 4.984030965715647e-06
 1.2330760910117533e-05
 2.9328806704143062e-05
 6.706470594508573e-05
 0.00014743104111403227
 0.00031158688943833113
 0.0006330887554213405
 0.0012366455048322678
 0.0023223147727549076
 0.004192685708403587
 0.007277106400579214
 0.012142844498157501
 0.019479479640722275
 0.030042046681046486
 0.04454273730516434
 0.06349211186170578
 0.08700770139694214
 0.11462805420160294
 0.1451842039823532
 0.17678403854370117
 0.2069484144449234
 0.23290373384952545
 0.25199148058891296
 0.26211419701576233
 0.26211419701576233
 0.25199148058891296
 0.23290373384952545
 0.2069484144449234
 0.17678403854370117
 0.1451842039823532
 0.11462805420160294
 0.08700770139694214
 0.06349211186170578
 0.04454273730516434
 0.030042046681046486
 0.019479479640722275
 0.012142844498157501
 0.007277106400579214
 0.004192685708403587
 0.0023223147727549076
 0.0012366455048322678
 0.0006330887554213405
 0.00031158688943833113
 0.00014743104111403227
 6.706470594508573e-05
 2.9328806704143062e-05
 1.2330760910117533e-05
 4.984030965715647e-06
 1.936720309458906e-06
 1.413281893292151e-06
 3.636996552813798e-06
 8.998124940262642e-06
 2.140209653589409e-05
 4.893910954706371e-05
 0.00010758481221273541
 0.00022737418476026505
 0.0004619835817720741
 0.0009024169994518161
 0.0016946624964475632
 0.003059527138248086
 0.0053103212267160416
 0.008860994130373001
 0.014214757829904556
 0.021922575309872627
 0.03250417113304138
 0.04633207619190216
 0.06349211186170578
 0.08364750444889069
 0.10594522953033447
 0.129004567861557
 0.15101639926433563
 0.1699567586183548
 0.18388566374778748
 0.1912725418806076
 0.1912725418806076
 0.18388566374778748
 0.1699567586183548
 0.15101639926433563
 0.129004567861557
 0.10594522953033447
 0.08364750444889069
 0.06349211186170578
 0.04633207619190216
 0.03250417113304138
 0.021922575309872627
 0.014214757829904556
 0.008860994130373001
 0.0053103212267160416
 0.003059527138248086
 0.0016946624964475632
 0.0009024169994518161
 0.0004619835817720741
 0.00022737418476026505
 0.00010758481221273541
 4.893910954706371e-05
 2.140209653589409e-05
 8.998124940262642e-06
 3.636996552813798e-06
 1.413281893292151e-06
 9.914853080772446e-07
 2.5515264496789314e-06
 6.312614459602628e-06
 1.5014596101536881e-05
 3.4333119401708245e-05
 7.547587301814929e-05
 0.00015951383102219552
 0.00032410360290668905
 0.0006330887554213405
 0.0011888867011293769
 0.002146404702216387
 0.003725445130839944
 0.00621641194447875
 0.00997233111411333
 0.015379736199975014
 0.022803237661719322
 0.03250417113304138
 0.04454273730516434
 0.058682724833488464
 0.07432563602924347
 0.09050288051366806
 0.10594522953033447
 0.11923278123140335
 0.129004567861557
 0.13418683409690857
 0.13418683409690857
 0.129004567861557
 0.11923278123140335
 0.10594522953033447
 0.09050288051366806
 0.07432563602924347
 0.058682724833488464
 0.04454273730516434
 0.03250417113304138
 0.022803237661719322
 0.015379736199975014
 0.00997233111411333
 0.00621641194447875
 0.003725445130839944
 0.002146404702216387
 0.0011888867011293769
 0.0006330887554213405
 0.00032410360290668905
 0.00015951383102219552
 7.547587301814929e-05
 3.4333119401708245e-05
 1.5014596101536881e-05
 6.312614459602628e-06
 2.5515264496789314e-06
 9.914853080772446e-07
 6.68711493290175e-07
 1.720887780720659e-06
 4.257570253685117e-06
 1.0126658708031755e-05
 2.3156122551881708e-05
 5.0905040552606806e-05
 0.00010758481221273541
 0.0002185930497944355
 0.00042698936886154115
 0.0008018496446311474
 0.0014476520009338856
 0.0025126421824097633
 0.004192685708403587
 0.006725883577018976
 0.010372931137681007
 0.015379736199975014
 0.021922575309872627
 0.030042046681046486
 0.03957882151007652
 0.05012927204370499
 0.06104008108377457
 0.07145524770021439
 0.08041705191135406
 0.08700770139694214
 0.09050288051366806
 0.09050288051366806
 0.08700770139694214
 0.08041705191135406
 0.07145524770021439
 0.06104008108377457
 0.05012927204370499
 0.03957882151007652
 0.030042046681046486
 0.021922575309872627
 0.015379736199975014
 0.010372931137681007
 0.006725883577018976
 0.004192685708403587
 0.0025126421824097633
 0.0014476520009338856
 0.0008018496446311474
 0.00042698936886154115
 0.0002185930497944355
 0.00010758481221273541
 5.0905040552606806e-05
 2.3156122551881708e-05
 1.0126658708031755e-05
 4.257570253685117e-06
 1.720887780720659e-06
 6.68711493290175e-07
 4.335972789704101e-07
 1.115836425924499e-06
 2.760639063126291e-06
 6.566197953361552e-06
 1.5014596101536881e-05
 3.300719617982395e-05
 6.97587602189742e-05
 0.00014173731324262917
 0.0002768629929050803
 0.0005199250881560147
 0.0009386679739691317
 0.0016292149666696787
 0.002718566218391061
 0.004361110273748636
 0.006725883577018976
 0.00997233111411333
 0.014214757829904556
 0.019479479640722275
 0.025663189589977264
 0.03250417113304138
 0.03957882151007652
 0.04633207619190216
 0.05214300751686096
 0.05641641467809677
 0.058682724833488464
 0.058682724833488464
 0.05641641467809677
 0.05214300751686096
 0.04633207619190216
 0.03957882151007652
 0.03250417113304138
 0.025663189589977264
 0.019479479640722275
 0.014214757829904556
 0.00997233111411333
 0.006725883577018976
 0.004361110273748636
 0.002718566218391061
 0.0016292149666696787
 0.0009386679739691317
 0.0005199250881560147
 0.0002768629929050803
 0.00014173731324262917
 6.97587602189742e-05
 3.300719617982395e-05
 1.5014596101536881e-05
 6.566197953361552e-06
 2.760639063126291e-06
 1.115836425924499e-06
 4.335972789704101e-07
 2.7028974614040635e-07
 6.955743288017402e-07
 1.720887780720659e-06
 4.093144070793642e-06
 9.35958723857766e-06
 2.0575558664859273e-05
 4.3485237256390974e-05
 8.835421613184735e-05
 0.00017258692241739482
 0.00032410360290668905
 0.0005851335590705276
 0.0010155969066545367
 0.0016946624964475632
 0.002718566218391061
 0.004192685708403587
 0.00621641194447875
 0.008860994130373001
 0.012142844498157501
 0.01599755510687828
 0.020261988043785095
 0.02467208355665207
 0.02888183854520321
 0.03250417113304138
 0.03516806662082672
 0.036580801010131836
 0.036580801010131836
 0.03516806662082672
 0.03250417113304138
 0.02888183854520321
 0.02467208355665207
 0.020261988043785095
 0.01599755510687828
 0.012142844498157501
 0.008860994130373001
 0.00621641194447875
 0.004192685708403587
 0.002718566218391061
 0.0016946624964475632
 0.0010155969066545367
 0.0005851335590705276
 0.00032410360290668905
 0.00017258692241739482
 8.835421613184735e-05
 4.3485237256390974e-05
 2.0575558664859273e-05
 9.35958723857766e-06
 4.093144070793642e-06
 1.720887780720659e-06
 6.955743288017402e-07
 2.7028974614040635e-07
 1.6198244168208475e-07
 4.1685194673846127e-07
 1.03131412743096e-06
 2.4529883830837207e-06
 5.609124855254777e-06
 1.2330760910117533e-05
 2.606034104246646e-05
 5.2949952078051865e-05
 0.00010342992027290165
 0.00019423261983320117
 0.0003506657958496362
 0.000608638976700604
 0.0010155969066545367
 0.0016292149666696787
 0.0025126421824097633
 0.003725445130839944
 0.0053103212267160416
 0.007277106400579214
 0.009587205946445465
 0.012142844498157501
 0.014785775914788246
 0.01730864867568016
 0.019479479640722275
 0.021075936034321785
 0.021922575309872627
 0.021922575309872627
 0.021075936034321785
 0.019479479640722275
 0.01730864867568016
 0.014785775914788246
 0.012142844498157501
 0.009587205946445465
 0.007277106400579214
 0.0053103212267160416
 0.003725445130839944
 0.0025126421824097633
 0.0016292149666696787
 0.0010155969066545367
 0.000608638976700604
 0.0003506657958496362
 0.00019423261983320117
 0.00010342992027290165
 5.2949952078051865e-05
 2.606034104246646e-05
 1.2330760910117533e-05
 5.609124855254777e-06
 2.4529883830837207e-06
 1.03131412743096e-06
 4.1685194673846127e-07
 1.6198244168208475e-07
 9.332574535392268e-08
 2.4016810584726045e-07
 5.941889185123728e-07
 1.413281893292151e-06
 3.2316820579580963e-06
 7.104335963958874e-06
 1.5014596101536881e-05
 3.0506978873745538e-05
 5.959087866358459e-05
 0.00011190660006832331
 0.0002020351093960926
 0.0003506657958496362
 0.0005851335590705276
 0.0009386679739691317
 0.0014476520009338856
 0.002146404702216387
 0.003059527138248086
 0.004192685708403587
 0.0055236415937542915
 0.006996067240834236
 0.008518785238265991
 0.00997233111411333
 0.011223048903048038
 0.012142844498157501
 0.012630635872483253
 0.012630635872483253
 0.012142844498157501
 0.011223048903048038
 0.00997233111411333
 0.008518785238265991
 0.006996067240834236
 0.0055236415937542915
 0.004192685708403587
 0.003059527138248086
 0.002146404702216387
 0.0014476520009338856
 0.0009386679739691317
 0.0005851335590705276
 0.0003506657958496362
 0.0002020351093960926
 0.00011190660006832331
 5.959087866358459e-05
 3.0506978873745538e-05
 1.5014596101536881e-05
 7.104335963958874e-06
 3.2316820579580963e-06
 1.413281893292151e-06
 5.941889185123728e-07
 2.4016810584726045e-07
 9.332574535392268e-08
 5.169282957240284e-08
 1.3302833679063042e-07
 3.291193593213393e-07
 7.82812435318192e-07
 1.7900180182550685e-06
 3.935068434657296e-06
 8.316535058838781e-06
 1.689771124802064e-05
 3.300719617982395e-05
 6.19846978224814e-05
 0.00011190660006832331
 0.00019423261983320117
 0.00032410360290668905
 0.0005199250881560147
 0.0008018496446311474
 0.0011888867011293769
 0.0016946624964475632
 0.0023223147727549076
 0.003059527138248086
 0.003875100053846836
 0.004718528129160404
 0.0055236415937542915
 0.00621641194447875
 0.006725883577018976
 0.006996067240834236
 0.006996067240834236
 0.006725883577018976
 0.00621641194447875
 0.0055236415937542915
 0.004718528129160404
 0.003875100053846836
 0.003059527138248086
 0.0023223147727549076
 0.0016946624964475632
 0.0011888867011293769
 0.0008018496446311474
 0.0005199250881560147
 0.00032410360290668905
 0.00019423261983320117
 0.00011190660006832331
 6.19846978224814e-05
 3.300719617982395e-05
 1.689771124802064e-05
 8.316535058838781e-06
 3.935068434657296e-06
 1.7900180182550685e-06
 7.82812435318192e-07
 3.291193593213393e-07
 1.3302833679063042e-07
 5.169282957240284e-08
 2.7526718682224782e-08
 7.083831832233045e-08
 1.7525785267480387e-07
 4.1685194673846127e-07
 9.531942168905516e-07
 2.0954453248123173e-06
 4.428600277606165e-06
 8.998124940262642e-06
 1.7576512618688866e-05
 3.300719617982395e-05
 5.959087866358459e-05
 0.00010342992027290165
 0.00017258692241739482
 0.0002768629929050803
 0.00042698936886154115
 0.0006330887554213405
 0.0009024169994518161
 0.0012366455048322678
 0.0016292149666696787
 0.0020635114051401615
 0.0025126421824097633
 0.0029413695447146893
 0.0033102724701166153
 0.0035815685987472534
 0.003725445130839944
 0.003725445130839944
 0.0035815685987472534
 0.0033102724701166153
 0.0029413695447146893
 0.0025126421824097633
 0.0020635114051401615
 0.0016292149666696787
 0.0012366455048322678
 0.0009024169994518161
 0.0006330887554213405
 0.00042698936886154115
 0.0002768629929050803
 0.00017258692241739482
 0.00010342992027290165
 5.959087866358459e-05
 3.300719617982395e-05
 1.7576512618688866e-05
 8.998124940262642e-06
 4.428600277606165e-06
 2.0954453248123173e-06
 9.531942168905516e-07
 4.1685194673846127e-07
 1.7525785267480387e-07
 7.083831832233045e-08
 2.7526718682224782e-08
 1.4092033318036101e-08
 3.6264996339241407e-08
 8.972155995934372e-08
 2.1340331102237542e-07
 4.879786388301e-07
 1.0727430890256073e-06
 2.2671795250062132e-06
 4.6065024434938096e-06
 8.998124940262642e-06
 1.689771124802064e-05
 3.0506978873745538e-05
 5.2949952078051865e-05
 8.835421613184735e-05
 0.00014173731324262917
 0.0002185930497944355
 0.00032410360290668905
 0.0004619835817720741
 0.0006330887554213405
 0.0008340607164427638
 0.0010563947726041079
 0.0012863227166235447
 0.0015058052958920598
 0.0016946624964475632
 0.001833548885770142
 0.0019072052091360092
 0.0019072052091360092
 0.001833548885770142
 0.0016946624964475632
 0.0015058052958920598
 0.0012863227166235447
 0.0010563947726041079
 0.0008340607164427638
 0.0006330887554213405
 0.0004619835817720741
 0.00032410360290668905
 0.0002185930497944355
 0.00014173731324262917
 8.835421613184735e-05
 5.2949952078051865e-05
 3.0506978873745538e-05
 1.689771124802064e-05
 8.998124940262642e-06
 4.6065024434938096e-06
 2.2671795250062132e-06
 1.0727430890256073e-06
 4.879786388301e-07
 2.1340331102237542e-07
 8.972155995934372e-08
 3.6264996339241407e-08
 1.4092033318036101e-08
 6.935665819440828e-09
 1.7848517330776303e-08
 4.415819887526595e-08
 1.0503055847266296e-07
 2.4016810584726045e-07
 5.279711672301346e-07
 1.115836425924499e-06
 2.2671795250062132e-06
 4.428600277606165e-06
 8.316535058838781e-06
 1.5014596101536881e-05
 2.606034104246646e-05
 4.3485237256390974e-05
 6.97587602189742e-05
 0.00010758481221273541
 0.00015951383102219552
 0.00022737418476026505
 0.00031158688943833113
 0.00041049919673241675
 0.0005199250881560147
 0.0006330887554213405
 0.0007411113474518061
 0.0008340607164427638
 0.0009024169994518161
 0.0009386679739691317
 0.0009386679739691317
 0.0009024169994518161
 0.0008340607164427638
 0.0007411113474518061
 0.0006330887554213405
 0.0005199250881560147
 0.00041049919673241675
 0.00031158688943833113
 0.00022737418476026505
 0.00015951383102219552
 0.00010758481221273541
 6.97587602189742e-05
 4.3485237256390974e-05
 2.606034104246646e-05
 1.5014596101536881e-05
 8.316535058838781e-06
 4.428600277606165e-06
 2.2671795250062132e-06
 1.115836425924499e-06
 5.279711672301346e-07
 2.4016810584726045e-07
 1.0503055847266296e-07
 4.415819887526595e-08
 1.7848517330776303e-08
 6.935665819440828e-09
 3.281694471723995e-09
 8.445239174648123e-09
 2.0893979879588187e-08
 4.969646738572919e-08
 1.136384284450287e-07
 2.498159403785394e-07
 5.279711672301346e-07
 1.0727430890256073e-06
 2.0954453248123173e-06
 3.935068434657296e-06
 7.104335963958874e-06
 1.2330760910117533e-05
 2.0575558664859273e-05
 3.300719617982395e-05
 5.0905040552606806e-05
 7.547587301814929e-05
 0.00010758481221273541
 0.00014743104111403227
 0.00019423261983320117
 0.0002460088289808482
 0.0002995535032823682
 0.0003506657958496362
 0.0003946458746213466
 0.00042698936886154115
 0.00044414191506803036
 0.00044414191506803036
 0.00042698936886154115
 0.0003946458746213466
 0.0003506657958496362
 0.0002995535032823682
 0.0002460088289808482
 0.00019423261983320117
 0.00014743104111403227
 0.00010758481221273541
 7.547587301814929e-05
 5.0905040552606806e-05
 3.300719617982395e-05
 2.0575558664859273e-05
 1.2330760910117533e-05
 7.104335963958874e-06
 3.935068434657296e-06
 2.0954453248123173e-06
 1.0727430890256073e-06
 5.279711672301346e-07
 2.498159403785394e-07
 1.136384284450287e-07
 4.969646738572919e-08
 2.0893979879588187e-08
 8.445239174648123e-09
 3.281694471723995e-09
 1.492805545844078e-09
 3.84164389188868e-09
 9.504432796347828e-09
 2.2606361227417437e-08
 5.169282957240284e-08
 1.136384284450287e-07
 2.4016810584726045e-07
 4.879786388301e-07
 9.531942168905516e-07
 1.7900180182550685e-06
 3.2316820579580963e-06
 5.609124855254777e-06
 9.35958723857766e-06
 1.5014596101536881e-05
 2.3156122551881708e-05
 3.4333119401708245e-05
 4.893910954706371e-05
 6.706470594508573e-05
 8.835421613184735e-05
 0.00011190660006832331
 0.000136263421154581
 0.00015951383102219552
 0.00017951990594156086
 0.00019423261983320117
 0.0002020351093960926
 0.0002020351093960926
 0.00019423261983320117
 0.00017951990594156086
 0.00015951383102219552
 0.000136263421154581
 0.00011190660006832331
 8.835421613184735e-05
 6.706470594508573e-05
 4.893910954706371e-05
 3.4333119401708245e-05
 2.3156122551881708e-05
 1.5014596101536881e-05
 9.35958723857766e-06
 5.609124855254777e-06
 3.2316820579580963e-06
 1.7900180182550685e-06
 9.531942168905516e-07
 4.879786388301e-07
 2.4016810584726045e-07
 1.136384284450287e-07
 5.169282957240284e-08
 2.2606361227417437e-08
 9.504432796347828e-09
 3.84164389188868e-09
 1.492805545844078e-09
 6.528352303192264e-10
 1.680031780360025e-09
 4.156488486728449e-09
 9.88623582998116e-09
 2.2606361227417437e-08
 4.969646738572919e-08
 1.0503055847266296e-07
 2.1340331102237542e-07
 4.1685194673846127e-07
 7.82812435318192e-07
 1.413281893292151e-06
 2.4529883830837207e-06
 4.093144070793642e-06
 6.566197953361552e-06
 1.0126658708031755e-05
 1.5014596101536881e-05
 2.140209653589409e-05
 2.9328806704143062e-05
 3.8639143895125017e-05
 4.893910954706371e-05
 5.959087866358459e-05
 6.97587602189742e-05
 7.850784459151328e-05
 8.494199573760852e-05
 8.835421613184735e-05
 8.835421613184735e-05
 8.494199573760852e-05
 7.850784459151328e-05
 6.97587602189742e-05
 5.959087866358459e-05
 4.893910954706371e-05
 3.8639143895125017e-05
 2.9328806704143062e-05
 2.140209653589409e-05
 1.5014596101536881e-05
 1.0126658708031755e-05
 6.566197953361552e-06
 4.093144070793642e-06
 2.4529883830837207e-06
 1.413281893292151e-06
 7.82812435318192e-07
 4.1685194673846127e-07
 2.1340331102237542e-07
 1.0503055847266296e-07
 4.969646738572919e-08
 2.2606361227417437e-08
 9.88623582998116e-09
 4.156488486728449e-09
 1.680031780360025e-09
 6.528352303192264e-10
 2.744726668169051e-10
 7.063388207662058e-10
 1.7475203506478465e-09
 4.156488486728449e-09
 9.504432796347828e-09
 2.0893979879588187e-08
 4.415819887526595e-08
 8.972155995934372e-08
 1.7525785267480387e-07
 3.291193593213393e-07
 5.941889185123728e-07
 1.03131412743096e-06
 1.720887780720659e-06
 2.760639063126291e-06
 4.257570253685117e-06
 6.312614459602628e-06
 8.998124940262642e-06
 1.2330760910117533e-05
 1.624513060960453e-05
 2.0575558664859273e-05
 2.5053903300431557e-05
 2.9328806704143062e-05
 3.300719617982395e-05
 3.571231718524359e-05
 3.714692502398975e-05
 3.714692502398975e-05
 3.571231718524359e-05
 3.300719617982395e-05
 2.9328806704143062e-05
 2.5053903300431557e-05
 2.0575558664859273e-05
 1.624513060960453e-05
 1.2330760910117533e-05
 8.998124940262642e-06
 6.312614459602628e-06
 4.257570253685117e-06
 2.760639063126291e-06
 1.720887780720659e-06
 1.03131412743096e-06
 5.941889185123728e-07
 3.291193593213393e-07
 1.7525785267480387e-07
 8.972155995934372e-08
 4.415819887526595e-08
 2.0893979879588187e-08
 9.504432796347828e-09
 4.156488486728449e-09
 1.7475203506478465e-09
 7.063388207662058e-10
 2.744726668169051e-10
 1.1094047902560078e-10
 2.8549851371906243e-10
 7.063388207662058e-10
 1.680031780360025e-09
 3.84164389188868e-09
 8.445239174648123e-09
 1.7848517330776303e-08
 3.6264996339241407e-08
 7.083831832233045e-08
 1.3302833679063042e-07
 2.4016810584726045e-07
 4.1685194673846127e-07
 6.955743288017402e-07
 1.115836425924499e-06
 1.720887780720659e-06
 2.5515264496789314e-06
 3.636996552813798e-06
 4.984030965715647e-06
 6.566197953361552e-06
 8.316535058838781e-06
 1.0126658708031755e-05
 1.1854552212753333e-05
 1.3341342310013715e-05
 1.4434740478463937e-05
 1.5014596101536881e-05
 1.5014596101536881e-05
 1.4434740478463937e-05
 1.3341342310013715e-05
 1.1854552212753333e-05
 1.0126658708031755e-05
 8.316535058838781e-06
 6.566197953361552e-06
 4.984030965715647e-06
 3.636996552813798e-06
 2.5515264496789314e-06
 1.720887780720659e-06
 1.115836425924499e-06
 6.955743288017402e-07
 4.1685194673846127e-07
 2.4016810584726045e-07
 1.3302833679063042e-07
 7.083831832233045e-08
 3.6264996339241407e-08
 1.7848517330776303e-08
 8.445239174648123e-09
 3.84164389188868e-09
 1.680031780360025e-09
 7.063388207662058e-10
 2.8549851371906243e-10
 1.1094047902560078e-10
 4.310980392108199e-11
 1.1094047902560078e-10
 2.744726668169051e-10
 6.528352303192264e-10
 1.492805545844078e-09
 3.281694471723995e-09
 6.935665819440828e-09
 1.4092033318036101e-08
 2.7526718682224782e-08
 5.169282957240284e-08
 9.332574535392268e-08
 1.6198244168208475e-07
 2.7028974614040635e-07
 4.335972789704101e-07
 6.68711493290175e-07
 9.914853080772446e-07
 1.413281893292151e-06
 1.936720309458906e-06
 2.5515264496789314e-06
 3.2316820579580963e-06
 3.935068434657296e-06
 4.6065024434938096e-06
 5.184245310374536e-06
 5.609124855254777e-06
 5.834447620145511e-06
 5.834447620145511e-06
 5.609124855254777e-06
 5.184245310374536e-06
 4.6065024434938096e-06
 3.935068434657296e-06
 3.2316820579580963e-06
 2.5515264496789314e-06
 1.936720309458906e-06
 1.413281893292151e-06
 9.914853080772446e-07
 6.68711493290175e-07
 4.335972789704101e-07
 2.7028974614040635e-07
 1.6198244168208475e-07
 9.332574535392268e-08
 5.169282957240284e-08
 2.7526718682224782e-08
 1.4092033318036101e-08
 6.935665819440828e-09
 3.281694471723995e-09
 1.492805545844078e-09
 6.528352303192264e-10
 2.744726668169051e-10
 1.1094047902560078e-10
 4.310980392108199e-11
