#Spectral Fluence [J/eV/mm^2] (C-aligned, inner loop is vs Photon Energy, outer loop vs Vertical Position)
#0 #Initial Photon Energy [eV]
#0 #Final Photon Energy [eV]
#1 #Number of points vs Photon Energy
#-0.002 #Initial Horizontal Position [m]
#0.002 #Final Horizontal Position [m]
#80 #Number of points vs Horizontal Position
#-0.002 #Initial Vertical Position [m]
#0.002 #Final Vertical Position [m]
#80 #Number of points vs Vertical Position
 0.0
 0.0
 0.0
 0.0
 0.0
 0.0
 0.0
 0.0
 0.0
 0.0
 0.0
 0.0
 0.0
 0.0
 0.0
 0.0
 0.0
 0.0
 0.0
 0.0
 0.0
 0.0
 0.0
 0.0
 0.0
 0.0
 0.0
 0.0
 0.0
 0.0
 0.0
 0.0
 0.0
 0.0
 0.0
 0.0
 0.0
 0.0
 0.0
 0.0
 0.0
 0.0
 0.0
 0.0
 0.0
 0.0
 0.0
 0.0
 0.0
 0.0
 0.0
 0.0
 0.0
 0.0
 0.0
 0.0
 0.0
 0.0
 0.0
 0.0
 0.0
 0.0
 0.0
 0.0
 0.0
 0.0
 0.0
 0.0
 0.0
 0.0
 0.0
 0.0
 0.0
 0.0
 0.0
 0.0
 0.0
 0.0
 0.0
 0.0
 0.0
 0.0
 0.0
 0.0
 0.0
 0.0
 0.0
 0.0
 0.0
 0.0
 0.0
 0.0
 0.0
 0.0
 0.0
 0.0
 0.0
 0.0
 0.0
 0.0
 0.0
 0.0
 0.0
 0.0
 0.0
 0.0
 0.0
 0.0
 0.0
 0.0
 0.0
 0.0
 0.0
 0.0
 0.0
 0.0
 0.0
 0.0
 0.0
 0.0
 0.0
 0.0
 0.0
 0.0
 0.0
 0.0
 0.0
 0.0
 0.0
 0.0
 0.0
 0.0
 0.0
 0.0
 0.0
 0.0
 0.0
 0.0
 0.0
 0.0
 0.0
 0.0
 0.0
 0.0
 0.0
 0.0
 0.0
 0.0
 0.0
 0.0
 0.0
 0.0
 0.0
 0.0
 0.0
 0.0
 0.0
 0.0
 0.0
 0.0
 0.0
 0.0
 0.0
 0.0
 0.0
 0.0
 0.0
 0.0
 0.0
 0.0
 0.0
 0.0
 0.0
 0.0
 0.0
 0.0
 0.0
 0.0
 0.0
 0.0
 0.0
 0.0
 0.0
 0.0
 0.0
 0.0
 0.0
 0.0
 0.0
 0.0
 0.0
 0.0
 0.0
 0.0
 0.0
 0.0
 0.0
 0.0
 0.0
 0.0
 0.0
 0.0
 0.0
 0.0
 0.0
 0.0
 0.0
 0.0
 0.0
 0.0
 0.0
 0.0
 0.0
 0.0
 0.0
 0.0
 0.0
 0.0
 0.0
 0.0
 0.0
 0.0
 0.0
 0.0
 0.0
 0.0
 0.0
 0.0
 0.0
 0.0
 0.0
 0.0
 0.0
 0.0
 0.0
 0.0
 0.0
 0.0
 0.0
 0.0
 0.0
 0.0
 0.0
 0.0
 0.0
 0.0
 0.0
 0.0
 0.0
 0.0
 0.0
 0.0
 0.0
 0.0
 0.0
 0.0
 0.0
 0.0
 0.0
 0.0
 0.0
 0.0
 0.0
 0.0
 0.0
 0.0
 0.0
 0.0
 0.0
 0.0
 0.0
 0.0
 0.0
 0.0
 0.0
 0.0
 0.0
 0.0
 0.0
 0.0
 0.0
 0.0
 0.0
 0.0
 0.0
 0.0
 0.0
 0.0
 0.0
 0.0
 0.0
 0.0
 0.0
 0.0
 0.0
 0.0
 0.0
 0.0
 0.0
 0.0
 0.0
 0.0
 0.0
 0.0
 0.0
 0.0
 0.0
 0.0
 0.0
 0.0
 0.0
 0.0
 0.0
 0.0
 0.0
 0.0
 0.0
 0.0
 0.0
 0.0
 0.0
 0.0
 0.0
 0.0
 0.0
 0.0
 0.0
 0.0
 0.0
 0.0
 0.0
 0.0
 0.0
 0.0
 0.0
 0.0
 0.0
 0.0
 0.0
 0.0
 0.0
 0.0
 0.0
 0.0
 0.0
 0.0
 0.0
 0.0
 0.0
 0.0
 0.0
 0.0
 0.0
 0.0
 0.0
 0.0
 0.0
 0.0
 0.0
 0.0
 0.0
 0.0
 0.0
 0.0
 0.0
 0.0
 0.0
 0.0
 0.0
 0.0
 0.0
 0.0
 0.0
 0.0
 0.0
 0.0
 0.0
 0.0
 0.0
 0.0
 0.0
 0.0
 0.0
 0.0
 0.0
 0.0
 0.0
 0.0
 0.0
 0.0
 0.0
 0.0
 0.0
 0.0
 0.0
 0.0
 0.0
 0.0
 0.0
 0.0
 0.0
 0.0
 0.0
 0.0
 0.0
 0.0
 0.0
 0.0
 0.0
 0.0
 0.0
 0.0
 0.0
 0.0
 0.0
 0.0
 0.0
 0.0
 0.0
 0.0
 0.0
 0.0
 0.0
 0.0
 0.0
 0.0
 0.0
 0.0
 0.0
 0.0
 0.0
 0.0
 0.0
 0.0
 0.0
 0.0
 0.0
 0.0
 0.0
 0.0
 0.0
 0.0
 0.0
 0.0
 0.0
 0.0
 0.0
 0.0
 0.0
 0.0
 0.0
 0.0
 0.0
 0.0
 0.0
 0.0
 0.0
 0.0
 0.0
 0.0
 0.0
 0.0
 0.0
 0.0
 0.0
 0.0
 0.0
 0.0
 0.0
 0.0
 0.0
 0.0
 0.0
 0.0
 0.0
 0.0
 0.0
 0.0
 0.0
 0.0
 0.0
 0.0
 0.0
 0.0
 0.0
 0.0
 0.0
 0.0
 0.0
 0.0
 0.0
 0.0
 0.0
 0.0
 0.0
 0.0
 0.0
 0.0
 0.0
 0.0
 0.0
 0.0
 0.0
 0.0
 0.0
 0.0
 0.0
 0.0
 0.0
 0.0
 0.0
 0.0
 0.0
 0.0
 0.0
 0.0
 0.0
 0.0
 0.0
 0.0
 0.0
 0.0
 0.0
 0.0
 0.0
 0.0
 0.0
 0.0
 0.0
 0.0
 0.0
 0.0
 0.0
 0.0
 0.0
 0.0
 0.0
 0.0
 0.0
 0.0
 0.0
 0.0
 0.0
 0.0
 0.0
 0.0
 0.0
 0.0
 0.0
 0.0
 0.0
 0.0
 0.0
 0.0
 0.0
 0.0
 0.0
 0.0
 0.0
 0.0
 0.0
 0.0
 0.0
 0.0
 0.0
 0.0
 0.0
 0.0
 0.0
 0.0
 0.0
 0.0
 0.0
 0.0
 0.0
 0.0
 0.0
 0.0
 0.0
 0.0
 0.0
 0.0
 0.0
 0.0
 0.0
 0.0
 0.0
 0.0
 0.0
 0.0
 0.0
 0.0
 0.0
 0.0
 0.0
 0.0
 0.0
 0.0
 0.0
 0.0
 0.0
 0.0
 0.0
 0.0
 0.0
 0.0
 0.0
 0.0
 0.0
 0.0
 0.0
 0.0
 0.0
 0.0
 0.0
 0.0
 0.0
 0.0
 0.0
 0.0
 0.0
 0.0
 0.0
 0.0
 0.0
 0.0
 0.0
 0.0
 0.0
 0.0
 0.0
 0.0
 0.0
 0.0
 0.0
 0.0
 0.0
 0.0
 0.0
 0.0
 0.0
 0.0
 0.0
 0.0
 0.0
 0.0
 0.0
 0.0
 0.0
 0.0
 0.0
 0.0
 0.0
 0.0
 0.0
 0.0
 0.0
 0.0
 0.0
 0.0
 0.0
 0.0
 0.0
 0.0
 0.0
 0.0
 0.0
 0.0
 0.0
 0.0
 0.0
 0.0
 0.0
 0.0
 0.0
 0.0
 0.0
 0.0
 0.0
 0.0
 0.0
 0.0
 0.0
 0.0
 0.0
 0.0
 0.0
 0.0
 0.0
 0.0
 0.0
 0.0
 0.0
 0.0
 0.0
 0.0
 0.0
 0.0
 0.0
 0.0
 0.0
 0.0
 0.0
 0.0
 0.0
 0.0
 0.0
 0.0
 0.0
 0.0
 0.0
 0.0
 0.0
 0.0
 0.0
 0.0
 0.0
 0.0
 0.0
 0.0
 0.0
 0.0
 0.0
 0.0
 0.0
 0.0
 0.0
 0.0
 0.0
 0.0
 0.0
 0.0
 0.0
 0.0
 0.0
 0.0
 0.0
 0.0
 0.0
 0.0
 0.0
 0.0
 0.0
 0.0
 0.0
 0.0
 0.0
 0.0
 0.0
 0.0
 0.0
 0.0
 0.0
 0.0
 0.0
 0.0
 0.0
 0.0
 0.0
 0.0
 0.0
 0.0
 0.0
 0.0
 0.0
 0.0
 0.0
 0.0
 0.0
 0.0
 0.0
 0.0
 0.0
 0.0
 0.0
 0.0
 0.0
 0.0
 0.0
 0.0
 0.0
 0.0
 0.0
 0.0
 0.0
 0.0
 0.0
 0.0
 0.0
 0.0
 0.0
 0.0
 0.0
 0.0
 0.0
 0.0
 0.0
 0.0
 0.0
 0.0
 0.7676751613616943
 1.5282658338546753
 1.4411563873291016
 1.4029937982559204
 1.1874264478683472
 0.8768316507339478
 1.7119604349136353
 1.5174413919448853
 4.681344032287598
 272.1208801269531
 1632.1832275390625
 2512.424560546875
 5071.3916015625
 12353.4150390625
 26365.17578125
 53522.96484375
 104440.71875
 205560.21875
 390220.53125
 728883.3125
 1331275.25
 2375799.75
 4189273.5
 7215604.0
 12200401.0
 20361038.0
 33324188.0
 53823132.0
 85737320.0
 135119568.0
 211264080.0
 328595392.0
 509949408.0
 793075328.0
 1246262272.0
 1977570560.0
 3187097856.0
 5198928896.0
 8418004992.0
 13156722688.0
 18674126848.0
 22268923904.0
 20187463680.0
 12475341824.0
 4921652224.0
 1284364800.0
 627832960.0
 705777984.0
 306035360.0
 235768768.0
 132101712.0
 93710040.0
 54139740.0
 33263546.0
 20922822.0
 12609628.0
 7411002.0
 4276401.0
 2427665.75
 1350137.375
 732615.625
 394321.40625
 207350.3125
 106696.859375
 53137.1875
 26518.72265625
 12559.8740234375
 5933.76025390625
 2597.18994140625
 1138.6270751953125
 89.41375732421875
 59.56610107421875
 17.56821632385254
 7.568154335021973
 2.8552587032318115
 3.7958574295043945
 2.6406378746032715
 3.3706836700439453
 4.729915618896484
 2.822756052017212
 1.522913932800293
 3.2510273456573486
 2.4475133419036865
 2.903261184692383
 1.8154981136322021
 1.6663321256637573
 1.4466074705123901
 2.1535956859588623
 8.536981582641602
 522.0706176757812
 3145.689697265625
 4662.8125
 8939.431640625
 22335.26953125
 48045.34375
 96134.484375
 190427.828125
 371875.5
 707505.9375
 1315896.625
 2410294.25
 4332588.0
 7564452.5
 13088273.0
 22148632.0
 36872588.0
 60301516.0
 97289424.0
 155322464.0
 245129872.0
 381964960.0
 596129664.0
 924517888.0
 1437757696.0
 2253241088.0
 3571363072.0
 5761782784.0
 9404979200.0
 15255798784.0
 23875444736.0
 33951092736.0
 40493821952.0
 36581060608.0
 22582097920.0
 8896186368.0
 2321463808.0
 1138369664.0
 1279499520.0
 554699712.0
 426622752.0
 239921456.0
 169676544.0
 97830200.0
 60180524.0
 37817132.0
 22804018.0
 13419801.0
 7745990.5
 4423025.0
 2439964.25
 1330954.125
 712362.0
 375645.6875
 193947.609375
 96323.234375
 47926.07421875
 23260.25
 10582.330078125
 4708.06494140625
 1917.206787109375
 137.951171875
 82.21798706054688
 20.99256134033203
 1.5890041589736938
 2.440310478210449
 3.9569091796875
 3.311474084854126
 3.1918442249298096
 5.418014049530029
 2.0798816680908203
 0.21658556163311005
 1.2880364656448364
 0.8252556324005127
 0.9089131951332092
 1.1500312089920044
 0.1487610638141632
 0.4501841366291046
 1.1720765829086304
 14.61266040802002
 1089.3839111328125
 7327.23046875
 10981.6455078125
 22366.740234375
 55630.65625
 117078.921875
 234685.0
 470757.59375
 910310.5
 1737068.5
 3233663.0
 5907867.0
 10604320.0
 18597500.0
 32058072.0
 54353556.0
 90253280.0
 148106960.0
 239169472.0
 381226592.0
 600713664.0
 939947520.0
 1458713344.0
 2264773888.0
 3527309312.0
 5527470592.0
 8789491712.0
 14170451968.0
 23065507840.0
 37478584320.0
 58377330688.0
 82858942464.0
 98830622720.0
 89603678208.0
 55398711296.0
 21877356544.0
 5693885440.0
 2791532544.0
 3132373504.0
 1358736640.0
 1048176960.0
 587885952.0
 416917184.0
 240658992.0
 148079264.0
 92920536.0
 56321856.0
 33086470.0
 19088764.0
 10804222.0
 6015545.0
 3265845.0
 1742915.5
 925435.5
 471478.84375
 239064.21875
 116205.7578125
 57047.20703125
 26455.005859375
 12131.896484375
 4719.01025390625
 419.22479248046875
 228.26670837402344
 80.6258773803711
 4.745006561279297
 1.4708075523376465
 1.5173442363739014
 2.251707077026367
 2.8045756816864014
 5.4743332862854
 1.518931269645691
 1.2246991395950317
 3.1013975143432617
 1.6095170974731445
 2.0134730339050293
 2.1273956298828125
 0.9012774229049683
 0.701418399810791
 1.6301144361495972
 26.99056625366211
 2217.154052734375
 14631.4912109375
 22154.9296875
 45173.890625
 110525.109375
 235318.625
 472584.9375
 940914.75
 1829037.75
 3479409.5
 6497270.0
 11868861.0
 21265234.0
 37334768.0
 64401952.0
 108949624.0
 181653280.0
 297258688.0
 479772832.0
 764819776.0
 1206130560.0
 1883798656.0
 2932535808.0
 4550828544.0
 7078224384.0
 11107976192.0
 17622777856.0
 28413888512.0
 46348349440.0
 75132108800.0
 117443878912.0
 166816743424.0
 198946996224.0
 180113391616.0
 111262269440.0
 43875221504.0
 11446644736.0
 5603023360.0
 6297946624.0
 2730547968.0
 2102648832.0
 1179893120.0
 836016448.0
 482667488.0
 296713664.0
 186521888.0
 112573984.0
 66184524.0
 38203140.0
 21709090.0
 12039081.0
 6551719.5
 3510268.0
 1848145.0
 947552.5
 476837.28125
 234764.3125
 113789.578125
 52597.359375
 23942.455078125
 9579.236328125
 829.0577392578125
 443.26800537109375
 142.85369873046875
 14.555950164794922
 0.5530620813369751
 0.7786393165588379
 1.2282756567001343
 2.062528371810913
 2.9668376445770264
 0.5518398880958557
 1.4329952001571655
 1.9260989427566528
 1.3711663484573364
 1.2531489133834839
 2.2043282985687256
 0.9074177742004395
 1.8987029790878296
 3.97310471534729
 54.2430419921875
 4379.78564453125
 28026.916015625
 42696.3125
 86687.1171875
 212937.9375
 452161.3125
 910967.8125
 1803541.875
 3516202.75
 6695093.5
 12485461.0
 22794596.0
 40853332.0
 71743064.0
 123652040.0
 209582960.0
 348286112.0
 571285504.0
 922501248.0
 1470297472.0
 2317244160.0
 3624717568.0
 5627591168.0
 8736232448.0
 13604500480.0
 21323098112.0
 33901068288.0
 54653841408.0
 88975155200.0
 144535044096.0
 225165754368.0
 319591317504.0
 381187817472.0
 345625690112.0
 213683142656.0
 84379623424.0
 21968136192.0
 10766695424.0
 12082912256.0
 5242086912.0
 4042779904.0
 2267434752.0
 1607858176.0
 928305728.0
 570926720.0
 358339712.0
 217023440.0
 127448240.0
 73556832.0
 41692912.0
 23192960.0
 12570627.0
 6737608.5
 3563840.25
 1821054.125
 915773.3125
 454182.96875
 215263.78125
 101012.203125
 46034.8515625
 19372.482421875
 1654.737548828125
 838.6769409179688
 230.84947204589844
 32.183109283447266
 0.8759336471557617
 2.047922372817993
 1.4569518566131592
 2.2427759170532227
 1.4363234043121338
 1.3779127597808838
 0.2221386879682541
 1.0385693311691284
 1.0099436044692993
 1.052974820137024
 0.4143444299697876
 0.5006637573242188
 0.825667679309845
 7.403749465942383
 105.32489013671875
 8143.50927734375
 53026.953125
 79999.796875
 161851.734375
 400248.15625
 847820.625
 1704883.5
 3389674.75
 6596523.0
 12554263.0
 23408472.0
 42778048.0
 76685872.0
 134521264.0
 232092656.0
 392993920.0
 654043840.0
 1071311680.0
 1729482752.0
 2757632000.0
 4348334080.0
 6792512000.0
 10567246848.0
 16400588800.0
 25521260544.0
 40016764928.0
 63521894400.0
 102422970368.0
 166988169216.0
 270983938048.0
 423305478144.0
 601375768576.0
 717279002624.0
 649132638208.0
 400994926592.0
 158147510272.0
 41228607488.0
 20201433088.0
 22692487168.0
 9840405504.0
 7580812288.0
 4254155264.0
 3014633216.0
 1739982720.0
 1070145408.0
 672257664.0
 406249120.0
 238788848.0
 137818896.0
 78255096.0
 43440028.0
 23612526.0
 12639485.0
 6677449.0
 3421616.0
 1720181.625
 845966.4375
 410188.28125
 190031.421875
 86301.1171875
 34784.953125
 2888.6201171875
 1583.07666015625
 474.508056640625
 33.55533218383789
 1.1156625747680664
 1.5194915533065796
 0.6056859493255615
 2.3709323406219482
 1.9531629085540771
 0.737587034702301
 0.5632073283195496
 1.288283109664917
 0.7969080805778503
 0.6408413648605347
 1.5856642723083496
 0.5450289845466614
 2.312638282775879
 13.426285743713379
 173.15945434570312
 14713.4697265625
 96175.2890625
 146250.8125
 297709.0
 730367.8125
 1550539.5
 3119216.0
 6196322.0
 12056976.0
 22953186.0
 42815140.0
 78231360.0
 139938896.0
 246226560.0
 424091392.0
 717754368.0
 1196139008.0
 1959617664.0
 3164888064.0
 5040767488.0
 7941930496.0
 12428958720.0
 19301154816.0
 29964220416.0
 46614482944.0
 73280036864.0
 116460560384.0
 187726020608.0
 305714462720.0
 494838841344.0
 768450691072.0
 1087938166784.0
 1296464084992.0
 1182967005184.0
 732612067328.0
 289814478848.0
 75551178752.0
 36902350848.0
 41450872832.0
 17987047424.0
 13865380864.0
 7766868992.0
 5511319552.0
 3184482304.0
 1957353600.0
 1230258944.0
 742940800.0
 436588672.0
 251958560.0
 142818384.0
 79484968.0
 43120696.0
 23130796.0
 12205167.0
 6245901.5
 3143511.25
 1552058.5
 744876.5
 346492.6875
 157701.15625
 64577.64453125
 5498.50537109375
 2818.5126953125
 805.6089477539062
 72.72774505615234
 2.265624761581421
 7.041012763977051
 6.902439594268799
 4.88173246383667
 5.915400981903076
 1.1911917924880981
 0.06483136862516403
 1.0757458209991455
 0.6013908386230469
 0.968501091003418
 0.8707115650177002
 0.6321409344673157
 1.3239402770996094
 32.547569274902344
 312.1005554199219
 26483.455078125
 172495.703125
 261506.265625
 529530.4375
 1304190.125
 2763881.5
 5566274.0
 11048672.0
 21518358.0
 40946400.0
 76366528.0
 139523552.0
 249890464.0
 438915680.0
 756642624.0
 1281365632.0
 2132465024.0
 3494830336.0
 5643414528.0
 8993789952.0
 14174889984.0
 22169843712.0
 34432872448.0
 53427601408.0
 83321405440.0
 130050031616.0
 206124531712.0
 334351466496.0
 547215867904.0
 889381453824.0
 1366859710464.0
 1929026469888.0
 2306642280448.0
 2114238021632.0
 1301890990080.0
 514667446272.0
 133780037632.0
 66009276416.0
 73913335808.0
 32061014016.0
 24741210112.0
 13862158336.0
 9832580096.0
 5679362048.0
 3491744000.0
 2193349376.0
 1326027648.0
 779216064.0
 449693568.0
 254954320.0
 141743200.0
 76982008.0
 41228948.0
 21782422.0
 11156598.0
 5610708.0
 2759773.0
 1335644.75
 620331.6875
 280546.0625
 113788.8125
 9388.978515625
 5252.0537109375
 1544.65478515625
 136.96835327148438
 7.5260443687438965
 6.080974578857422
 3.7630507946014404
 1.72287118434906
 3.255908250808716
 1.1945996284484863
 1.6308051347732544
 3.947910785675049
 2.397099018096924
 3.6360199451446533
 4.713463306427002
 3.1547465324401855
 5.941612243652344
 37.303314208984375
 577.3189086914062
 45322.59765625
 296929.40625
 451396.65625
 922759.6875
 2271734.0
 4805877.0
 9671950.0
 19227044.0
 37386760.0
 71215728.0
 132820960.0
 242531328.0
 434966912.0
 763076928.0
 1316393984.0
 2230013696.0
 3708376832.0
 6077573120.0
 9807233024.0
 15652732928.0
 24705701888.0
 38386323456.0
 59677749248.0
 93343580160.0
 142615642112.0
 223816073216.0
 364280741888.0
 571550203904.0
 983554392064.0
 1569009565696.0
 2355633324032.0
 3283030638592.0
 3955429998592.0
 3711552978944.0
 2247008976896.0
 892678504448.0
 228594384896.0
 114385829888.0
 128077692928.0
 55841980416.0
 42830024704.0
 24154617856.0
 17112469504.0
 9871858688.0
 6071237120.0
 3810947328.0
 2305838848.0
 1354848000.0
 782008128.0
 443917856.0
 246415664.0
 133921032.0
 71671808.0
 37883176.0
 19376846.0
 9757904.0
 4804663.0
 2313705.25
 1079622.875
 489294.84375
 199933.859375
 17071.57421875
 9141.6123046875
 2701.433349609375
 273.1054382324219
 5.904674053192139
 7.634879112243652
 6.239470481872559
 1.8580809831619263
 4.867137432098389
 0.768287181854248
 0.18247783184051514
 0.668924868106842
 0.5280300378799438
 0.3455463647842407
 1.3468300104141235
 1.113881230354309
 6.050561904907227
 95.59007263183594
 905.1814575195312
 77440.5390625
 507348.5625
 770503.8125
 1563770.625
 3846574.5
 8152824.0
 16413807.0
 32601928.0
 63457660.0
 120767632.0
 225258288.0
 411550400.0
 737355840.0
 1294621184.0
 2232438016.0
 3780022784.0
 6291811840.0
 10308045824.0
 16634202112.0
 26482126848.0
 41983184896.0
 65738911744.0
 100443963392.0
 154260226048.0
 241754439680.0
 397376323584.0
 663310434304.0
 898705653760.0
 1174527934464.0
 1573213831168.0
 2109863755776.0
 2728822571008.0
 3219513671680.0
 3300261101568.0
 2670806433792.0
 1461214773248.0
 436458127360.0
 197656690688.0
 203582439424.0
 96732602368.0
 71973355520.0
 41742028800.0
 28566988800.0
 16745152512.0
 10354752512.0
 6464779264.0
 3897476096.0
 2291040512.0
 1323377536.0
 751472960.0
 417850912.0
 227326480.0
 121651072.0
 64223396.0
 32874750.0
 16561614.0
 8141000.0
 3931893.75
 1832012.25
 832349.9375
 336909.5625
 28496.123046875
 15565.310546875
 4680.76220703125
 420.3702697753906
 12.382303237915039
 2.747979164123535
 1.8763912916183472
 3.324565887451172
 6.996663570404053
 2.591909408569336
 0.4640486240386963
 2.515873908996582
 0.8965437412261963
 1.4557335376739502
 1.3020991086959839
 0.3932613134384155
 6.897101402282715
 156.84521484375
 1483.7425537109375
 128142.53125
 838063.625
 1272919.75
 2586866.0
 6364065.5
 13475167.0
 27149986.0
 53896764.0
 104929088.0
 199714288.0
 372559648.0
 680515008.0
 1219543808.0
 2141009792.0
 3692593664.0
 6253267456.0
 10400993280.0
 17032883200.0
 27419432960.0
 43978924032.0
 68575617024.0
 110930747392.0
 168085995520.0
 262079725568.0
 259673112576.0
 312842354688.0
 545662533632.0
 1129650585600.0
 2220478955520.0
 3712843513856.0
 5166506442752.0
 6114872131584.0
 6262134669312.0
 5624861032448.0
 4456073658368.0
 3137315536896.0
 1876772126720.0
 690356617216.0
 134879272960.0
 240918724608.0
 97141678080.0
 81654759424.0
 41134432256.0
 28772442112.0
 18230806528.0
 10572935168.0
 6224965632.0
 3676574976.0
 2137454080.0
 1222086272.0
 686628864.0
 378894304.0
 202635328.0
 105383840.0
 54583188.0
 27345024.0
 13488434.0
 6477245.0
 3039988.0
 1369968.125
 557189.0
 46487.1875
 25409.015625
 7427.6181640625
 697.6051635742188
 21.57536506652832
 16.732065200805664
 14.225071907043457
 2.7163853645324707
 2.3661866188049316
 0.3961072862148285
 0.9909590482711792
 2.3172411918640137
 1.5990303754806519
 2.319122076034546
 1.0273314714431763
 0.8809250593185425
 15.457396507263184
 220.3462371826172
 2412.075439453125
 206739.09375
 1351062.0
 2052852.875
 4174628.0
 10258405.0
 21741440.0
 43792192.0
 86929128.0
 169243136.0
 322101408.0
 600908352.0
 1097639424.0
 1966206976.0
 3453690880.0
 5953673216.0
 10070227968.0
 16752431104.0
 27434698752.0
 44873576448.0
 69996437504.0
 111859867648.0
 156349759488.0
 143065972736.0
 283972665344.0
 1077773926400.0
 3805003907072.0
 8228538679296.0
 11110239436800.0
 12660524449792.0
 14190222770176.0
 15254093299712.0
 15733935308800.0
 15863267721216.0
 15406068662272.0
 14076786769920.0
 13207183818752.0
 12467310690304.0
 9458229968896.0
 5449582641152.0
 1764719067136.0
 28096942080.0
 184170692608.0
 62028914688.0
 38578241536.0
 32853069824.0
 18896037888.0
 10212325376.0
 5824562688.0
 3427644672.0
 1998599552.0
 1126924032.0
 621504640.0
 323496320.0
 169155280.0
 88755080.0
 43740188.0
 21963592.0
 10382003.0
 4899866.0
 2219315.5
 898556.875
 75301.53125
 41044.87890625
 11944.2119140625
 1129.568603515625
 32.67781066894531
 34.96457290649414
 22.06804847717285
 4.945685863494873
 8.644185066223145
 0.9143880605697632
 0.7529511451721191
 1.2843304872512817
 0.8714525103569031
 0.639722466468811
 1.5508776903152466
 1.9977037906646729
 24.418888092041016
 320.5400390625
 3918.095458984375
 324799.375
 2124772.5
 3228819.75
 6559633.5
 16135278.0
 34198560.0
 68855288.0
 136739088.0
 266140928.0
 506516224.0
 944944192.0
 1726382720.0
 3093487360.0
 5438593536.0
 9375084544.0
 15838948352.0
 26233292800.0
 43483725824.0
 68655013888.0
 115826450432.0
 95969075200.0
 215850401792.0
 1326323728384.0
 5536977256448.0
 9749825323008.0
 13448586985472.0
 16427552604160.0
 18888511193088.0
 20937713909760.0
 22812597157888.0
 23978622058496.0
 24633208209408.0
 24712119844864.0
 24359989149696.0
 23141799690240.0
 21435156267008.0
 19384540069888.0
 17139565068288.0
 14549542502400.0
 12146274467840.0
 7130911342592.0
 1890991472640.0
 385013153792.0
 22102194176.0
 57572446208.0
 39360020480.0
 19963439104.0
 10281743360.0
 5526443008.0
 3198856192.0
 1897257600.0
 981742272.0
 499181568.0
 264126544.0
 142297040.0
 67814520.0
 34717328.0
 16242273.0
 7685653.5
 3536665.5
 1421954.625
 119371.21875
 64914.140625
 18706.6875
 1672.046630859375
 29.25728988647461
 50.94341278076172
 34.52457046508789
 14.059967994689941
 13.530378341674805
 1.548892617225647
 0.9534938931465149
 2.546588182449341
 1.6454497575759888
 0.4224105477333069
 3.0004215240478516
 6.651999473571777
 40.738399505615234
 513.7161254882812
 6022.76171875
 498458.28125
 3259013.5
 4949656.0
 10060265.0
 24754744.0
 52460712.0
 105588664.0
 209730224.0
 408166816.0
 777034752.0
 1449236736.0
 2647349504.0
 4742552064.0
 8336802816.0
 14317910016.0
 24401487872.0
 40778985472.0
 64683925504.0
 83865870336.0
 97332101120.0
 649533980672.0
 4287400771584.0
 9181479305216.0
 13871885582336.0
 18067543293952.0
 22040081858560.0
 25917296476160.0
 29639189725184.0
 33071780855808.0
 35982841741312.0
 38099107184640.0
 39304415936512.0
 39465091334144.0
 38610371870720.0
 36759933026304.0
 34052486725632.0
 30726906970112.0
 26976200949760.0
 23038525440000.0
 19224248451072.0
 15549843111936.0
 11870091083776.0
 5744991666176.0
 381043376128.0
 85444378624.0
 65665826816.0
 35332923392.0
 19433652224.0
 10917757952.0
 5514721280.0
 2979345920.0
 1545297792.0
 704743744.0
 424270848.0
 216759904.0
 102207536.0
 53987292.0
 25231420.0
 11646089.0
 5472265.0
 2207005.0
 188006.015625
 102143.6796875
 29444.19140625
 2596.8515625
 54.19849395751953
 59.134918212890625
 34.913429260253906
 15.099234580993652
 14.10421371459961
 1.97965669631958
 0.33709362149238586
 2.1162989139556885
 1.140714406967163
 1.0533053874969482
 1.272310495376587
 4.4090447425842285
 55.468536376953125
 831.7353515625
 8955.2861328125
 743954.125
 4870497.0
 7402552.0
 15049667.0
 37030656.0
 78435952.0
 157929344.0
 313618208.0
 610436480.0
 1162081152.0
 2167454464.0
 3960382464.0
 7084136960.0
 12439742464.0
 21538723840.0
 36014292992.0
 62704570368.0
 63387672576.0
 132204257280.0
 1532893462528.0
 6351369011200.0
 11814315229184.0
 17151942459392.0
 22486408232960.0
 28018349178880.0
 33822020206592.0
 39765999091712.0
 45606026346496.0
 50973665918976.0
 55481917767680.0
 58798785953792.0
 60659714752512.0
 60918633332736.0
 59550501699584.0
 56677453791232.0
 52513776599040.0
 47361413873664.0
 41607000752128.0
 35584252837888.0
 29625365299200.0
 23996624011264.0
 18964553924608.0
 14842035437568.0
 8613531222016.0
 1401105022976.0
 325066522624.0
 80285532160.0
 33430745088.0
 21210267648.0
 11049865216.0
 4285920000.0
 2091303296.0
 999395712.0
 694864256.0
 301348032.0
 159127072.0
 79829296.0
 38756372.0
 16777988.0
 8072845.5
 3342538.75
 294235.1875
 158652.171875
 46644.19921875
 4224.77099609375
 104.17447662353516
 91.12944030761719
 56.8309440612793
 26.049449920654297
 21.632034301757812
 5.4431962966918945
 0.4379255175590515
 2.6144654750823975
 1.7153326272964478
 1.1765213012695312
 2.8795464038848877
 8.226648330688477
 89.26182556152344
 1166.111328125
 12969.013671875
 1087363.625
 7109101.0
 10796535.0
 21947244.0
 53983948.0
 114408816.0
 230300432.0
 457452576.0
 890355520.0
 1694331904.0
 3160526080.0
 5769188864.0
 10320494592.0
 18041485312.0
 31567181824.0
 55168774144.0
 53138268160.0
 159873646592.0
 2276675551232.0
 7575363911680.0
 13538129084416.0
 19780077617152.0
 26420170457088.0
 33750658318336.0
 41848085151744.0
 50582970695680.0
 59610715127808.0
 68441956417536.0
 76524447334400.0
 83296109199360.0
 88263205322752.0
 91046629343232.0
 91430668206080.0
 89384913207296.0
 85074124996608.0
 78828546293760.0
 71110657835008.0
 62450296684544.0
 53391023669248.0
 44445026222080.0
 36006342426624.0
 28420683595776.0
 21793620361216.0
 16479453970432.0
 10295115251712.0
 2200933236736.0
 412052520960.0
 64417013760.0
 27396360192.0
 17376088064.0
 4969338880.0
 2320605696.0
 1724049408.0
 1066071744.0
 384917504.0
 260146416.0
 107771720.0
 58626488.0
 24126162.0
 11137677.0
 4827924.0
 432450.625
 226236.0625
 70907.2890625
 7095.9228515625
 245.22747802734375
 159.22616577148438
 110.33797454833984
 43.5272331237793
 16.53367805480957
 2.699780225753784
 0.5193767547607422
 0.6852670311927795
 1.5354763269424438
 1.3952884674072266
 2.8852763175964355
 8.815779685974121
 118.3987808227539
 1739.0377197265625
 18278.75390625
 1546849.875
 10110685.0
 15359337.0
 31224282.0
 76762352.0
 162706640.0
 327569408.0
 650369280.0
 1266253696.0
 2410387200.0
 4495391232.0
 8206310912.0
 14674927616.0
 25930475520.0
 43671339008.0
 48330727424.0
 140255019008.0
 2365450092544.0
 7855917760512.0
 14330997243904.0
 21431941332992.0
 29382072598528.0
 38547537002496.0
 49113093636096.0
 60990318182400.0
 73834245914624.0
 87078406717440.0
 100004689608704.0
 111811294658560.0
 121696933642240.0
 128946192515072.0
 133009760059392.0
 133569380876288.0
 130585074860032.0
 124287428067328.0
 115165378904064.0
 103886182416384.0
 91233317814272.0
 78001362436096.0
 64923807776768.0
 52607368298496.0
 41496552144896.0
 31875663921152.0
 23794857017344.0
 17419087118336.0
 10785609744384.0
 2051672768512.0
 221431758848.0
 6491592704.0
 10829002752.0
 3183931648.0
 4304643072.0
 3452375040.0
 1261454976.0
 545284288.0
 395702560.0
 150611120.0
 79781264.0
 37228756.0
 14922595.0
 6338447.5
 541775.5625
 283980.0625
 91433.8828125
 9416.67578125
 289.8823547363281
 117.33146667480469
 110.07149505615234
 56.452430725097656
 36.1462516784668
 5.864377021789551
 0.8580312728881836
 2.0121607780456543
 0.9706869125366211
 2.0226690769195557
 3.5303761959075928
 6.111187934875488
 147.01722717285156
 2295.775634765625
 25381.185546875
 2142911.0
 14018035.0
 21290304.0
 43305120.0
 106462352.0
 225597712.0
 454226816.0
 902179712.0
 1756101504.0
 3340980224.0
 6230531072.0
 11348539392.0
 20616992768.0
 35169660928.0
 48083423232.0
 88558338048.0
 1825210499072.0
 7271874035712.0
 14093788381184.0
 21892243128320.0
 30941972004864.0
 41743743451136.0
 54638669725696.0
 69695155732480.0
 86659982950400.0
 104979931070464.0
 123836464889856.0
 142218027335680.0
 158998850437120.0
 173048359550976.0
 183352892063744.0
 189130327719936.0
 189926876381184.0
 185683851345920.0
 176729482067968.0
 163758429175808.0
 147720467644416.0
 129728874807296.0
 110912824410112.0
 92314399670272.0
 74801980899328.0
 59006705991680.0
 45315465936896.0
 33889389117440.0
 24627980009472.0
 17623743987712.0
 10078629396480.0
 1394268962816.0
 148243398656.0
 32943792128.0
 10676179968.0
 12402796544.0
 4287365632.0
 1305700352.0
 1030766528.0
 436143200.0
 267566672.0
 92148704.0
 54239792.0
 22839546.0
 8382139.5
 653034.25
 408010.65625
 104965.6015625
 7586.76806640625
 27.683265686035156
 171.3624267578125
 85.74469757080078
 21.081317901611328
 13.367993354797363
 2.0684168338775635
 2.388461112976074
 0.6985564231872559
 1.5728042125701904
 0.5719237327575684
 3.0175323486328125
 9.384499549865723
 186.2587890625
 3157.74560546875
 34310.13671875
 2902315.5
 18965450.0
 28810598.0
 58541984.0
 143960176.0
 305046656.0
 614492096.0
 1219562112.0
 2374624512.0
 4523279872.0
 8417140224.0
 15467397120.0
 27364431872.0
 50138583040.0
 48654020608.0
 960730693632.0
 5931019534336.0
 12847830532096.0
 21056079265792.0
 30841346457600.0
 42837232058368.0
 57613811187712.0
 75471895134208.0
 96378512474112.0
 119912282456064.0
 145292770934784.0
 171394310602752.0
 196825030066176.0
 220041677111296.0
 239480329994240.0
 253739302649856.0
 261734669484032.0
 262838408970240.0
 256964839866368.0
 244573792108544.0
 226622103879680.0
 204429689094144.0
 179531260362752.0
 153490454216704.0
 127753659613184.0
 103518157406208.0
 81658409648128.0
 62708917469184.0
 46881606467584.0
 34124366610432.0
 24161567113216.0
 16921143541760.0
 8123589328896.0
 1593661325312.0
 287722110976.0
 30306985984.0
 12905942016.0
 1158816128.0
 3880230656.0
 1171290624.0
 527977696.0
 376788832.0
 153462720.0
 59039932.0
 33665712.0
 13751638.0
 1298186.5
 714799.5625
 187206.859375
 14569.849609375
 802.8638305664062
 878.900634765625
 406.3665771484375
 82.56021881103516
 3.839846134185791
 4.127719402313232
 1.6934341192245483
 1.180192232131958
 1.0688141584396362
 1.238567590713501
 2.4862000942230225
 21.294343948364258
 264.98052978515625
 4336.56396484375
 45358.38671875
 3827037.0
 25005682.0
 38001172.0
 77185320.0
 189884592.0
 402380544.0
 810278400.0
 1608220288.0
 3131275520.0
 5970458112.0
 11153783808.0
 20120844288.0
 36661080064.0
 35429404672.0
 302971748352.0
 4035911352320.0
 10689522434048.0
 18973494083584.0
 29045592948736.0
 41646834057216.0
 57577215885312.0
 77458753716224.0
 101568611352576.0
 129786915586048.0
 161517798424576.0
 195711576571904.0
 230863803514880.0
 265108785725440.0
 296374486695936.0
 322554661175296.0
 341760312082432.0
 352529942577152.0
 354017376993280.0
 346106114342912.0
 329416710291456.0
 305237151711232.0
 275346712690688.0
 241811104727040.0
 206736304635904.0
 172071388708864.0
 139428672569344.0
 109986411708416.0
 84464046702592.0
 63145909420032.0
 45955214737408.0
 32569510854656.0
 22489222610944.0
 14799192719360.0
 4593140367360.0
 588008128512.0
 10128770048.0
 8565729792.0
 9328733184.0
 5550578688.0
 1099590016.0
 1002652416.0
 304590464.0
 255965936.0
 98388864.0
 35699532.0
 17168676.0
 1694133.125
 625266.9375
 233131.53125
 30087.294921875
 2785.13427734375
 591.035400390625
 354.6246643066406
 128.8774871826172
 21.10294532775879
 6.890348434448242
 3.4363200664520264
 3.46986722946167
 5.981998443603516
 6.970134735107422
 8.587464332580566
 19.969993591308594
 360.16015625
 5404.9892578125
 58051.9765625
 4916633.0
 32162182.0
 48836180.0
 99293432.0
 244212800.0
 517546848.0
 1041787392.0
 2069264256.0
 4028225792.0
 7636925952.0
 14395282432.0
 26807347200.0
 41704050688.0
 70424870912.0
 2014594596864.0
 7862854090752.0
 15844976361472.0
 25756587524096.0
 38322135105536.0
 54539960975360.0
 75354345570304.0
 101454543060992.0
 133122192572416.0
 170158265991168.0
 211776113213440.0
 256605320904704.0
 302683089010688.0
 347575194484736.0
 388562704924672.0
 422886271614976.0
 448067228663808.0
 462188208717824.0
 464138392305664.0
 453768193769472.0
 431886644019200.0
 400186731921408.0
 360996128423936.0
 317028816650240.0
 271044749295616.0
 225596428779520.0
 182799831138304.0
 144197151621120.0
 110736881745920.0
 82786669035520.0
 60254079418368.0
 42683858944000.0
 29444867620864.0
 19764489486336.0
 11087300788224.0
 1819595898880.0
 421036785664.0
 46744010752.0
 9910170624.0
 1078431744.0
 4670700032.0
 622080064.0
 620684928.0
 174636736.0
 139594560.0
 64368800.0
 20530356.0
 1298446.25
 995047.5625
 232727.03125
 15751.0625
 52.615413665771484
 660.8951416015625
 243.52378845214844
 41.62728500366211
 8.142516136169434
 4.788763999938965
 3.1559832096099854
 3.5509979724884033
 1.793245553970337
 1.1814095973968506
 6.087890148162842
 15.695679664611816
 410.3717956542969
 6712.72509765625
 72894.25
 6175586.0
 40334360.0
 61274624.0
 124509088.0
 306198720.0
 648799680.0
 1306896128.0
 2593514240.0
 5049771520.0
 9572604928.0
 17734793216.0
 32923054080.0
 31581630464.0
 418514731008.0
 4711481081856.0
 11965514645504.0
 21332347584512.0
 33288399880192.0
 48927734759424.0
 69477198725120.0
 96033279311872.0
 129383180271616.0
 169833006104576.0
 217110160605184.0
 270214444875776.0
 327406095171584.0
 386187822891008.0
 443460876238848.0
 495753915006976.0
 539546777288704.0
 571675515027456.0
 589693439705088.0
 592181299511296.0
 578951256735744.0
 551032828461056.0
 510588262285312.0
 460584843739136.0
 404488041005056.0
 345818821296128.0
 287832300060672.0
 233229307084800.0
 183977239379968.0
 141286254313472.0
 105624939528192.0
 76876097781760.0
 54467458236416.0
 37577113468928.0
 25244884533248.0
 16511559270400.0
 5717591851008.0
 728310939648.0
 32923158528.0
 15678811136.0
 12374266880.0
 631031040.0
 2529506048.0
 473249280.0
 402895040.0
 107111992.0
 52022800.0
 28269164.0
 2999671.5
 1524764.375
 547659.6875
 63029.5390625
 4011.703125
 2649.671630859375
 1741.4525146484375
 463.29913330078125
 38.5575065612793
 10.62211799621582
 3.004887819290161
 4.022792816162109
 2.5166513919830322
 2.8154656887054443
 3.9100985527038574
 30.408863067626953
 508.8847961425781
 8463.0380859375
 89152.03125
 7534751.5
 49311152.0
 74948848.0
 152271536.0
 374574112.0
 793380736.0
 1598182912.0
 3172552704.0
 6172489728.0
 11742953472.0
 21534023680.0
 39888039936.0
 54941515776.0
 1835957354496.0
 7768104763392.0
 16212035633152.0
 27146219159552.0
 41516839993344.0
 60710600048640.0
 86177596047360.0
 119186013552640.0
 160649661382656.0
 210916868096000.0
 269643583324160.0
 335592504164352.0
 406613378727936.0
 479612119285760.0
 550736811261952.0
 615680944635904.0
 670068249722880.0
 709969636753408.0
 732345611059200.0
 735436108464128.0
 719003697807360.0
 684332037439488.0
 634102462021632.0
 572004952440832.0
 502337932099584.0
 429475053436928.0
 357461605220352.0
 289649507434496.0
 228483133341696.0
 175464580644864.0
 131177159589888.0
 95471502622720.0
 67643981692928.0
 46660809916416.0
 31313897717760.0
 20472030822400.0
 10993471062016.0
 2131747274752.0
 382865047552.0
 4623958528.0
 2262784000.0
 8750624768.0
 467215296.0
 1244807168.0
 296234944.0
 242124192.0
 109071128.0
 33106324.0
 2261971.5
 1351013.0
 266093.34375
 14155.6005859375
 152.22769165039062
 717.9097290039062
 241.33949279785156
 42.36464309692383
 4.156096935272217
 9.48437786102295
 3.008382797241211
 1.638289451599121
 2.6015470027923584
 1.0230275392532349
 11.038199424743652
 35.671363830566406
 642.0260009765625
 9891.947265625
 106196.640625
 9014113.0
 58845232.0
 89355616.0
 181591104.0
 446497312.0
 946430208.0
 1905670144.0
 3782318080.0
 7377894400.0
 13861814272.0
 25707026432.0
 30425038848.0
 199683915776.0
 3715797352448.0
 10848404766720.0
 20489059696640.0
 33171622068224.0
 50225863458816.0
 73301737078784.0
 104075278417920.0
 144008659599360.0
 194163173752832.0
 254942245814272.0
 325930773905408.0
 405639260012544.0
 491476832223232.0
 579708915810304.0
 665675773247488.0
 744174756298752.0
 809913928384512.0
 858142988566528.0
 885188129193984.0
 888924213870592.0
 869060929650688.0
 827153390239744.0
 766440336523264.0
 691384239521792.0
 607177513369600.0
 519107363471360.0
 432064549617664.0
 350100064829440.0
 276168309735424.0
 212084579106816.0
 158554136772608.0
 115396325670912.0
 81760742277120.0
 56391909769216.0
 37868349161472.0
 24797811572736.0
 15302906609664.0
 3541025685504.0
 443862024192.0
 106015096832.0
 9907150848.0
 482014464.0
 5202613248.0
 535545472.0
 535565056.0
 189257568.0
 60234700.0
 35093892.0
 3367426.25
 1725920.25
 762944.25
 109875.4921875
 7348.4951171875
 2140.98193359375
 2158.5341796875
 906.371826171875
 136.31643676757812
 25.83671760559082
 1.7882684469223022
 2.464651346206665
 5.325084686279297
 4.336483955383301
 7.246346473693848
 32.197113037109375
 683.9022827148438
 11329.9599609375
 124314.2734375
 10447846.0
 68394952.0
 103913176.0
 211154208.0
 519451136.0
 1100413696.0
 2215899136.0
 4402732032.0
 8541581312.0
 16032192512.0
 31485388800.0
 29318924288.0
 716990840832.0
 5754810007552.0
 13846190227456.0
 24682770202624.0
 39214242594816.0
 59071960973312.0
 86154393157632.0
 122367695126528.0
 169379719282688.0
 228409229705216.0
 299922565890048.0
 383434211983360.0
 477199689842688.0
 578174874288128.0
 681966449983488.0
 783097628983296.0
 875443251052544.0
 952779237490688.0
 1009516359450624.0
 1041333544288256.0
 1045728101138432.0
 1022362405306368.0
 973061817892864.0
 901639665876992.0
 813342251810816.0
 714281649700864.0
 610676770865152.0
 508279818027008.0
 411856929816576.0
 324883573637120.0
 249495757520896.0
 186522594705408.0
 135751861796864.0
 96182789472256.0
 66337757986816.0
 44546100559872.0
 29116613001216.0
 18747054096384.0
 7597565411328.0
 1156315742208.0
 58174652416.0
 21032013824.0
 9645585408.0
 1471028864.0
 1492950016.0
 657643008.0
 214599792.0
 168717312.0
 66161228.0
 5893394.0
 2845174.5
 813451.5
 100493.96875
 9619.435546875
 4172.3837890625
 2448.03955078125
 935.1603393554688
 229.65908813476562
 30.95408058166504
 5.403841495513916
 2.9897804260253906
 5.906651020050049
 6.106204509735107
 11.362686157226562
 73.4631576538086
 926.72607421875
 12748.34375
 140522.90625
 11863938.0
 77572448.0
 117794312.0
 239452160.0
 588969600.0
 1248158336.0
 2512642048.0
 4994550784.0
 9672449024.0
 18630291456.0
 36822888448.0
 43110604800.0
 1684329332736.0
 7681231814656.0
 16613444157440.0
 28623241216000.0
 44992257064960.0
 67601375952896.0
 98582141075456.0
 140065300807680.0
 193923125346304.0
 261532084600832.0
 343423202623488.0
 439043804364800.0
 546403222814720.0
 662017467744256.0
 780856461361152.0
 896653343064064.0
 1002389666529280.0
 1090940416557056.0
 1155905756332032.0
 1192337547984896.0
 1197368833736704.0
 1170616287756288.0
 1114166190407680.0
 1032388134043648.0
 931284738113536.0
 817859349446656.0
 699231681642496.0
 581985584021504.0
 471580362670080.0
 371994969243648.0
 285675119181824.0
 213570184806400.0
 155437097811968.0
 110129924014080.0
 75959298424832.0
 51001788727296.0
 33322931585024.0
 21210907803648.0
 10895993339904.0
 2352742924288.0
 215286005760.0
 9015839744.0
 9090847744.0
 2393267968.0
 3002436096.0
 340626208.0
 361420256.0
 137865888.0
 38365140.0
 3017752.5
 2093444.875
 311006.4375
 6489.6455078125
 3658.667724609375
 983.1974487304688
 12.417277336120605
 127.8691635131836
 82.78804779052734
 30.514699935913086
 8.070058822631836
 3.760873556137085
 7.8861985206604
 10.856681823730469
 19.10317611694336
 30.797765731811523
 994.6759033203125
 13871.5810546875
 155391.859375
 13123073.0
 85766560.0
 130215296.0
 264799616.0
 651278912.0
 1380151168.0
 2778660096.0
 5524403200.0
 10741891072.0
 20281952256.0
 33864790016.0
 79641780224.0
 2647132733440.0
 9361785094144.0
 19024876404736.0
 32119285874688.0
 50176785907712.0
 75293117120512.0
 109806266351616.0
 156052150550528.0
 216090911178752.0
 291445474852864.0
 382706181472256.0
 489261233078272.0
 608895164743680.0
 737729755217920.0
 870160239951872.0
 999200183549952.0
 1117030329614336.0
 1215708880961536.0
 1288104044396544.0
 1328701685891072.0
 1334308631478272.0
 1304495518646272.0
 1241589548580864.0
 1150458127187968.0
 1037793149059072.0
 911395751198720.0
 779200214597632.0
 648545430405120.0
 525513575628800.0
 414538868457472.0
 318346935402496.0
 237995563155456.0
 173214068113408.0
 122725385371648.0
 84647723663360.0
 56840364752896.0
 37141929263104.0
 23588631478272.0
 13382536134656.0
 2456567152640.0
 548963090432.0
 7017847296.0
 3461116928.0
 8257448960.0
 1120249856.0
 588430848.0
 369258752.0
 83111480.0
 40273312.0
 2975577.75
 1737077.625
 843931.0
 155134.734375
 17117.255859375
 498.3052673339844
 1484.8013916015625
 1165.204345703125
 298.3735656738281
 29.500505447387695
 2.281761407852173
 0.6314426064491272
 1.1874831914901733
 6.115652084350586
 10.7944917678833
 24.895368576049805
 946.8587646484375
 14771.3544921875
 168030.625
 14144985.0
 92531272.0
 140479248.0
 285506912.0
 702356480.0
 1488112512.0
 2996310784.0
 5959215104.0
 11625037824.0
 22789965824.0
 29811859456.0
 145080762368.0
 3439474507776.0
 10708323401728.0
 20973401145344.0
 34971972534272.0
 54436009345024.0
 81630651744256.0
 119062340304896.0
 169237079392256.0
 234371801939968.0
 316111908241408.0
 415097583304704.0
 530668241027072.0
 660423296679936.0
 800158514151424.0
 943797521350656.0
 1083756613992448.0
 1211559405682688.0
 1318588916957184.0
 1397109911715840.0
 1441142319087616.0
 1447224261214208.0
 1414886512918528.0
 1346658138849280.0
 1247813895716864.0
 1125616640327680.0
 988522492198912.0
 845139505315840.0
 703428200235008.0
 569984908525568.0
 449619322470400.0
 345286916440064.0
 258135990206464.0
 187872372064256.0
 133111186718720.0
 91810739257344.0
 61650661015552.0
 40307118833664.0
 25685844295680.0
 15265167310848.0
 3034613809152.0
 639022465024.0
 51949846528.0
 2275770880.0
 8119502336.0
 204183744.0
 1246861696.0
 320716512.0
 128900088.0
 79232288.0
 7801473.5
 2465992.5
 1357516.5
 272325.6875
 32897.4765625
 4191.71337890625
 3697.10107421875
 2252.001220703125
 631.9090576171875
 74.19425964355469
 3.882150173187256
 4.332578182220459
 4.955312252044678
 9.773566246032715
 15.28553581237793
 50.06658172607422
 1017.3682861328125
 16513.2890625
 175442.0
 14872936.0
 97278288.0
 147765024.0
 300404256.0
 738573184.0
 1565397888.0
 3151709184.0
 6256360448.0
 12219150336.0
 23333101568.0
 27562172416.0
 223166103552.0
 4056361730048.0
 11674119569408.0
 22349168508928.0
 36995879403520.0
 57469690707968.0
 86151775911936.0
 125668503322624.0
 178647788945408.0
 247419224719360.0
 333715737673728.0
 438213869043712.0
 560218287112192.0
 697196739559424.0
 844711484981248.0
 996347184414720.0
 1144099696541696.0
 1279018712170496.0
 1392007624785920.0
 1474901030469632.0
 1521385058861056.0
 1527805632315392.0
 1493667755851776.0
 1421640080556032.0
 1317292239486976.0
 1188290749267968.0
 1043563303403520.0
 892196978950144.0
 742595282075648.0
 601721696944128.0
 474654015750144.0
 364512532234240.0
 272509014376448.0
 198333184344064.0
 140522555441152.0
 96922161381376.0
 65079672307712.0
 42531718955008.0
 27084189597696.0
 16517044371456.0
 3968071106560.0
 588383715328.0
 98649153536.0
 2938525696.0
 5262669824.0
 1126293760.0
 1570882560.0
 280276256.0
 187699648.0
 103840232.0
 11462912.0
 3470460.5
 1444166.875
 261301.6875
 37570.96875
 7923.37255859375
 4198.3505859375
 2218.198486328125
 689.8215942382812
 140.5843048095703
 2.3519201278686523
 7.7485127449035645
 9.596883773803711
 8.346124649047852
 9.767633438110352
 53.140933990478516
 969.6038208007812
 16993.689453125
 181176.890625
 15236797.0
 99729008.0
 151596128.0
 307964000.0
 757636672.0
 1604628096.0
 3233218816.0
 6400266240.0
 12433338368.0
 23341754368.0
 26793992192.0
 278383755264.0
 4382717116416.0
 12160807731200.0
 23054377811968.0
 38042307919872.0
 59043984965632.0
 88500854587392.0
 129101675364352.0
 183538213191680.0
 254199333912576.0
 342863346925568.0
 450225751719936.0
 575572929413120.0
 716305585930240.0
 867862969319424.0
 1023652304781312.0
 1175454971068416.0
 1314070342926336.0
 1430155926962176.0
 1515322041434112.0
 1563081004023808.0
 1569677000048640.0
 1534605236633600.0
 1460602681688064.0
 1353396539883520.0
 1220856936136704.0
 1072163624845312.0
 916649100181504.0
 762947118825472.0
 618212760748032.0
 487662465056768.0
 374502525501440.0
 279977274638336.0
 203768465457152.0
 144373849260032.0
 99579680784384.0
 66866512920576.0
 43703343251456.0
 27797621833728.0
 17128093646848.0
 4569833144320.0
 568918147072.0
 119774044160.0
 3727770880.0
 3574558720.0
 2037348992.0
 1605202944.0
 263585008.0
 215161248.0
 110076072.0
 12628489.0
 4059557.5
 1383213.0
 225628.703125
 36638.68359375
 9496.552734375
 4213.90576171875
 2124.70458984375
 647.7293090820312
 143.45298767089844
 3.2125167846679688
 6.233498573303223
 7.181210517883301
 12.130423545837402
 15.503070831298828
 29.884965896606445
 968.142822265625
 17121.2109375
 180095.03125
 15222928.0
 99723024.0
 151605488.0
 307999552.0
 757668416.0
 1604505088.0
 3233287168.0
 6400084480.0
 12433125376.0
 23341697024.0
 26793963520.0
 278383394816.0
 4382722097152.0
 12160816119808.0
 23054388297728.0
 38042328891392.0
 59044018520064.0
 88500904919040.0
 129101767639040.0
 183538297077760.0
 254199384244224.0
 342863447588864.0
 450225852383232.0
 575573264957440.0
 716305585930240.0
 867863170646016.0
 1023652774543360.0
 1175455373721600.0
 1314070879797248.0
 1430156329615360.0
 1515322578305024.0
 1563081272459264.0
 1569677134266368.0
 1534605236633600.0
 1460602950123520.0
 1353396539883520.0
 1220857204572160.0
 1072163624845312.0
 916649569943552.0
 762947320152064.0
 618212827856896.0
 487662599274496.0
 374502626164736.0
 279977341747200.0
 203768549343232.0
 144373866037248.0
 99579689172992.0
 66866542280704.0
 43703339057152.0
 27797649096704.0
 17128092598272.0
 4569842057216.0
 568918343680.0
 119773495296.0
 3727736832.0
 3574698752.0
 2037249408.0
 1605076864.0
 263619168.0
 215185104.0
 110078296.0
 12633620.0
 4057768.25
 1381170.625
 225015.0
 36688.94921875
 9392.8408203125
 4332.8515625
 2088.903076171875
 658.8430786132812
 156.44288635253906
 15.068517684936523
 6.263185977935791
 8.666006088256836
 12.215598106384277
 17.5385799407959
 54.92135238647461
 1006.3339233398438
 16562.796875
 173996.265625
 14882304.0
 97296808.0
 147796576.0
 300408160.0
 738463104.0
 1565403776.0
 3151827456.0
 6256167424.0
 12219373568.0
 23332675584.0
 27562174464.0
 223163842560.0
 4056359895040.0
 11674109083648.0
 22349151731712.0
 36995854237696.0
 57469657153536.0
 86151750746112.0
 125668469768192.0
 178647772168192.0
 247419207942144.0
 333715704119296.0
 438213768380416.0
 560218253557760.0
 697196605341696.0
 844711484981248.0
 996347050196992.0
 1144099696541696.0
 1279018712170496.0
 1392007624785920.0
 1474901030469632.0
 1521385193078784.0
 1527805900750848.0
 1493667890069504.0
 1421640348991488.0
 1317292507922432.0
 1188290615050240.0
 1043563437621248.0
 892197046059008.0
 742595416293376.0
 601721764052992.0
 474653948641280.0
 364512565788672.0
 272509064708096.0
 198333201121280.0
 140522563829760.0
 96922161381376.0
 65079684890624.0
 42531727343616.0
 27084191694848.0
 16517041225728.0
 3968073465856.0
 588386664448.0
 98649350144.0
 2938400512.0
 5262664192.0
 1126288128.0
 1570829056.0
 280295904.0
 187713440.0
 103866032.0
 11465099.0
 3480723.25
 1446023.625
 262355.25
 37358.0703125
 7610.42919921875
 4136.294921875
 2107.63134765625
 637.4049682617188
 119.49248504638672
 8.725984573364258
 1.11761474609375
 1.5874125957489014
 7.453151702880859
 11.54396915435791
 43.95518493652344
 949.97998046875
 14766.4306640625
 168142.0625
 14153160.0
 92551464.0
 140501568.0
 285480224.0
 702356160.0
 1488141824.0
 2996311040.0
 5959183872.0
 11625203712.0
 22790012928.0
 29811806208.0
 145079959552.0
 3439469789184.0
 10708315013120.0
 20973390659584.0
 34971991408640.0
 54435984179200.0
 81630634967040.0
 119062323527680.0
 169237079392256.0
 234371801939968.0
 316111975350272.0
 415097549750272.0
 530668375244800.0
 660423296679936.0
 800158715478016.0
 943797924003840.0
 1083756748210176.0
 1211559539900416.0
 1318589051174912.0
 1397110180151296.0
 1441142721740800.0
 1447224529649664.0
 1414886915571712.0
 1346658407284736.0
 1247814029934592.0
 1125616908763136.0
 988522827743232.0
 845139572424704.0
 703428468670464.0
 569984908525568.0
 449619356024832.0
 345287017103360.0
 258135990206464.0
 187872455950336.0
 133111195107328.0
 91810730868736.0
 61650661015552.0
 40307114639360.0
 25685848489984.0
 15265162067968.0
 3034610401280.0
 639021023232.0
 51949797376.0
 2275632384.0
 8119677952.0
 204196368.0
 1246707968.0
 320726208.0
 128920296.0
 79246416.0
 7809994.0
 2466299.5
 1359095.375
 272009.84375
 32783.16015625
 4115.689453125
 3696.3994140625
 2166.6884765625
 614.8856201171875
 90.60218811035156
 2.1993680000305176
 0.3847777247428894
 1.9112436771392822
 4.635353088378906
 11.1759033203125
 34.149497985839844
 996.1710205078125
 14186.4873046875
 154467.5625
 13120658.0
 85783328.0
 130267280.0
 264841872.0
 651207488.0
 1379994368.0
 2778819584.0
 5523977728.0
 10742419456.0
 20281677824.0
 33865295872.0
 79641706496.0
 2647138238464.0
 9361787191296.0
 19024882696192.0
 32119298457600.0
 50176790102016.0
 75293117120512.0
 109806257963008.0
 156052116996096.0
 216090894401536.0
 291445407744000.0
 382706147917824.0
 489261233078272.0
 608895097634816.0
 737729688109056.0
 870159904407552.0
 999200049332224.0
 1117030061178880.0
 1215709015179264.0
 1288104044396544.0
 1328701417455616.0
 1334308497260544.0
 1304495787081728.0
 1241589145927680.0
 1150458127187968.0
 1037793014841344.0
 911395616980992.0
 779200281706496.0
 648545497513984.0
 525513508519936.0
 414538902011904.0
 318347002511360.0
 237995579932672.0
 173214001004544.0
 122725343428608.0
 84647740440576.0
 56840381530112.0
 37141916680192.0
 23588620992512.0
 13382537183232.0
 2456564793344.0
 548962336768.0
 7017654784.0
 3461127424.0
 8257559552.0
 1120342912.0
 588502784.0
 369277600.0
 83099288.0
 40270348.0
 2977972.25
 1740289.125
 844214.4375
 154929.109375
 16887.720703125
 461.0553283691406
 1495.859375
 1180.6771240234375
 304.44537353515625
 42.87612533569336
 4.953071117401123
 8.130130767822266
 5.747332572937012
 2.0171658992767334
 12.180612564086914
 82.1506118774414
 866.4801025390625
 12842.8984375
 140436.078125
 11864585.0
 77587760.0
 117822656.0
 239451184.0
 588930112.0
 1248206464.0
 2512439808.0
 4994839040.0
 9672412160.0
 18630275072.0
 36822589440.0
 43109314560.0
 1684330250240.0
 7681229717504.0
 16613441011712.0
 28623241216000.0
 44992240287744.0
 67601354981376.0
 98582115909632.0
 140065275641856.0
 193923091791872.0
 261532051046400.0
 343423068405760.0
 439043737255936.0
 546403088596992.0
 662017333526528.0
 780856260034560.0
 896653141737472.0
 1002389532311552.0
 1090940148121600.0
 1155905890549760.0
 1192337547984896.0
 1197368296865792.0
 1170616287756288.0
 1114165989081088.0
 1032387798499328.0
 931284603895808.0
 817859148120064.0
 699231413207040.0
 581985516912640.0
 471580329115648.0
 371994835025920.0
 285675052072960.0
 213570151251968.0
 155437081034752.0
 110129882071040.0
 75959281647616.0
 51001771950080.0
 33322914807808.0
 21210891026432.0
 10895984951296.0
 2352739254272.0
 215284105216.0
 9015691264.0
 9090909184.0
 2393477888.0
 3002481920.0
 340567904.0
 361416096.0
 137925840.0
 38381644.0
 3019179.75
 2089835.125
 310200.0
 6527.4052734375
 3839.5029296875
 1047.5648193359375
 15.184288024902344
 101.94733428955078
 68.92887115478516
 15.509920120239258
 1.5832970142364502
 3.6866915225982666
 4.140440940856934
 5.544353008270264
 6.8820390701293945
 31.19883155822754
 648.7985229492188
 11603.3466796875
 123792.7265625
 10447257.0
 68393960.0
 103903512.0
 211169712.0
 519438848.0
 1100370816.0
 2215937024.0
 4402663424.0
 8541712896.0
 16032137216.0
 31485906944.0
 29319364608.0
 716990054400.0
 5754803716096.0
 13846187081728.0
 24682770202624.0
 39214234206208.0
 59071956779008.0
 86154342825984.0
 122367678349312.0
 169379685728256.0
 228409179373568.0
 299922532335616.0
 383434211983360.0
 477199622733824.0
 578174874288128.0
 681966114439168.0
 783097561874432.0
 875443318161408.0
 952779103272960.0
 1009516225232896.0
 1041333410070528.0
 1045728034029568.0
 1022362203979776.0
 973061885001728.0
 901639800094720.0
 813342318919680.0
 714281582592000.0
 610676837974016.0
 508279818027008.0
 411856963371008.0
 324883607191552.0
 249495757520896.0
 186522577928192.0
 135751845019648.0
 96182797860864.0
 66337791541248.0
 44546108948480.0
 29116636069888.0
 18747060387840.0
 7597568032768.0
 1156316528640.0
 58174693376.0
 21032413184.0
 9645498368.0
 1471111680.0
 1492834944.0
 657655872.0
 214632368.0
 168701712.0
 66139092.0
 5892292.0
 2848905.75
 816983.25
 101232.609375
 9612.869140625
 3971.900146484375
 2419.262939453125
 923.5733032226562
 203.37814331054688
 41.071842193603516
 0.3813205063343048
 2.8587939739227295
 2.1181657314300537
 8.991207122802734
 6.958705902099609
 22.98780632019043
 631.1297607421875
 9933.2431640625
 105028.59375
 8999007.0
 58831020.0
 89352000.0
 181615424.0
 446527872.0
 946332160.0
 1905700224.0
 3782277888.0
 7378019328.0
 13861616640.0
 25707499520.0
 30424592384.0
 199684882432.0
 3715801022464.0
 10848408961024.0
 20489065988096.0
 33171622068224.0
 50225846681600.0
 73301745467392.0
 104075236474880.0
 144008676376576.0
 194163207307264.0
 254942245814272.0
 325930841014272.0
 405639293566976.0
 491476832223232.0
 579708915810304.0
 665675840356352.0
 744174890516480.0
 809913861275648.0
 858143055675392.0
 885188196302848.0
 888924415197184.0
 869060996759552.0
 827153390239744.0
 766440336523264.0
 691384440848384.0
 607177647587328.0
 519107329916928.0
 432064818053120.0
 350100165492736.0
 276168477507584.0
 212084612661248.0
 158554153549824.0
 115396367613952.0
 81760725499904.0
 56391934935040.0
 37868374327296.0
 24797824155648.0
 15302917095424.0
 3541041938432.0
 443862941696.0
 106015358976.0
 9907149824.0
 481989056.0
 5202614272.0
 535559008.0
 535552800.0
 189229312.0
 60245196.0
 35079728.0
 3367350.0
 1734202.75
 762494.75
 111008.9765625
 7304.3984375
 1865.908203125
 1815.8206787109375
 774.4353637695312
 119.87618255615234
 30.026966094970703
 3.4665157794952393
 3.2079923152923584
 3.003854990005493
 0.5050952434539795
 5.917372703552246
 37.647586822509766
 468.1406555175781
 8389.2724609375
 89772.3203125
 7539380.5
 49313564.0
 74950104.0
 152260656.0
 374563328.0
 793424768.0
 1598063360.0
 3172588544.0
 6172422144.0
 11742954496.0
 21533718528.0
 39887663104.0
 54942273536.0
 1835958534144.0
 7768111054848.0
 16212037730304.0
 27146214965248.0
 41516831604736.0
 60710621020160.0
 86177621213184.0
 119186021941248.0
 160649661382656.0
 210916817764352.0
 269643566546944.0
 335592403501056.0
 406613412282368.0
 479612018622464.0
 550736844816384.0
 615680810418176.0
 670068383940608.0
 709969770971136.0
 732345678168064.0
 735436041355264.0
 719003966242816.0
 684331903221760.0
 634102596239360.0
 572005019549696.0
 502337831436288.0
 429475053436928.0
 357461571665920.0
 289649540988928.0
 228483150118912.0
 175464597422080.0
 131177151201280.0
 95471494234112.0
 67644002664448.0
 46660822499328.0
 31313914494976.0
 20472041308160.0
 10993474207744.0
 2131750944768.0
 382865375232.0
 4623895040.0
 2262727680.0
 8750521344.0
 467216448.0
 1244743680.0
 296244512.0
 242142992.0
 109110072.0
 33109056.0
 2264067.75
 1348851.875
 266017.875
 14009.8134765625
 141.13272094726562
 727.6570434570312
 328.267822265625
 63.7356071472168
 5.757576942443848
 11.411953926086426
 0.8381075263023376
 1.9705209732055664
 0.9282867908477783
 4.705733776092529
 9.081869125366211
 10.306201934814453
 437.4029235839844
 6731.43505859375
 72548.9140625
 6169416.5
 40320344.0
 61268656.0
 124505696.0
 306250848.0
 648761472.0
 1306982144.0
 2593551616.0
 5049818624.0
 9572432896.0
 17734969344.0
 32923357184.0
 31581095936.0
 418516434944.0
 4711478460416.0
 11965515694080.0
 21332335001600.0
 33288393588736.0
 48927743148032.0
 69477207113728.0
 96033262534656.0
 129383205437440.0
 169832938995712.0
 217110160605184.0
 270214444875776.0
 327406061617152.0
 386187655118848.0
 443460842684416.0
 495753948561408.0
 539546743734272.0
 571675582136320.0
 589693238378496.0
 592181232402432.0
 578951323844608.0
 551032895569920.0
 510588161622016.0
 460584843739136.0
 404487906787328.0
 345818821296128.0
 287832232951808.0
 233229290307584.0
 183977172271104.0
 141286220759040.0
 105624931139584.0
 76876081004544.0
 54467437264896.0
 37577096691712.0
 25244880338944.0
 16511543541760.0
 5717589753856.0
 728311201792.0
 32922294272.0
 15678653440.0
 12374709248.0
 630897472.0
 2529576704.0
 473297952.0
 402852160.0
 107096256.0
 52044464.0
 28278390.0
 3003498.25
 1526015.0
 546743.375
 62783.5234375
 3855.196044921875
 2488.325927734375
 1524.5147705078125
 463.86077880859375
 56.4969367980957
 29.14189910888672
 1.4881999492645264
 1.201852560043335
 3.843125820159912
 3.639413356781006
 7.023456573486328
 24.13431739807129
 329.3789978027344
 5485.587890625
 58240.48828125
 4914902.0
 32158790.0
 48840844.0
 99300832.0
 244185696.0
 517493408.0
 1041841344.0
 2069214976.0
 4028157952.0
 7636802048.0
 14395485184.0
 26807816192.0
 41704083456.0
 70424977408.0
 2014593548288.0
 7862848323584.0
 15844966924288.0
 25756581232640.0
 38322135105536.0
 54539952586752.0
 75354345570304.0
 101454543060992.0
 133122167406592.0
 170158265991168.0
 211776146767872.0
 256605421568000.0
 302683156119552.0
 347575228039168.0
 388562604261376.0
 422886372278272.0
 448067329327104.0
 462188309381120.0
 464138459414528.0
 453768294432768.0
 431886644019200.0
 400186866139136.0
 360996296196096.0
 317028850204672.0
 271044749295616.0
 225596479111168.0
 182799831138304.0
 144197185175552.0
 110736923688960.0
 82786669035520.0
 60254096195584.0
 42683863138304.0
 29444882300928.0
 19764493680640.0
 11087296593920.0
 1819599175680.0
 421038325760.0
 46743916544.0
 9909951488.0
 1078423040.0
 4670684672.0
 622057280.0
 620652416.0
 174637376.0
 139599216.0
 64341556.0
 20533784.0
 1296607.875
 992610.6875
 233466.75
 15859.5
 64.18609619140625
 608.158447265625
 269.165283203125
 37.11595916748047
 2.9957892894744873
 8.674739837646484
 0.48535728454589844
 6.623138904571533
 2.3650424480438232
 0.9319456219673157
 7.940389156341553
 23.883331298828125
 278.46673583984375
 4234.703125
 45307.2109375
 3830374.25
 25011662.0
 38003444.0
 77197352.0
 189862176.0
 402397792.0
 810326656.0
 1608259968.0
 3131333888.0
 5970407936.0
 11153762304.0
 20120434688.0
 36660379648.0
 35428880384.0
 302972239872.0
 4035906371584.0
 10689512996864.0
 18973489889280.0
 29045584560128.0
 41646838251520.0
 57577203302400.0
 77458753716224.0
 101568594575360.0
 129786898808832.0
 161517798424576.0
 195711643680768.0
 230863837069312.0
 265108752171008.0
 296374453141504.0
 322554694729728.0
 341760345636864.0
 352529875468288.0
 354017477656576.0
 346106215006208.0
 329416643182592.0
 305237285928960.0
 275346763022336.0
 241811071172608.0
 206736321413120.0
 172071439040512.0
 139428689346560.0
 109986445262848.0
 84464063479808.0
 63145938780160.0
 45955252486144.0
 32569529729024.0
 22489233096704.0
 14799202156544.0
 4593146134528.0
 588010291200.0
 10129324032.0
 8565764608.0
 9328629760.0
 5550587904.0
 1099646336.0
 1002591104.0
 304615296.0
 255923536.0
 98366856.0
 35712116.0
 17173830.0
 1696139.25
 625606.375
 232149.40625
 29786.939453125
 2686.284912109375
 595.3199462890625
 310.88104248046875
 139.5431671142578
 25.596904754638672
 11.114180564880371
 1.5385414361953735
 1.9873783588409424
 2.5898313522338867
 5.809089183807373
 3.0405383110046387
 3.203899621963501
 211.4737091064453
 3200.09130859375
 34049.22265625
 2897926.5
 18956200.0
 28807968.0
 58547048.0
 143983504.0
 305029056.0
 614508736.0
 1219536256.0
 2374741248.0
 4523242496.0
 8417211392.0
 15467501568.0
 27364173824.0
 50138566656.0
 48654110720.0
 960731742208.0
 5931020058624.0
 12847828434944.0
 21056081362944.0
 30841361137664.0
 42837244641280.0
 57613823770624.0
 75471911911424.0
 96378537639936.0
 119912274067456.0
 145292787712000.0
 171394327379968.0
 196825046843392.0
 220041727442944.0
 239480380325888.0
 253739386535936.0
 261734669484032.0
 262838459301888.0
 256964772757504.0
 244573775331328.0
 226622036770816.0
 204429756203008.0
 179531277139968.0
 153490470993920.0
 127753676390400.0
 103518140628992.0
 81658426425344.0
 62708917469184.0
 46881614856192.0
 34124370804736.0
 24161550336000.0
 16921146687488.0
 8123592474624.0
 1593658572800.0
 287721553920.0
 30306990080.0
 12906276864.0
 1158787840.0
 3880421632.0
 1171234944.0
 528014848.0
 376740928.0
 153485792.0
 59057952.0
 33663076.0
 13750333.0
 1299735.375
 718613.1875
 187765.84375
 14830.7587890625
 826.3417358398438
 778.62451171875
 260.8771667480469
 58.793670654296875
 7.438045978546143
 10.74996566772461
 1.380394458770752
 2.050645589828491
 1.5920342206954956
 4.8910956382751465
 4.890141010284424
 6.0469970703125
 151.124755859375
 2390.525634765625
 25281.75
 2141140.25
 14016112.0
 21283116.0
 43304560.0
 106468608.0
 225574240.0
 454259488.0
 902166720.0
 1756151936.0
 3340948736.0
 6230671872.0
 11348805632.0
 20617113600.0
 35169996800.0
 48083746816.0
 88558878720.0
 1825212334080.0
 7271883472896.0
 14093795721216.0
 21892266196992.0
 30941997170688.0
 41743764422656.0
 54638724251648.0
 69695218647040.0
 86660008116224.0
 104980073676800.0
 123836615884800.0
 142218060890112.0
 158998967877632.0
 173048510545920.0
 183353059835904.0
 189130461937664.0
 189926977044480.0
 185683968786432.0
 176729515622400.0
 163758563393536.0
 147720568307712.0
 129728967081984.0
 110912866353152.0
 92314475167744.0
 74802031230976.0
 59006722768896.0
 45315499491328.0
 33889420574720.0
 24627998883840.0
 17623750279168.0
 10078630445056.0
 1394272370688.0
 148242825216.0
 32943142912.0
 10676207616.0
 12402946048.0
 4287430144.0
 1305639168.0
 1030847424.0
 436113696.0
 267533728.0
 92194160.0
 54246396.0
 22821894.0
 8375455.5
 650089.125
 407551.8125
 105140.53125
 7679.15625
 27.40387535095215
 149.43707275390625
 105.52726745605469
 26.10911750793457
 8.2310209274292
 1.0120995044708252
 4.584532260894775
 7.443061351776123
 6.868784427642822
 1.378800392150879
 7.860952854156494
 21.843862533569336
 108.4406967163086
 1666.0904541015625
 18590.87890625
 1549475.25
 10112294.0
 15356679.0
 31208422.0
 76767208.0
 162717584.0
 327529888.0
 650422144.0
 1266153856.0
 2410429952.0
 4495417344.0
 8206257152.0
 14675239936.0
 25930528768.0
 43671281664.0
 48330416128.0
 140254511104.0
 2365447471104.0
 7855916711936.0
 14330989903872.0
 21431939235840.0
 29382051627008.0
 38547516030976.0
 49113081053184.0
 60990318182400.0
 73834220748800.0
 87078306054144.0
 100004630888448.0
 111811227549696.0
 121696824590336.0
 128946100240384.0
 133009684561920.0
 133569263435776.0
 130584999362560.0
 124287327404032.0
 115165295017984.0
 103886174027776.0
 91233326202880.0
 78001345658880.0
 64923782610944.0
 52607343132672.0
 41496564727808.0
 31875657629696.0
 23794844434432.0
 17419070341120.0
 10785603452928.0
 2051668312064.0
 221432102912.0
 6491538944.0
 10828980224.0
 3183917824.0
 4304662016.0
 3452320000.0
 1261361536.0
 545343616.0
 395701568.0
 150601824.0
 79785992.0
 37233904.0
 14910944.0
 6333323.0
 539561.3125
 283261.40625
 92172.390625
 9518.4541015625
 312.6020202636719
 126.05487823486328
 164.86868286132812
 47.947425842285156
 11.967511177062988
 0.2567336857318878
 0.39656999707221985
 2.9468774795532227
 1.2031692266464233
 1.6686744689941406
 3.1687748432159424
 5.807100772857666
 74.06745910644531
 1218.5728759765625
 12944.4384765625
 1086885.5
 7108423.0
 10797200.0
 21950638.0
 53985748.0
 114408464.0
 230282944.0
 457474720.0
 890301248.0
 1694315008.0
 3160537600.0
 5769160192.0
 10320650240.0
 18041298944.0
 31567044608.0
 55168356352.0
 53138055168.0
 159873433600.0
 2276677386240.0
 7575363387392.0
 13538134327296.0
 19780083908608.0
 26420174651392.0
 33750668804096.0
 41848106123264.0
 50582979084288.0
 59610719322112.0
 68441977389056.0
 76524438945792.0
 83296134365184.0
 88263238877184.0
 91046688063488.0
 91430684983296.0
 89384955150336.0
 85074141773824.0
 78828504350720.0
 71110683000832.0
 62450363793408.0
 53391078195200.0
 44445047193600.0
 36006350815232.0
 28420696178688.0
 21793628749824.0
 16479466553344.0
 10295124688896.0
 2200935333888.0
 412055437312.0
 64417562624.0
 27396225024.0
 17375873024.0
 4969286656.0
 2320614656.0
 1723911424.0
 1066073472.0
 384953504.0
 260155216.0
 107749392.0
 58623080.0
 24139424.0
 11139242.0
 4826922.0
 432287.96875
 226347.0625
 71766.2734375
 7237.5234375
 260.510498046875
 146.87423706054688
 144.97637939453125
 35.67182159423828
 9.5685396194458
 2.093299388885498
 1.1713966131210327
 4.60462760925293
 1.8674159049987793
 2.4675235748291016
 5.4237060546875
 6.73389196395874
 45.06875991821289
 819.0468139648438
 9042.0322265625
 744147.875
 4870585.5
 7401366.5
 15046171.0
 37039108.0
 78442552.0
 157889904.0
 313668576.0
 610310144.0
 1162142848.0
 2167403264.0
 3960192256.0
 7084429824.0
 12439934976.0
 21538832384.0
 36014088192.0
 62704484352.0
 63388151808.0
 132204503040.0
 1532896739328.0
 6351383691264.0
 11814328860672.0
 17151944556544.0
 22486414524416.0
 28018359664640.0
 33822026498048.0
 39765961342976.0
 45606005374976.0
 50973670113280.0
 55481968099328.0
 58798802731008.0
 60659731529728.0
 60918641721344.0
 59550518476800.0
 56677483151360.0
 52513801764864.0
 47361451622400.0
 41607055278080.0
 35584236060672.0
 29625384173568.0
 23996649177088.0
 18964553924608.0
 14842046971904.0
 8613528076288.0
 1401109348352.0
 325067997184.0
 80286318592.0
 33430794240.0
 21210327040.0
 11049760768.0
 4285926144.0
 2091237376.0
 999350080.0
 694823552.0
 301390400.0
 159102400.0
 79837384.0
 38761016.0
 16773129.0
 8069768.0
 3341313.0
 292537.71875
 157846.09375
 46655.0703125
 4230.2822265625
 123.88048553466797
 108.23737335205078
 106.10617065429688
 21.805511474609375
 3.911085844039917
 1.168292760848999
 1.5492513179779053
 3.927847146987915
 1.984954833984375
 0.6815267205238342
 2.6611897945404053
 5.505296230316162
 30.652738571166992
 554.2208862304688
 5959.18017578125
 498864.875
 3260222.5
 4952951.5
 10063021.0
 24751732.0
 52454664.0
 105590592.0
 209716336.0
 408156544.0
 776961664.0
 1449304960.0
 2647311616.0
 4742537216.0
 8336673792.0
 14317719552.0
 24401256448.0
 40779157504.0
 64683552768.0
 83865001984.0
 97332076544.0
 649530507264.0
 4287397888000.0
 9181477208064.0
 13871869853696.0
 18067537002496.0
 22040075567104.0
 25917300670464.0
 29639162462208.0
 33071757787136.0
 35982854324224.0
 38099082018816.0
 39304420130816.0
 39465108111360.0
 38610388647936.0
 36759916249088.0
 34052495114240.0
 30726923747328.0
 26976213532672.0
 23038519148544.0
 19224256839680.0
 15549853597696.0
 11870104715264.0
 5744995860480.0
 381044359168.0
 85445345280.0
 65666494464.0
 35333517312.0
 19433814016.0
 10917662720.0
 5514579968.0
 2979381248.0
 1545308160.0
 704680768.0
 424254784.0
 216784800.0
 102201256.0
 53988092.0
 25234442.0
 11644124.0
 5470438.0
 2205693.75
 187516.125
 101513.4140625
 29527.64453125
 2591.123291015625
 51.78139877319336
 59.9323844909668
 69.78933715820312
 15.872361183166504
 6.508903503417969
 1.3921220302581787
 0.2054823935031891
 0.9968093633651733
 0.45555180311203003
 0.6116753220558167
 1.007016897201538
 0.7701297402381897
 20.24412727355957
 381.47100830078125
 3829.982177734375
 324586.6875
 2124148.0
 3228761.0
 6564698.5
 16137797.0
 34180960.0
 68863344.0
 136731040.0
 266143216.0
 506475232.0
 945090816.0
 1726268416.0
 3093406976.0
 5438736896.0
 9375337472.0
 15839142912.0
 26233776128.0
 43483791360.0
 68655329280.0
 115825541120.0
 95969271808.0
 215850729472.0
 1326323859456.0
 5536988266496.0
 9749831614464.0
 13448590131200.0
 16427569381376.0
 18888511193088.0
 20937755852800.0
 22812616032256.0
 23978643030016.0
 24633214500864.0
 24712128233472.0
 24359999635456.0
 23141816467456.0
 21435187724288.0
 19384552652800.0
 17139554582528.0
 14549537259520.0
 12146263982080.0
 7130918158336.0
 1890996453376.0
 385012957184.0
 22101932032.0
 57572659200.0
 39360360448.0
 19964153856.0
 10281956352.0
 5526722048.0
 3198760704.0
 1897257984.0
 981761024.0
 499195648.0
 264080528.0
 142338224.0
 67799904.0
 34714988.0
 16254815.0
 7684945.0
 3531406.25
 1417986.625
 117938.375
 64923.4765625
 19087.955078125
 1792.0467529296875
 43.41582107543945
 33.28398132324219
 40.466064453125
 5.733534336090088
 2.0270133018493652
 2.027218818664551
 0.48056328296661377
 1.8589046001434326
 0.908957839012146
 1.2143820524215698
 1.2282737493515015
 1.1564781665802002
 18.269412994384766
 230.32418823242188
 2454.435546875
 206212.984375
 1348781.875
 2048573.0
 4174445.0
 10264770.0
 21734768.0
 43795680.0
 86924672.0
 169253536.0
 322096960.0
 600979776.0
 1097611648.0
 1966154240.0
 3453758464.0
 5953856512.0
 10070300672.0
 16752636928.0
 27434733568.0
 44873687040.0
 69995929600.0
 111860318208.0
 156350578688.0
 143064678400.0
 283974369280.0
 1077771370496.0
 3805004169216.0
 8228536057856.0
 11110236291072.0
 12660527595520.0
 14190219624448.0
 15254083862528.0
 15733935308800.0
 15863271915520.0
 15406085439488.0
 14076782575616.0
 13207189061632.0
 12467312787456.0
 9458233114624.0
 5449586311168.0
 1764722868224.0
 28096600064.0
 184171790336.0
 62028681216.0
 38577623040.0
 32852592640.0
 18895699968.0
 10212072448.0
 5824412160.0
 3427628288.0
 1998529280.0
 1127020032.0
 621541248.0
 323483776.0
 169178672.0
 88738984.0
 43753912.0
 21953324.0
 10385357.0
 4904301.5
 2220356.25
 898015.75
 75010.75
 41342.01171875
 12217.5849609375
 1207.384521484375
 36.9031867980957
 16.987123489379883
 14.884720802307129
 1.706549882888794
 1.3079475164413452
 1.6321260929107666
 0.436029314994812
 0.45436373353004456
 0.5294343829154968
 0.41661572456359863
 0.6055241227149963
 0.7964106798171997
 11.786369323730469
 119.98867797851562
 1544.245361328125
 128579.7890625
 838722.8125
 1272690.0
 2584780.0
 6361211.0
 13479626.0
 27153510.0
 53891140.0
 104945600.0
 199712976.0
 372543360.0
 680560384.0
 1219489536.0
 2140986624.0
 3692630016.0
 6253440512.0
 10401028096.0
 17033054208.0
 27419303936.0
 43978698752.0
 68576116736.0
 110931001344.0
 168083881984.0
 262083543040.0
 259670114304.0
 312842911744.0
 545662992384.0
 1129647702016.0
 2220484460544.0
 3712847708160.0
 5166496481280.0
 6114847490048.0
 6262123134976.0
 5624857362432.0
 4456067366912.0
 3137316061184.0
 1876767539200.0
 690367954944.0
 134878658560.0
 240920395776.0
 97142112256.0
 81653669888.0
 41134231552.0
 28772749312.0
 18230929408.0
 10572731392.0
 6224646144.0
 3676379904.0
 2137406208.0
 1222193408.0
 686641344.0
 378865344.0
 202665696.0
 105393256.0
 54571492.0
 27344284.0
 13492281.0
 6475242.0
 3040082.5
 1370457.0
 558140.3125
 46870.93359375
 25609.330078125
 7365.5029296875
 690.470458984375
 22.35072898864746
 12.234838485717773
 2.8170926570892334
 2.774460792541504
 1.0579853057861328
 0.48103025555610657
 0.5403525233268738
 1.6435848474502563
 0.9330964088439941
 0.6537609100341797
 1.5764820575714111
 1.53715980052948
 3.7631278038024902
 79.93297576904297
 924.2741088867188
 77776.1171875
 508407.09375
 771806.625
 1562653.625
 3845439.25
 8157771.5
 16406425.0
 32611866.0
 63445372.0
 120771672.0
 225230864.0
 411550624.0
 737378752.0
 1294560256.0
 2232380416.0
 3779995392.0
 6291727872.0
 10307960832.0
 16634031104.0
 26482233344.0
 41982894080.0
 65738264576.0
 100443529216.0
 154259423232.0
 241754161152.0
 397376487424.0
 663314038784.0
 898706505728.0
 1174521249792.0
 1573210292224.0
 2109851303936.0
 2728819687424.0
 3219507380224.0
 3300245110784.0
 2670806171648.0
 1461220933632.0
 436461666304.0
 197654839296.0
 203582668800.0
 96732135424.0
 71975059456.0
 41741983744.0
 28566759424.0
 16745235456.0
 10355015680.0
 6465066496.0
 3897577216.0
 2291144960.0
 1323456256.0
 751514560.0
 417785952.0
 227295552.0
 121665520.0
 64198796.0
 32893770.0
 16548529.0
 8149323.0
 3930852.25
 1827840.5
 830613.4375
 336793.625
 28474.5078125
 15276.5166015625
 4486.4697265625
 375.9810485839844
 8.709497451782227
 9.283172607421875
 12.862757682800293
 5.141265869140625
 0.7056209444999695
 1.324022650718689
 1.4858782291412354
 3.4565556049346924
 1.6903098821640015
 1.9722813367843628
 1.8893424272537231
 1.0071300268173218
 5.175238132476807
 56.92218017578125
 542.6897583007812
 45287.33984375
 297079.53125
 451828.0625
 923682.5
 2270464.25
 4802009.5
 9679304.0
 19214572.0
 37401268.0
 71197200.0
 132861104.0
 242530464.0
 434923296.0
 763040000.0
 1316397696.0
 2229980416.0
 3708382976.0
 6077576192.0
 9807100928.0
 15652580352.0
 24706598912.0
 38386282496.0
 59676569600.0
 93342670848.0
 142616133632.0
 223814238208.0
 364281528320.0
 571549220864.0
 983553540096.0
 1569009172480.0
 2355630440448.0
 3283036405760.0
 3955448086528.0
 3711558221824.0
 2246994296832.0
 892674899968.0
 228592058368.0
 114385403904.0
 128077774848.0
 55841136640.0
 42829561856.0
 24155080704.0
 17112460288.0
 9872038912.0
 6071158272.0
 3810945536.0
 2305846528.0
 1354880128.0
 782066240.0
 443937984.0
 246432896.0
 133905888.0
 71680944.0
 37878440.0
 19382598.0
 9755101.0
 4807152.0
 2315568.5
 1077664.75
 488672.46875
 199438.15625
 16673.13671875
 8902.12890625
 2648.88671875
 252.75880432128906
 5.411863327026367
 9.361730575561523
 13.789002418518066
 3.955272674560547
 4.012185096740723
 0.5551316142082214
 1.1648966073989868
 1.6367436647415161
 0.9685112237930298
 0.6129131317138672
 1.0290933847427368
 0.20828129351139069
 2.307906150817871
 27.22467041015625
 310.5446472167969
 26304.275390625
 172112.953125
 261611.65625
 530199.625
 1304154.25
 2763451.0
 5567736.0
 11047995.0
 21520100.0
 40942704.0
 76358880.0
 139529792.0
 249874032.0
 438869504.0
 756624832.0
 1281358080.0
 2132462848.0
 3494791680.0
 5643267072.0
 8993959936.0
 14175126528.0
 22169731072.0
 34433089536.0
 53427265536.0
 83321954304.0
 130046795776.0
 206126071808.0
 334351728640.0
 547212066816.0
 889368870912.0
 1366855254016.0
 1929027649536.0
 2306638872576.0
 2114239070208.0
 1301882732544.0
 514664038400.0
 133782011904.0
 66007207936.0
 73912852480.0
 32060459008.0
 24741525504.0
 13861586944.0
 9832949760.0
 5679682048.0
 3491919616.0
 2193307904.0
 1325973632.0
 779196416.0
 449693632.0
 255001088.0
 141753824.0
 76968032.0
 41233368.0
 21787914.0
 11148271.0
 5612640.5
 2760886.0
 1332545.0
 620996.3125
 281673.15625
 114733.1796875
 9767.9833984375
 5355.193359375
 1551.3055419921875
 143.31114196777344
 7.427567005157471
 0.847187340259552
 1.549674153327942
 1.34686279296875
 1.2961879968643188
 0.8443917632102966
 1.6360869407653809
 3.3898465633392334
 1.8274513483047485
 2.0812792778015137
 2.4200756549835205
 1.6867793798446655
 2.416712999343872
 15.884127616882324
 184.70188903808594
 14608.2626953125
 95773.3984375
 145351.6875
 297402.59375
 732377.1875
 1549257.75
 3117511.0
 6198969.0
 12052264.0
 22954872.0
 42831292.0
 78209448.0
 139935136.0
 246263344.0
 424128352.0
 717792384.0
 1196237696.0
 1959660800.0
 3164999168.0
 5040535552.0
 7941955584.0
 12429474816.0
 19300853760.0
 29965426688.0
 46613655552.0
 73280520192.0
 116458840064.0
 187724922880.0
 305719148544.0
 494842380288.0
 768451149824.0
 1087934758912.0
 1296462381056.0
 1182966349824.0
 732615016448.0
 289815625728.0
 75549450240.0
 36902858752.0
 41450168320.0
 17987309568.0
 13864879104.0
 7767050240.0
 5511444480.0
 3184399104.0
 1957333120.0
 1230296192.0
 742981440.0
 436594624.0
 251966784.0
 142793184.0
 79486168.0
 43122420.0
 23129406.0
 12202628.0
 6249589.5
 3143704.5
 1550769.375
 745937.625
 346645.28125
 157707.03125
 64303.82421875
 5376.6669921875
 2800.288330078125
 834.4050903320312
 76.57984161376953
 2.0191123485565186
 5.233227252960205
 10.367461204528809
 3.8727834224700928
 3.8507227897644043
 0.9256754517555237
 1.2792644500732422
 1.4769341945648193
 1.22989022731781
 0.9043235778808594
 1.815083384513855
 0.5323966145515442
 1.3127074241638184
 8.829514503479004
 94.25887298583984
 7986.77001953125
 52762.484375
 80227.828125
 162584.8125
 400257.3125
 846726.6875
 1706020.75
 3389774.75
 6596419.0
 12551659.0
 23407990.0
 42776608.0
 76675712.0
 134513344.0
 232081120.0
 393006400.0
 654053184.0
 1071296448.0
 1729392128.0
 2757639936.0
 4348301824.0
 6792456704.0
 10567525376.0
 16400350208.0
 25521096704.0
 40016310272.0
 63522639872.0
 102423543808.0
 166987530240.0
 270984593408.0
 423303675904.0
 601374326784.0
 717277364224.0
 649133031424.0
 400995844096.0
 158146740224.0
 41229938688.0
 20201154560.0
 22692622336.0
 9840458752.0
 7581052928.0
 4254037760.0
 3014552064.0
 1740116480.0
 1070199680.0
 672221952.0
 406250080.0
 238782016.0
 137806224.0
 78269328.0
 43442368.0
 23609918.0
 12636697.0
 6680295.0
 3418272.75
 1721323.0
 846520.0625
 408698.71875
 190215.359375
 86730.65625
 35189.55078125
 3044.7197265625
 1588.9686279296875
 458.8841247558594
 33.99713897705078
 1.8147878646850586
 1.3256890773773193
 3.205204486846924
 3.2981209754943848
 0.7785032391548157
 1.4863492250442505
 0.6329067945480347
 1.56199049949646
 0.786436140537262
 0.6533696055412292
 1.3177555799484253
 0.3739866316318512
 2.347777843475342
 4.068297386169434
 57.68761444091797
 4405.55078125
 28048.806640625
 42501.3046875
 86370.703125
 212815.4375
 452611.78125
 910858.5
 1802806.125
 3516806.5
 6695632.5
 12485728.0
 22796682.0
 40850680.0
 71742264.0
 123653200.0
 209587632.0
 348288320.0
 571235584.0
 922376000.0
 1470220288.0
 2317436416.0
 3624571136.0
 5627438080.0
 8736374784.0
 13604275200.0
 21322829824.0
 33901899776.0
 54653165568.0
 88973606912.0
 144533815296.0
 225166983168.0
 319595839488.0
 381190373376.0
 345625657344.0
 213678014464.0
 84377034752.0
 21968826368.0
 10766380032.0
 12083412992.0
 5242061312.0
 4043039488.0
 2267142400.0
 1607853184.0
 928416384.0
 570989440.0
 358380192.0
 217054096.0
 127467912.0
 73569720.0
 41683104.0
 23183788.0
 12582969.0
 6735500.5
 3564774.0
 1820141.75
 918202.0625
 450940.375
 216661.4375
 102337.1328125
 46141.33984375
 19120.564453125
 1634.147216796875
 940.5372314453125
 288.61761474609375
 49.65084457397461
 3.4288077354431152
 0.8285235166549683
 1.3154278993606567
 3.0476529598236084
 1.5213744640350342
 3.0072622299194336
 0.2897888422012329
 0.42766496539115906
 0.7142795324325562
 0.2938593924045563
 1.2950974702835083
 0.42100265622138977
 1.9474400281906128
 5.203946113586426
 20.67099952697754
 2170.691650390625
 14554.8330078125
 22215.59765625
 45391.859375
 110784.25
 234806.78125
 472584.0625
 941178.5
 1828655.75
 3479587.5
 6497652.0
 11868118.0
 21270300.0
 37333904.0
 64401904.0
 108942704.0
 181648208.0
 297242496.0
 479805600.0
 764773120.0
 1206112640.0
 1883843840.0
 2932443904.0
 4550935040.0
 7078017536.0
 11107991552.0
 17623261184.0
 28413308928.0
 46349828096.0
 75134353408.0
 117444050944.0
 166816497664.0
 198948290560.0
 180113588224.0
 111265431552.0
 43875450880.0
 11445998592.0
 5603458560.0
 6297639936.0
 2730980864.0
 2102673024.0
 1180022528.0
 836083264.0
 482611168.0
 296669088.0
 186511312.0
 112559928.0
 66166236.0
 38187332.0
 21703126.0
 12045102.0
 6552274.5
 3505527.25
 1850215.875
 946658.0
 477513.3125
 234803.0625
 113480.921875
 52505.41796875
 24036.306640625
 9616.7197265625
 821.299560546875
 425.2901611328125
 137.39547729492188
 12.622117042541504
 0.28989461064338684
 0.3203732967376709
 2.4756879806518555
 1.4980581998825073
 1.9339839220046997
 0.3336653709411621
 4.493591785430908
 6.594730854034424
 3.572221040725708
 3.7669460773468018
 3.38765025138855
 1.6578415632247925
 0.631894052028656
 1.2954086065292358
 13.039335250854492
 1113.8927001953125
 7398.19384765625
 11100.8779296875
 22444.345703125
 55543.98046875
 116907.46875
 235018.1875
 470513.8125
 910746.125
 1736027.625
 3234449.75
 5907563.0
 10600796.0
 18592396.0
 32054674.0
 54354956.0
 90244560.0
 148096656.0
 239132256.0
 381250144.0
 600769152.0
 939880512.0
 1458821248.0
 2264732672.0
 3527260928.0
 5527112704.0
 8790005760.0
 14170713088.0
 23064696832.0
 37477490688.0
 58376351744.0
 82858893312.0
 98828976128.0
 89603227648.0
 55398682624.0
 21877440512.0
 5694119424.0
 2791515904.0
 3132389632.0
 1358710144.0
 1048295168.0
 587817600.0
 416855040.0
 240682736.0
 148093968.0
 92939784.0
 56333944.0
 33085920.0
 19094796.0
 10808338.0
 6013033.0
 3264530.25
 1744081.875
 924388.3125
 472300.0625
 238484.703125
 116490.4140625
 57140.76171875
 26293.166015625
 11992.033203125
 4672.71142578125
 402.22906494140625
 221.1259307861328
 71.7552490234375
 4.3090128898620605
 0.627226710319519
 0.5632840394973755
 0.8004128932952881
 1.6049442291259766
 1.730048656463623
 0.3483814299106598
 1.693074107170105
 3.960972547531128
 2.5146121978759766
 3.0294229984283447
 2.217869281768799
 1.2541751861572266
 0.5704055428504944
 1.9027070999145508
 5.343940734863281
 478.21990966796875
 3052.700927734375
 4633.06884765625
 9135.48828125
 22399.41796875
 47656.0390625
 96630.1171875
 189930.078125
 372620.25
 705962.1875
 1317335.625
 2411694.5
 4328810.0
 7560585.0
 13087255.0
 22147228.0
 36867468.0
 60287912.0
 97274576.0
 155329200.0
 245170432.0
 381916288.0
 596170752.0
 924422016.0
 1437749632.0
 2253102080.0
 3571815936.0
 5761473536.0
 9404361728.0
 15256258560.0
 23875178496.0
 33951430656.0
 40493883392.0
 36582432768.0
 22581987328.0
 8895809536.0
 2321701888.0
 1138114432.0
 1279696768.0
 554703296.0
 426691904.0
 239922480.0
 169652384.0
 97845816.0
 60209352.0
 37831152.0
 22816380.0
 13429004.0
 7750322.5
 4420531.0
 2436687.5
 1333261.25
 712008.625
 375567.84375
 193873.625
 96672.46875
 47402.85546875
 23366.783203125
 10831.927734375
 4773.83203125
 1919.1697998046875
 157.16329956054688
 109.92596435546875
 32.86460876464844
 6.374257564544678
 2.4770288467407227
 0.9609655141830444
 2.7155539989471436
 2.827547073364258
 2.469700336456299
 0.6075757741928101
 2.715278148651123
 3.8644661903381348
 2.5447189807891846
 2.6845786571502686
 4.161620140075684
 2.099519968032837
 2.4572224617004395
 1.9620497226715088
 4.622358322143555
 259.7267761230469
 1602.3013916015625
 2494.068603515625
 5097.48681640625
 12417.6953125
 26267.751953125
 53549.984375
 104503.5078125
 205420.640625
 390255.53125
 729443.625
 1330235.75
 2375486.25
 4190352.75
 7218110.5
 12205688.0
 20366718.0
 33331354.0
 53833020.0
 85734928.0
 135113376.0
 211276320.0
 328557152.0
 509982816.0
 793016576.0
 1246286080.0
 1977498240.0
 3187028224.0
 5199074816.0
 8418012672.0
 13156925440.0
 18674524160.0
 22268999680.0
 20187500544.0
 12475166720.0
 4921634816.0
 1284388096.0
 627787968.0
 705790208.0
 306014048.0
 235789296.0
 132113272.0
 93703280.0
 54137876.0
 33265182.0
 20924898.0
 12608884.0
 7410277.0
 4276459.0
 2427252.75
 1350154.375
 732895.5
 394162.5625
 207470.109375
 106593.828125
 53206.234375
 26480.794921875
 12530.9716796875
 5960.9892578125
 2615.755615234375
 1143.505126953125
 88.92596435546875
 60.446739196777344
 15.62118148803711
 6.488183975219727
 1.036273717880249
 0.5087361335754395
 1.309326410293579
 2.169017791748047
 1.2686223983764648
 0.4596768617630005
 0.0
 0.0
 0.0
 0.0
 0.0
 0.0
 0.0
 0.0
 0.0
 0.0
 0.0
 0.0
 0.0
 0.0
 0.0
 0.0
 0.0
 0.0
 0.0
 0.0
 0.0
 0.0
 0.0
 0.0
 0.0
 0.0
 0.0
 0.0
 0.0
 0.0
 0.0
 0.0
 0.0
 0.0
 0.0
 0.0
 0.0
 0.0
 0.0
 0.0
 0.0
 0.0
 0.0
 0.0
 0.0
 0.0
 0.0
 0.0
 0.0
 0.0
 0.0
 0.0
 0.0
 0.0
 0.0
 0.0
 0.0
 0.0
 0.0
 0.0
 0.0
 0.0
 0.0
 0.0
 0.0
 0.0
 0.0
 0.0
 0.0
 0.0
 0.0
 0.0
 0.0
 0.0
 0.0
 0.0
 0.0
 0.0
 0.0
 0.0
 0.0
 0.0
 0.0
 0.0
 0.0
 0.0
 0.0
 0.0
 0.0
 0.0
 0.0
 0.0
 0.0
 0.0
 0.0
 0.0
 0.0
 0.0
 0.0
 0.0
 0.0
 0.0
 0.0
 0.0
 0.0
 0.0
 0.0
 0.0
 0.0
 0.0
 0.0
 0.0
 0.0
 0.0
 0.0
 0.0
 0.0
 0.0
 0.0
 0.0
 0.0
 0.0
 0.0
 0.0
 0.0
 0.0
 0.0
 0.0
 0.0
 0.0
 0.0
 0.0
 0.0
 0.0
 0.0
 0.0
 0.0
 0.0
 0.0
 0.0
 0.0
 0.0
 0.0
 0.0
 0.0
 0.0
 0.0
 0.0
 0.0
 0.0
 0.0
 0.0
 0.0
 0.0
 0.0
 0.0
 0.0
 0.0
 0.0
 0.0
 0.0
 0.0
 0.0
 0.0
 0.0
 0.0
 0.0
 0.0
 0.0
 0.0
 0.0
 0.0
 0.0
 0.0
 0.0
 0.0
 0.0
 0.0
 0.0
 0.0
 0.0
 0.0
 0.0
 0.0
 0.0
 0.0
 0.0
 0.0
 0.0
 0.0
 0.0
 0.0
 0.0
 0.0
 0.0
 0.0
 0.0
 0.0
 0.0
 0.0
 0.0
 0.0
 0.0
 0.0
 0.0
 0.0
 0.0
 0.0
 0.0
 0.0
 0.0
 0.0
 0.0
 0.0
 0.0
 0.0
 0.0
 0.0
 0.0
 0.0
 0.0
 0.0
 0.0
 0.0
 0.0
 0.0
 0.0
 0.0
 0.0
 0.0
 0.0
 0.0
 0.0
 0.0
 0.0
 0.0
 0.0
 0.0
 0.0
 0.0
 0.0
 0.0
 0.0
 0.0
 0.0
 0.0
 0.0
 0.0
 0.0
 0.0
 0.0
 0.0
 0.0
 0.0
 0.0
 0.0
 0.0
 0.0
 0.0
 0.0
 0.0
 0.0
 0.0
 0.0
 0.0
 0.0
 0.0
 0.0
 0.0
 0.0
 0.0
 0.0
 0.0
 0.0
 0.0
 0.0
 0.0
 0.0
 0.0
 0.0
 0.0
 0.0
 0.0
 0.0
 0.0
 0.0
 0.0
 0.0
 0.0
 0.0
 0.0
 0.0
 0.0
 0.0
 0.0
 0.0
 0.0
 0.0
 0.0
 0.0
 0.0
 0.0
 0.0
 0.0
 0.0
 0.0
 0.0
 0.0
 0.0
 0.0
 0.0
 0.0
 0.0
 0.0
 0.0
 0.0
 0.0
 0.0
 0.0
 0.0
 0.0
 0.0
 0.0
 0.0
 0.0
 0.0
 0.0
 0.0
 0.0
 0.0
 0.0
 0.0
 0.0
 0.0
 0.0
 0.0
 0.0
 0.0
 0.0
 0.0
 0.0
 0.0
 0.0
 0.0
 0.0
 0.0
 0.0
 0.0
 0.0
 0.0
 0.0
 0.0
 0.0
 0.0
 0.0
 0.0
 0.0
 0.0
 0.0
 0.0
 0.0
 0.0
 0.0
 0.0
 0.0
 0.0
 0.0
 0.0
 0.0
 0.0
 0.0
 0.0
 0.0
 0.0
 0.0
 0.0
 0.0
 0.0
 0.0
 0.0
 0.0
 0.0
 0.0
 0.0
 0.0
 0.0
 0.0
 0.0
 0.0
 0.0
 0.0
 0.0
 0.0
 0.0
 0.0
 0.0
 0.0
 0.0
 0.0
 0.0
 0.0
 0.0
 0.0
 0.0
 0.0
 0.0
 0.0
 0.0
 0.0
 0.0
 0.0
 0.0
 0.0
 0.0
 0.0
 0.0
 0.0
 0.0
 0.0
 0.0
 0.0
 0.0
 0.0
 0.0
 0.0
 0.0
 0.0
 0.0
 0.0
 0.0
 0.0
 0.0
 0.0
 0.0
 0.0
 0.0
 0.0
 0.0
 0.0
 0.0
 0.0
 0.0
 0.0
 0.0
 0.0
 0.0
 0.0
 0.0
 0.0
 0.0
 0.0
 0.0
 0.0
 0.0
 0.0
 0.0
 0.0
 0.0
 0.0
 0.0
 0.0
 0.0
 0.0
 0.0
 0.0
 0.0
 0.0
 0.0
 0.0
 0.0
 0.0
 0.0
 0.0
 0.0
 0.0
 0.0
 0.0
 0.0
 0.0
 0.0
 0.0
 0.0
 0.0
 0.0
 0.0
 0.0
 0.0
 0.0
 0.0
 0.0
 0.0
 0.0
 0.0
 0.0
 0.0
 0.0
 0.0
 0.0
 0.0
 0.0
 0.0
 0.0
 0.0
 0.0
 0.0
 0.0
 0.0
 0.0
 0.0
 0.0
 0.0
 0.0
 0.0
 0.0
 0.0
 0.0
 0.0
 0.0
 0.0
 0.0
 0.0
 0.0
 0.0
 0.0
 0.0
 0.0
 0.0
 0.0
 0.0
 0.0
 0.0
 0.0
 0.0
 0.0
 0.0
 0.0
 0.0
 0.0
 0.0
 0.0
 0.0
 0.0
 0.0
 0.0
 0.0
 0.0
 0.0
 0.0
 0.0
 0.0
 0.0
 0.0
 0.0
 0.0
 0.0
 0.0
 0.0
 0.0
 0.0
 0.0
 0.0
 0.0
 0.0
 0.0
 0.0
 0.0
 0.0
 0.0
 0.0
 0.0
 0.0
 0.0
 0.0
 0.0
 0.0
 0.0
 0.0
 0.0
 0.0
 0.0
 0.0
 0.0
 0.0
 0.0
 0.0
 0.0
 0.0
 0.0
 0.0
 0.0
 0.0
 0.0
 0.0
 0.0
 0.0
 0.0
 0.0
 0.0
 0.0
 0.0
 0.0
 0.0
 0.0
 0.0
 0.0
 0.0
 0.0
 0.0
 0.0
 0.0
 0.0
 0.0
 0.0
 0.0
 0.0
 0.0
 0.0
 0.0
 0.0
 0.0
 0.0
 0.0
 0.0
 0.0
 0.0
 0.0
 0.0
 0.0
 0.0
 0.0
 0.0
 0.0
 0.0
 0.0
 0.0
 0.0
 0.0
 0.0
 0.0
 0.0
 0.0
 0.0
 0.0
 0.0
 0.0
 0.0
 0.0
 0.0
 0.0
 0.0
 0.0
 0.0
 0.0
 0.0
 0.0
 0.0
 0.0
 0.0
 0.0
 0.0
 0.0
 0.0
 0.0
 0.0
 0.0
 0.0
 0.0
 0.0
 0.0
 0.0
 0.0
 0.0
 0.0
 0.0
 0.0
 0.0
 0.0
 0.0
 0.0
 0.0
 0.0
 0.0
 0.0
 0.0
 0.0
 0.0
 0.0
 0.0
 0.0
 0.0
 0.0
 0.0
 0.0
 0.0
 0.0
 0.0
 0.0
 0.0
 0.0
 0.0
 0.0
 0.0
 0.0
 0.0
 0.0
 0.0
 0.0
 0.0
 0.0
 0.0
 0.0
 0.0
 0.0
 0.0
 0.0
 0.0
 0.0
 0.0
 0.0
 0.0
 0.0
 0.0
 0.0
 0.0
 0.0
 0.0
 0.0
 0.0
 0.0
 0.0
 0.0
 0.0
 0.0
 0.0
 0.0
 0.0
 0.0
 0.0
 0.0
 0.0
 0.0
 0.0
 0.0
 0.0
 0.0
 0.0
 0.0
 0.0
 0.0
 0.0
 0.0
 0.0
 0.0
 0.0
 0.0
 0.0
 0.0
 0.0
 0.0
 0.0
 0.0
 0.0
 0.0
 0.0
 0.0
 0.0
 0.0
 0.0
 0.0
 0.0
 0.0
 0.0
 0.0
 0.0
 0.0
 0.0
 0.0
 0.0
 0.0
 0.0
 0.0
 0.0
 0.0
 0.0
 0.0
 0.0
 0.0
 0.0
 0.0
 0.0
 0.0
 0.0
 0.0
 0.0
 0.0
 0.0
 0.0
 0.0
 0.0
 0.0
