#Intensity [W/mm^2] (C-aligned, inner loop is vs Time, outer loop vs Vertical Position)
#0 #Initial Time [s]
#0 #Final Time [s]
#1 #Number of points vs Time
#-0.0015 #Initial Horizontal Position [m]
#0.0015 #Final Horizontal Position [m]
#50 #Number of points vs Horizontal Position
#-0.0015 #Initial Vertical Position [m]
#0.0015 #Final Vertical Position [m]
#50 #Number of points vs Vertical Position
 0.0898631289601326
 0.23125731945037842
 0.572143018245697
 1.3608460426330566
 3.111778497695923
 6.840747833251953
 14.457517623901367
 29.37508773803711
 57.37990951538086
 107.75457763671875
 194.5391082763672
 337.6551513671875
 563.4236450195312
 903.8410034179688
 1393.9404296875
 2066.76806640625
 2946.01123046875
 4037.12646484375
 5318.70068359375
 6736.49609375
 8202.7177734375
 9602.3330078125
 10806.6474609375
 11692.314453125
 12162.005859375
 12162.005859375
 11692.314453125
 10806.6474609375
 9602.3330078125
 8202.7177734375
 6736.49609375
 5318.70068359375
 4037.12646484375
 2946.01123046875
 2066.76806640625
 1393.9404296875
 903.8410034179688
 563.4236450195312
 337.6551513671875
 194.5391082763672
 107.75457763671875
 57.37990951538086
 29.37508773803711
 14.457517623901367
 6.840747833251953
 3.111778497695923
 1.3608460426330566
 0.572143018245697
 0.23125731945037842
 0.0898631289601326
 0.23125731945037842
 0.5951266288757324
 1.4723751544952393
 3.502054214477539
 8.007972717285156
 17.604249954223633
 37.205543518066406
 75.59500122070312
 147.6636962890625
 277.29986572265625
 500.63458251953125
 868.9349365234375
 1449.9365234375
 2325.97998046875
 3587.220947265625
 5318.70068359375
 7581.38037109375
 10389.30078125
 13687.3525390625
 17335.9609375
 21109.1953125
 24711.01953125
 27810.25390625
 30089.4609375
 31298.18359375
 31298.18359375
 30089.4609375
 27810.25390625
 24711.01953125
 21109.1953125
 17335.9609375
 13687.3525390625
 10389.30078125
 7581.38037109375
 5318.70068359375
 3587.220947265625
 2325.97998046875
 1449.9365234375
 868.9349365234375
 500.63458251953125
 277.29986572265625
 147.6636962890625
 75.59500122070312
 37.205543518066406
 17.604249954223633
 8.007972717285156
 3.502054214477539
 1.4723751544952393
 0.5951266288757324
 0.23125731945037842
 0.572143018245697
 1.4723751544952393
 3.642735481262207
 8.664271354675293
 19.81215476989746
 43.55385971069336
 92.04851531982422
 187.02609252929688
 365.32794189453125
 686.0548095703125
 1238.596923828125
 2149.792236328125
 3587.220947265625
 5754.59912109375
 8874.9775390625
 13158.7529296875
 18756.7421875
 25703.6875
 33863.25
 42890.10546875
 52225.2890625
 61136.3984375
 68804.0625
 74442.9453125
 77433.390625
 77433.390625
 74442.9453125
 68804.0625
 61136.3984375
 52225.2890625
 42890.10546875
 33863.25
 25703.6875
 18756.7421875
 13158.7529296875
 8874.9775390625
 5754.59912109375
 3587.220947265625
 2149.792236328125
 1238.596923828125
 686.0548095703125
 365.32794189453125
 187.02609252929688
 92.04851531982422
 43.55385971069336
 19.81215476989746
 8.664271354675293
 3.642735481262207
 1.4723751544952393
 0.572143018245697
 1.3608460426330566
 3.502054214477539
 8.664271354675293
 20.608028411865234
 47.12334442138672
 103.5931396484375
 218.9380340576172
 444.84283447265625
 868.9349365234375
 1631.7862548828125
 2946.01123046875
 5113.294921875
 8532.2294921875
 13687.3525390625
 21109.1953125
 31298.18359375
 44613.046875
 61136.3984375
 80543.96875
 102014.40625
 124218.1953125
 145413.328125
 163650.921875
 177063.0625
 184175.859375
 184175.859375
 177063.0625
 163650.921875
 145413.328125
 124218.1953125
 102014.40625
 80543.96875
 61136.3984375
 44613.046875
 31298.18359375
 21109.1953125
 13687.3525390625
 8532.2294921875
 5113.294921875
 2946.01123046875
 1631.7862548828125
 868.9349365234375
 444.84283447265625
 218.9380340576172
 103.5931396484375
 47.12334442138672
 20.608028411865234
 8.664271354675293
 3.502054214477539
 1.3608460426330566
 3.111778497695923
 8.007972717285156
 19.81215476989746
 47.12334442138672
 107.75457763671875
 236.88125610351562
 500.63458251953125
 1017.1998291015625
 1986.9500732421875
 3731.32275390625
 6736.49609375
 11692.314453125
 19510.22265625
 31298.18359375
 48269.33984375
 71567.984375
 102014.40625
 139797.515625
 184175.859375
 233271.234375
 284043.53125
 332509.375
 374212.34375
 404881.1875
 421145.65625
 421145.65625
 404881.1875
 374212.34375
 332509.375
 284043.53125
 233271.234375
 184175.859375
 139797.515625
 102014.40625
 71567.984375
 48269.33984375
 31298.18359375
 19510.22265625
 11692.314453125
 6736.49609375
 3731.32275390625
 1986.9500732421875
 1017.1998291015625
 500.63458251953125
 236.88125610351562
 107.75457763671875
 47.12334442138672
 19.81215476989746
 8.007972717285156
 3.111778497695923
 6.840747833251953
 17.604249954223633
 43.55385971069336
 103.5931396484375
 236.88125610351562
 520.7455444335938
 1100.565185546875
 2236.1513671875
 4367.9921875
 8202.7177734375
 14809.1103515625
 25703.6875
 42890.10546875
 68804.0625
 106112.4296875
 157330.796875
 224262.390625
 307322.53125
 404881.1875
 512809.5
 624424.3125
 730968.75
 822646.0625
 890066.625
 925821.5
 925821.5
 890066.625
 822646.0625
 730968.75
 624424.3125
 512809.5
 404881.1875
 307322.53125
 224262.390625
 157330.796875
 106112.4296875
 68804.0625
 42890.10546875
 25703.6875
 14809.1103515625
 8202.7177734375
 4367.9921875
 2236.1513671875
 1100.565185546875
 520.7455444335938
 236.88125610351562
 103.5931396484375
 43.55385971069336
 17.604249954223633
 6.840747833251953
 14.457517623901367
 37.205543518066406
 92.04851531982422
 218.9380340576172
 500.63458251953125
 1100.565185546875
 2325.97998046875
 4725.9736328125
 9231.494140625
 17335.9609375
 31298.18359375
 54323.23046875
 90645.7109375
 145413.328125
 224262.390625
 332509.375
 473965.3125
 649508.125
 855692.625
 1083792.625
 1319684.125
 1544859.375
 1738614.125
 1881103.375
 1956669.25
 1956669.25
 1881103.375
 1738614.125
 1544859.375
 1319684.125
 1083792.625
 855692.625
 649508.125
 473965.3125
 332509.375
 224262.390625
 145413.328125
 90645.7109375
 54323.23046875
 31298.18359375
 17335.9609375
 9231.494140625
 4725.9736328125
 2325.97998046875
 1100.565185546875
 500.63458251953125
 218.9380340576172
 92.04851531982422
 37.205543518066406
 14.457517623901367
 29.37508773803711
 75.59500122070312
 187.02609252929688
 444.84283447265625
 1017.1998291015625
 2236.1513671875
 4725.9736328125
 9602.3330078125
 18756.7421875
 35223.56640625
 63592.3046875
 110375.078125
 184175.859375
 295453.8125
 455661.0
 675599.5
 963012.625
 1319684.125
 1738614.125
 2202072.75
 2681361.5
 3138877.5
 3532552.5
 3822065.25
 3975601.75
 3975601.75
 3822065.25
 3532552.5
 3138877.5
 2681361.5
 2202072.75
 1738614.125
 1319684.125
 963012.625
 675599.5
 455661.0
 295453.8125
 184175.859375
 110375.078125
 63592.3046875
 35223.56640625
 18756.7421875
 9602.3330078125
 4725.9736328125
 2236.1513671875
 1017.1998291015625
 444.84283447265625
 187.02609252929688
 75.59500122070312
 29.37508773803711
 57.37990951538086
 147.6636962890625
 365.32794189453125
 868.9349365234375
 1986.9500732421875
 4367.9921875
 9231.494140625
 18756.7421875
 36638.5390625
 68804.0625
 124218.1953125
 215601.4375
 359760.40625
 577125.5625
 890066.625
 1319684.125
 1881103.375
 2577808.5
 3396126.5
 4301425.0
 5237645.0
 6131336.0
 6900321.0
 7465842.0
 7765753.0
 7765753.0
 7465842.0
 6900321.0
 6131336.0
 5237645.0
 4301425.0
 3396126.5
 2577808.5
 1881103.375
 1319684.125
 890066.625
 577125.5625
 359760.40625
 215601.4375
 124218.1953125
 68804.0625
 36638.5390625
 18756.7421875
 9231.494140625
 4367.9921875
 1986.9500732421875
 868.9349365234375
 365.32794189453125
 147.6636962890625
 57.37990951538086
 107.75457763671875
 277.29986572265625
 686.0548095703125
 1631.7862548828125
 3731.32275390625
 8202.7177734375
 17335.9609375
 35223.56640625
 68804.0625
 129208.1796875
 233271.234375
 404881.1875
 675599.5
 1083792.625
 1671469.5
 2478254.25
 3532552.5
 4840905.0
 6377636.5
 8077710.5
 9835852.0
 11514126.0
 12958217.0
 14020216.0
 14583424.0
 14583424.0
 14020216.0
 12958217.0
 11514126.0
 9835852.0
 8077710.5
 6377636.5
 4840905.0
 3532552.5
 2478254.25
 1671469.5
 1083792.625
 675599.5
 404881.1875
 233271.234375
 129208.1796875
 68804.0625
 35223.56640625
 17335.9609375
 8202.7177734375
 3731.32275390625
 1631.7862548828125
 686.0548095703125
 277.29986572265625
 107.75457763671875
 194.5391082763672
 500.63458251953125
 1238.596923828125
 2946.01123046875
 6736.49609375
 14809.1103515625
 31298.18359375
 63592.3046875
 124218.1953125
 233271.234375
 421145.65625
 730968.75
 1219721.0
 1956669.25
 3017655.5
 4474217.5
 6377636.5
 8739724.0
 11514126.0
 14583424.0
 17757556.0
 20787494.0
 23394644.0
 25311966.0
 26328774.0
 26328774.0
 25311966.0
 23394644.0
 20787494.0
 17757556.0
 14583424.0
 11514126.0
 8739724.0
 6377636.5
 4474217.5
 3017655.5
 1956669.25
 1219721.0
 730968.75
 421145.65625
 233271.234375
 124218.1953125
 63592.3046875
 31298.18359375
 14809.1103515625
 6736.49609375
 2946.01123046875
 1238.596923828125
 500.63458251953125
 194.5391082763672
 337.6551513671875
 868.9349365234375
 2149.792236328125
 5113.294921875
 11692.314453125
 25703.6875
 54323.23046875
 110375.078125
 215601.4375
 404881.1875
 730968.75
 1268718.375
 2117029.5
 3396126.5
 5237645.0
 7765753.0
 11069455.0
 15169254.0
 19984692.0
 25311966.0
 30821206.0
 36080172.0
 40605312.0
 43933152.0
 45697988.0
 45697988.0
 43933152.0
 40605312.0
 36080172.0
 30821206.0
 25311966.0
 19984692.0
 15169254.0
 11069455.0
 7765753.0
 5237645.0
 3396126.5
 2117029.5
 1268718.375
 730968.75
 404881.1875
 215601.4375
 110375.078125
 54323.23046875
 25703.6875
 11692.314453125
 5113.294921875
 2149.792236328125
 868.9349365234375
 337.6551513671875
 563.4236450195312
 1449.9365234375
 3587.220947265625
 8532.2294921875
 19510.22265625
 42890.10546875
 90645.7109375
 184175.859375
 359760.40625
 675599.5
 1219721.0
 2117029.5
 3532552.5
 5666900.0
 8739724.0
 12958217.0
 18470894.0
 25311966.0
 33347178.0
 42236468.0
 51429384.0
 60204688.0
 67755496.0
 73308448.0
 76253320.0
 76253320.0
 73308448.0
 67755496.0
 60204688.0
 51429384.0
 42236468.0
 33347178.0
 25311966.0
 18470894.0
 12958217.0
 8739724.0
 5666900.0
 3532552.5
 2117029.5
 1219721.0
 675599.5
 359760.40625
 184175.859375
 90645.7109375
 42890.10546875
 19510.22265625
 8532.2294921875
 3587.220947265625
 1449.9365234375
 563.4236450195312
 903.8410034179688
 2325.97998046875
 5754.59912109375
 13687.3525390625
 31298.18359375
 68804.0625
 145413.328125
 295453.8125
 577125.5625
 1083792.625
 1956669.25
 3396126.5
 5666900.0
 9090808.0
 14020216.0
 20787494.0
 29630904.0
 40605312.0
 53495356.0
 67755496.0
 82502720.0
 96580016.0
 108692984.0
 117600992.0
 122325152.0
 122325152.0
 117600992.0
 108692984.0
 96580016.0
 82502720.0
 67755496.0
 53495356.0
 40605312.0
 29630904.0
 20787494.0
 14020216.0
 9090808.0
 5666900.0
 3396126.5
 1956669.25
 1083792.625
 577125.5625
 295453.8125
 145413.328125
 68804.0625
 31298.18359375
 13687.3525390625
 5754.59912109375
 2325.97998046875
 903.8410034179688
 1393.9404296875
 3587.220947265625
 8874.9775390625
 21109.1953125
 48269.33984375
 106112.4296875
 224262.390625
 455661.0
 890066.625
 1671469.5
 3017655.5
 5237645.0
 8739724.0
 14020216.0
 21622550.0
 32059326.0
 45697988.0
 62623172.0
 82502720.0
 104495296.0
 127239056.0
 148949632.0
 167630752.0
 181369040.0
 188654848.0
 188654848.0
 181369040.0
 167630752.0
 148949632.0
 127239056.0
 104495296.0
 82502720.0
 62623172.0
 45697988.0
 32059326.0
 21622550.0
 14020216.0
 8739724.0
 5237645.0
 3017655.5
 1671469.5
 890066.625
 455661.0
 224262.390625
 106112.4296875
 48269.33984375
 21109.1953125
 8874.9775390625
 3587.220947265625
 1393.9404296875
 2066.76806640625
 5318.70068359375
 13158.7529296875
 31298.18359375
 71567.984375
 157330.796875
 332509.375
 675599.5
 1319684.125
 2478254.25
 4474217.5
 7765753.0
 12958217.0
 20787494.0
 32059326.0
 47533724.0
 67755496.0
 92850136.0
 122325152.0
 154933088.0
 188654848.0
 220844672.0
 248542768.0
 268912288.0
 279714784.0
 279714784.0
 268912288.0
 248542768.0
 220844672.0
 188654848.0
 154933088.0
 122325152.0
 92850136.0
 67755496.0
 47533724.0
 32059326.0
 20787494.0
 12958217.0
 7765753.0
 4474217.5
 2478254.25
 1319684.125
 675599.5
 332509.375
 157330.796875
 71567.984375
 31298.18359375
 13158.7529296875
 5318.70068359375
 2066.76806640625
 2946.01123046875
 7581.38037109375
 18756.7421875
 44613.046875
 102014.40625
 224262.390625
 473965.3125
 963012.625
 1881103.375
 3532552.5
 6377636.5
 11069455.0
 18470894.0
 29630904.0
 45697988.0
 67755496.0
 96580016.0
 132350392.0
 174364640.0
 220844672.0
 268912288.0
 314796288.0
 354277760.0
 383312832.0
 398710912.0
 398710912.0
 383312832.0
 354277760.0
 314796288.0
 268912288.0
 220844672.0
 174364640.0
 132350392.0
 96580016.0
 67755496.0
 45697988.0
 29630904.0
 18470894.0
 11069455.0
 6377636.5
 3532552.5
 1881103.375
 963012.625
 473965.3125
 224262.390625
 102014.40625
 44613.046875
 18756.7421875
 7581.38037109375
 2946.01123046875
 4037.12646484375
 10389.30078125
 25703.6875
 61136.3984375
 139797.515625
 307322.53125
 649508.125
 1319684.125
 2577808.5
 4840905.0
 8739724.0
 15169254.0
 25311966.0
 40605312.0
 62623172.0
 92850136.0
 132350392.0
 181369040.0
 238944160.0
 302638976.0
 368509440.0
 431387520.0
 485491680.0
 525280512.0
 546381632.0
 546381632.0
 525280512.0
 485491680.0
 431387520.0
 368509440.0
 302638976.0
 238944160.0
 181369040.0
 132350392.0
 92850136.0
 62623172.0
 40605312.0
 25311966.0
 15169254.0
 8739724.0
 4840905.0
 2577808.5
 1319684.125
 649508.125
 307322.53125
 139797.515625
 61136.3984375
 25703.6875
 10389.30078125
 4037.12646484375
 5318.70068359375
 13687.3525390625
 33863.25
 80543.96875
 184175.859375
 404881.1875
 855692.625
 1738614.125
 3396126.5
 6377636.5
 11514126.0
 19984692.0
 33347178.0
 53495356.0
 82502720.0
 122325152.0
 174364640.0
 238944160.0
 314796288.0
 398710912.0
 485491680.0
 568330240.0
 639609664.0
 692029376.0
 719828864.0
 719828864.0
 692029376.0
 639609664.0
 568330240.0
 485491680.0
 398710912.0
 314796288.0
 238944160.0
 174364640.0
 122325152.0
 82502720.0
 53495356.0
 33347178.0
 19984692.0
 11514126.0
 6377636.5
 3396126.5
 1738614.125
 855692.625
 404881.1875
 184175.859375
 80543.96875
 33863.25
 13687.3525390625
 5318.70068359375
 6736.49609375
 17335.9609375
 42890.10546875
 102014.40625
 233271.234375
 512809.5
 1083792.625
 2202072.75
 4301425.0
 8077710.5
 14583424.0
 25311966.0
 42236468.0
 67755496.0
 104495296.0
 154933088.0
 220844672.0
 302638976.0
 398710912.0
 504994464.0
 614908224.0
 719828864.0
 810109184.0
 876502208.0
 911712128.0
 911712128.0
 876502208.0
 810109184.0
 719828864.0
 614908224.0
 504994464.0
 398710912.0
 302638976.0
 220844672.0
 154933088.0
 104495296.0
 67755496.0
 42236468.0
 25311966.0
 14583424.0
 8077710.5
 4301425.0
 2202072.75
 1083792.625
 512809.5
 233271.234375
 102014.40625
 42890.10546875
 17335.9609375
 6736.49609375
 8202.7177734375
 21109.1953125
 52225.2890625
 124218.1953125
 284043.53125
 624424.3125
 1319684.125
 2681361.5
 5237645.0
 9835852.0
 17757556.0
 30821206.0
 51429384.0
 82502720.0
 127239056.0
 188654848.0
 268912288.0
 368509440.0
 485491680.0
 614908224.0
 748745216.0
 876502208.0
 986432192.0
 1067275904.0
 1110149376.0
 1110149376.0
 1067275904.0
 986432192.0
 876502208.0
 748745216.0
 614908224.0
 485491680.0
 368509440.0
 268912288.0
 188654848.0
 127239056.0
 82502720.0
 51429384.0
 30821206.0
 17757556.0
 9835852.0
 5237645.0
 2681361.5
 1319684.125
 624424.3125
 284043.53125
 124218.1953125
 52225.2890625
 21109.1953125
 8202.7177734375
 9602.3330078125
 24711.01953125
 61136.3984375
 145413.328125
 332509.375
 730968.75
 1544859.375
 3138877.5
 6131336.0
 11514126.0
 20787494.0
 36080172.0
 60204688.0
 96580016.0
 148949632.0
 220844672.0
 314796288.0
 431387520.0
 568330240.0
 719828864.0
 876502208.0
 1026058176.0
 1154745344.0
 1249383424.0
 1299572224.0
 1299572224.0
 1249383424.0
 1154745344.0
 1026058176.0
 876502208.0
 719828864.0
 568330240.0
 431387520.0
 314796288.0
 220844672.0
 148949632.0
 96580016.0
 60204688.0
 36080172.0
 20787494.0
 11514126.0
 6131336.0
 3138877.5
 1544859.375
 730968.75
 332509.375
 145413.328125
 61136.3984375
 24711.01953125
 9602.3330078125
 10806.6474609375
 27810.25390625
 68804.0625
 163650.921875
 374212.34375
 822646.0625
 1738614.125
 3532552.5
 6900321.0
 12958217.0
 23394644.0
 40605312.0
 67755496.0
 108692984.0
 167630752.0
 248542768.0
 354277760.0
 485491680.0
 639609664.0
 810109184.0
 986432192.0
 1154745344.0
 1299572224.0
 1406079744.0
 1462563456.0
 1462563456.0
 1406079744.0
 1299572224.0
 1154745344.0
 986432192.0
 810109184.0
 639609664.0
 485491680.0
 354277760.0
 248542768.0
 167630752.0
 108692984.0
 67755496.0
 40605312.0
 23394644.0
 12958217.0
 6900321.0
 3532552.5
 1738614.125
 822646.0625
 374212.34375
 163650.921875
 68804.0625
 27810.25390625
 10806.6474609375
 11692.314453125
 30089.4609375
 74442.9453125
 177063.0625
 404881.1875
 890066.625
 1881103.375
 3822065.25
 7465842.0
 14020216.0
 25311966.0
 43933152.0
 73308448.0
 117600992.0
 181369040.0
 268912288.0
 383312832.0
 525280512.0
 692029376.0
 876502208.0
 1067275904.0
 1249383424.0
 1406079744.0
 1521315968.0
 1582428800.0
 1582428800.0
 1521315968.0
 1406079744.0
 1249383424.0
 1067275904.0
 876502208.0
 692029376.0
 525280512.0
 383312832.0
 268912288.0
 181369040.0
 117600992.0
 73308448.0
 43933152.0
 25311966.0
 14020216.0
 7465842.0
 3822065.25
 1881103.375
 890066.625
 404881.1875
 177063.0625
 74442.9453125
 30089.4609375
 11692.314453125
 12162.005859375
 31298.18359375
 77433.390625
 184175.859375
 421145.65625
 925821.5
 1956669.25
 3975601.75
 7765753.0
 14583424.0
 26328774.0
 45697988.0
 76253320.0
 122325152.0
 188654848.0
 279714784.0
 398710912.0
 546381632.0
 719828864.0
 911712128.0
 1110149376.0
 1299572224.0
 1462563456.0
 1582428800.0
 1645996544.0
 1645996544.0
 1582428800.0
 1462563456.0
 1299572224.0
 1110149376.0
 911712128.0
 719828864.0
 546381632.0
 398710912.0
 279714784.0
 188654848.0
 122325152.0
 76253320.0
 45697988.0
 26328774.0
 14583424.0
 7765753.0
 3975601.75
 1956669.25
 925821.5
 421145.65625
 184175.859375
 77433.390625
 31298.18359375
 12162.005859375
 12162.005859375
 31298.18359375
 77433.390625
 184175.859375
 421145.65625
 925821.5
 1956669.25
 3975601.75
 7765753.0
 14583424.0
 26328774.0
 45697988.0
 76253320.0
 122325152.0
 188654848.0
 279714784.0
 398710912.0
 546381632.0
 719828864.0
 911712128.0
 1110149376.0
 1299572224.0
 1462563456.0
 1582428800.0
 1645996544.0
 1645996544.0
 1582428800.0
 1462563456.0
 1299572224.0
 1110149376.0
 911712128.0
 719828864.0
 546381632.0
 398710912.0
 279714784.0
 188654848.0
 122325152.0
 76253320.0
 45697988.0
 26328774.0
 14583424.0
 7765753.0
 3975601.75
 1956669.25
 925821.5
 421145.65625
 184175.859375
 77433.390625
 31298.18359375
 12162.005859375
 11692.314453125
 30089.4609375
 74442.9453125
 177063.0625
 404881.1875
 890066.625
 1881103.375
 3822065.25
 7465842.0
 14020216.0
 25311966.0
 43933152.0
 73308448.0
 117600992.0
 181369040.0
 268912288.0
 383312832.0
 525280512.0
 692029376.0
 876502208.0
 1067275904.0
 1249383424.0
 1406079744.0
 1521315968.0
 1582428800.0
 1582428800.0
 1521315968.0
 1406079744.0
 1249383424.0
 1067275904.0
 876502208.0
 692029376.0
 525280512.0
 383312832.0
 268912288.0
 181369040.0
 117600992.0
 73308448.0
 43933152.0
 25311966.0
 14020216.0
 7465842.0
 3822065.25
 1881103.375
 890066.625
 404881.1875
 177063.0625
 74442.9453125
 30089.4609375
 11692.314453125
 10806.6474609375
 27810.25390625
 68804.0625
 163650.921875
 374212.34375
 822646.0625
 1738614.125
 3532552.5
 6900321.0
 12958217.0
 23394644.0
 40605312.0
 67755496.0
 108692984.0
 167630752.0
 248542768.0
 354277760.0
 485491680.0
 639609664.0
 810109184.0
 986432192.0
 1154745344.0
 1299572224.0
 1406079744.0
 1462563456.0
 1462563456.0
 1406079744.0
 1299572224.0
 1154745344.0
 986432192.0
 810109184.0
 639609664.0
 485491680.0
 354277760.0
 248542768.0
 167630752.0
 108692984.0
 67755496.0
 40605312.0
 23394644.0
 12958217.0
 6900321.0
 3532552.5
 1738614.125
 822646.0625
 374212.34375
 163650.921875
 68804.0625
 27810.25390625
 10806.6474609375
 9602.3330078125
 24711.01953125
 61136.3984375
 145413.328125
 332509.375
 730968.75
 1544859.375
 3138877.5
 6131336.0
 11514126.0
 20787494.0
 36080172.0
 60204688.0
 96580016.0
 148949632.0
 220844672.0
 314796288.0
 431387520.0
 568330240.0
 719828864.0
 876502208.0
 1026058176.0
 1154745344.0
 1249383424.0
 1299572224.0
 1299572224.0
 1249383424.0
 1154745344.0
 1026058176.0
 876502208.0
 719828864.0
 568330240.0
 431387520.0
 314796288.0
 220844672.0
 148949632.0
 96580016.0
 60204688.0
 36080172.0
 20787494.0
 11514126.0
 6131336.0
 3138877.5
 1544859.375
 730968.75
 332509.375
 145413.328125
 61136.3984375
 24711.01953125
 9602.3330078125
 8202.7177734375
 21109.1953125
 52225.2890625
 124218.1953125
 284043.53125
 624424.3125
 1319684.125
 2681361.5
 5237645.0
 9835852.0
 17757556.0
 30821206.0
 51429384.0
 82502720.0
 127239056.0
 188654848.0
 268912288.0
 368509440.0
 485491680.0
 614908224.0
 748745216.0
 876502208.0
 986432192.0
 1067275904.0
 1110149376.0
 1110149376.0
 1067275904.0
 986432192.0
 876502208.0
 748745216.0
 614908224.0
 485491680.0
 368509440.0
 268912288.0
 188654848.0
 127239056.0
 82502720.0
 51429384.0
 30821206.0
 17757556.0
 9835852.0
 5237645.0
 2681361.5
 1319684.125
 624424.3125
 284043.53125
 124218.1953125
 52225.2890625
 21109.1953125
 8202.7177734375
 6736.49609375
 17335.9609375
 42890.10546875
 102014.40625
 233271.234375
 512809.5
 1083792.625
 2202072.75
 4301425.0
 8077710.5
 14583424.0
 25311966.0
 42236468.0
 67755496.0
 104495296.0
 154933088.0
 220844672.0
 302638976.0
 398710912.0
 504994464.0
 614908224.0
 719828864.0
 810109184.0
 876502208.0
 911712128.0
 911712128.0
 876502208.0
 810109184.0
 719828864.0
 614908224.0
 504994464.0
 398710912.0
 302638976.0
 220844672.0
 154933088.0
 104495296.0
 67755496.0
 42236468.0
 25311966.0
 14583424.0
 8077710.5
 4301425.0
 2202072.75
 1083792.625
 512809.5
 233271.234375
 102014.40625
 42890.10546875
 17335.9609375
 6736.49609375
 5318.70068359375
 13687.3525390625
 33863.25
 80543.96875
 184175.859375
 404881.1875
 855692.625
 1738614.125
 3396126.5
 6377636.5
 11514126.0
 19984692.0
 33347178.0
 53495356.0
 82502720.0
 122325152.0
 174364640.0
 238944160.0
 314796288.0
 398710912.0
 485491680.0
 568330240.0
 639609664.0
 692029376.0
 719828864.0
 719828864.0
 692029376.0
 639609664.0
 568330240.0
 485491680.0
 398710912.0
 314796288.0
 238944160.0
 174364640.0
 122325152.0
 82502720.0
 53495356.0
 33347178.0
 19984692.0
 11514126.0
 6377636.5
 3396126.5
 1738614.125
 855692.625
 404881.1875
 184175.859375
 80543.96875
 33863.25
 13687.3525390625
 5318.70068359375
 4037.12646484375
 10389.30078125
 25703.6875
 61136.3984375
 139797.515625
 307322.53125
 649508.125
 1319684.125
 2577808.5
 4840905.0
 8739724.0
 15169254.0
 25311966.0
 40605312.0
 62623172.0
 92850136.0
 132350392.0
 181369040.0
 238944160.0
 302638976.0
 368509440.0
 431387520.0
 485491680.0
 525280512.0
 546381632.0
 546381632.0
 525280512.0
 485491680.0
 431387520.0
 368509440.0
 302638976.0
 238944160.0
 181369040.0
 132350392.0
 92850136.0
 62623172.0
 40605312.0
 25311966.0
 15169254.0
 8739724.0
 4840905.0
 2577808.5
 1319684.125
 649508.125
 307322.53125
 139797.515625
 61136.3984375
 25703.6875
 10389.30078125
 4037.12646484375
 2946.01123046875
 7581.38037109375
 18756.7421875
 44613.046875
 102014.40625
 224262.390625
 473965.3125
 963012.625
 1881103.375
 3532552.5
 6377636.5
 11069455.0
 18470894.0
 29630904.0
 45697988.0
 67755496.0
 96580016.0
 132350392.0
 174364640.0
 220844672.0
 268912288.0
 314796288.0
 354277760.0
 383312832.0
 398710912.0
 398710912.0
 383312832.0
 354277760.0
 314796288.0
 268912288.0
 220844672.0
 174364640.0
 132350392.0
 96580016.0
 67755496.0
 45697988.0
 29630904.0
 18470894.0
 11069455.0
 6377636.5
 3532552.5
 1881103.375
 963012.625
 473965.3125
 224262.390625
 102014.40625
 44613.046875
 18756.7421875
 7581.38037109375
 2946.01123046875
 2066.76806640625
 5318.70068359375
 13158.7529296875
 31298.18359375
 71567.984375
 157330.796875
 332509.375
 675599.5
 1319684.125
 2478254.25
 4474217.5
 7765753.0
 12958217.0
 20787494.0
 32059326.0
 47533724.0
 67755496.0
 92850136.0
 122325152.0
 154933088.0
 188654848.0
 220844672.0
 248542768.0
 268912288.0
 279714784.0
 279714784.0
 268912288.0
 248542768.0
 220844672.0
 188654848.0
 154933088.0
 122325152.0
 92850136.0
 67755496.0
 47533724.0
 32059326.0
 20787494.0
 12958217.0
 7765753.0
 4474217.5
 2478254.25
 1319684.125
 675599.5
 332509.375
 157330.796875
 71567.984375
 31298.18359375
 13158.7529296875
 5318.70068359375
 2066.76806640625
 1393.9404296875
 3587.220947265625
 8874.9775390625
 21109.1953125
 48269.33984375
 106112.4296875
 224262.390625
 455661.0
 890066.625
 1671469.5
 3017655.5
 5237645.0
 8739724.0
 14020216.0
 21622550.0
 32059326.0
 45697988.0
 62623172.0
 82502720.0
 104495296.0
 127239056.0
 148949632.0
 167630752.0
 181369040.0
 188654848.0
 188654848.0
 181369040.0
 167630752.0
 148949632.0
 127239056.0
 104495296.0
 82502720.0
 62623172.0
 45697988.0
 32059326.0
 21622550.0
 14020216.0
 8739724.0
 5237645.0
 3017655.5
 1671469.5
 890066.625
 455661.0
 224262.390625
 106112.4296875
 48269.33984375
 21109.1953125
 8874.9775390625
 3587.220947265625
 1393.9404296875
 903.8410034179688
 2325.97998046875
 5754.59912109375
 13687.3525390625
 31298.18359375
 68804.0625
 145413.328125
 295453.8125
 577125.5625
 1083792.625
 1956669.25
 3396126.5
 5666900.0
 9090808.0
 14020216.0
 20787494.0
 29630904.0
 40605312.0
 53495356.0
 67755496.0
 82502720.0
 96580016.0
 108692984.0
 117600992.0
 122325152.0
 122325152.0
 117600992.0
 108692984.0
 96580016.0
 82502720.0
 67755496.0
 53495356.0
 40605312.0
 29630904.0
 20787494.0
 14020216.0
 9090808.0
 5666900.0
 3396126.5
 1956669.25
 1083792.625
 577125.5625
 295453.8125
 145413.328125
 68804.0625
 31298.18359375
 13687.3525390625
 5754.59912109375
 2325.97998046875
 903.8410034179688
 563.4236450195312
 1449.9365234375
 3587.220947265625
 8532.2294921875
 19510.22265625
 42890.10546875
 90645.7109375
 184175.859375
 359760.40625
 675599.5
 1219721.0
 2117029.5
 3532552.5
 5666900.0
 8739724.0
 12958217.0
 18470894.0
 25311966.0
 33347178.0
 42236468.0
 51429384.0
 60204688.0
 67755496.0
 73308448.0
 76253320.0
 76253320.0
 73308448.0
 67755496.0
 60204688.0
 51429384.0
 42236468.0
 33347178.0
 25311966.0
 18470894.0
 12958217.0
 8739724.0
 5666900.0
 3532552.5
 2117029.5
 1219721.0
 675599.5
 359760.40625
 184175.859375
 90645.7109375
 42890.10546875
 19510.22265625
 8532.2294921875
 3587.220947265625
 1449.9365234375
 563.4236450195312
 337.6551513671875
 868.9349365234375
 2149.792236328125
 5113.294921875
 11692.314453125
 25703.6875
 54323.23046875
 110375.078125
 215601.4375
 404881.1875
 730968.75
 1268718.375
 2117029.5
 3396126.5
 5237645.0
 7765753.0
 11069455.0
 15169254.0
 19984692.0
 25311966.0
 30821206.0
 36080172.0
 40605312.0
 43933152.0
 45697988.0
 45697988.0
 43933152.0
 40605312.0
 36080172.0
 30821206.0
 25311966.0
 19984692.0
 15169254.0
 11069455.0
 7765753.0
 5237645.0
 3396126.5
 2117029.5
 1268718.375
 730968.75
 404881.1875
 215601.4375
 110375.078125
 54323.23046875
 25703.6875
 11692.314453125
 5113.294921875
 2149.792236328125
 868.9349365234375
 337.6551513671875
 194.5391082763672
 500.63458251953125
 1238.596923828125
 2946.01123046875
 6736.49609375
 14809.1103515625
 31298.18359375
 63592.3046875
 124218.1953125
 233271.234375
 421145.65625
 730968.75
 1219721.0
 1956669.25
 3017655.5
 4474217.5
 6377636.5
 8739724.0
 11514126.0
 14583424.0
 17757556.0
 20787494.0
 23394644.0
 25311966.0
 26328774.0
 26328774.0
 25311966.0
 23394644.0
 20787494.0
 17757556.0
 14583424.0
 11514126.0
 8739724.0
 6377636.5
 4474217.5
 3017655.5
 1956669.25
 1219721.0
 730968.75
 421145.65625
 233271.234375
 124218.1953125
 63592.3046875
 31298.18359375
 14809.1103515625
 6736.49609375
 2946.01123046875
 1238.596923828125
 500.63458251953125
 194.5391082763672
 107.75457763671875
 277.29986572265625
 686.0548095703125
 1631.7862548828125
 3731.32275390625
 8202.7177734375
 17335.9609375
 35223.56640625
 68804.0625
 129208.1796875
 233271.234375
 404881.1875
 675599.5
 1083792.625
 1671469.5
 2478254.25
 3532552.5
 4840905.0
 6377636.5
 8077710.5
 9835852.0
 11514126.0
 12958217.0
 14020216.0
 14583424.0
 14583424.0
 14020216.0
 12958217.0
 11514126.0
 9835852.0
 8077710.5
 6377636.5
 4840905.0
 3532552.5
 2478254.25
 1671469.5
 1083792.625
 675599.5
 404881.1875
 233271.234375
 129208.1796875
 68804.0625
 35223.56640625
 17335.9609375
 8202.7177734375
 3731.32275390625
 1631.7862548828125
 686.0548095703125
 277.29986572265625
 107.75457763671875
 57.37990951538086
 147.6636962890625
 365.32794189453125
 868.9349365234375
 1986.9500732421875
 4367.9921875
 9231.494140625
 18756.7421875
 36638.5390625
 68804.0625
 124218.1953125
 215601.4375
 359760.40625
 577125.5625
 890066.625
 1319684.125
 1881103.375
 2577808.5
 3396126.5
 4301425.0
 5237645.0
 6131336.0
 6900321.0
 7465842.0
 7765753.0
 7765753.0
 7465842.0
 6900321.0
 6131336.0
 5237645.0
 4301425.0
 3396126.5
 2577808.5
 1881103.375
 1319684.125
 890066.625
 577125.5625
 359760.40625
 215601.4375
 124218.1953125
 68804.0625
 36638.5390625
 18756.7421875
 9231.494140625
 4367.9921875
 1986.9500732421875
 868.9349365234375
 365.32794189453125
 147.6636962890625
 57.37990951538086
 29.37508773803711
 75.59500122070312
 187.02609252929688
 444.84283447265625
 1017.1998291015625
 2236.1513671875
 4725.9736328125
 9602.3330078125
 18756.7421875
 35223.56640625
 63592.3046875
 110375.078125
 184175.859375
 295453.8125
 455661.0
 675599.5
 963012.625
 1319684.125
 1738614.125
 2202072.75
 2681361.5
 3138877.5
 3532552.5
 3822065.25
 3975601.75
 3975601.75
 3822065.25
 3532552.5
 3138877.5
 2681361.5
 2202072.75
 1738614.125
 1319684.125
 963012.625
 675599.5
 455661.0
 295453.8125
 184175.859375
 110375.078125
 63592.3046875
 35223.56640625
 18756.7421875
 9602.3330078125
 4725.9736328125
 2236.1513671875
 1017.1998291015625
 444.84283447265625
 187.02609252929688
 75.59500122070312
 29.37508773803711
 14.457517623901367
 37.205543518066406
 92.04851531982422
 218.9380340576172
 500.63458251953125
 1100.565185546875
 2325.97998046875
 4725.9736328125
 9231.494140625
 17335.9609375
 31298.18359375
 54323.23046875
 90645.7109375
 145413.328125
 224262.390625
 332509.375
 473965.3125
 649508.125
 855692.625
 1083792.625
 1319684.125
 1544859.375
 1738614.125
 1881103.375
 1956669.25
 1956669.25
 1881103.375
 1738614.125
 1544859.375
 1319684.125
 1083792.625
 855692.625
 649508.125
 473965.3125
 332509.375
 224262.390625
 145413.328125
 90645.7109375
 54323.23046875
 31298.18359375
 17335.9609375
 9231.494140625
 4725.9736328125
 2325.97998046875
 1100.565185546875
 500.63458251953125
 218.9380340576172
 92.04851531982422
 37.205543518066406
 14.457517623901367
 6.840747833251953
 17.604249954223633
 43.55385971069336
 103.5931396484375
 236.88125610351562
 520.7455444335938
 1100.565185546875
 2236.1513671875
 4367.9921875
 8202.7177734375
 14809.1103515625
 25703.6875
 42890.10546875
 68804.0625
 106112.4296875
 157330.796875
 224262.390625
 307322.53125
 404881.1875
 512809.5
 624424.3125
 730968.75
 822646.0625
 890066.625
 925821.5
 925821.5
 890066.625
 822646.0625
 730968.75
 624424.3125
 512809.5
 404881.1875
 307322.53125
 224262.390625
 157330.796875
 106112.4296875
 68804.0625
 42890.10546875
 25703.6875
 14809.1103515625
 8202.7177734375
 4367.9921875
 2236.1513671875
 1100.565185546875
 520.7455444335938
 236.88125610351562
 103.5931396484375
 43.55385971069336
 17.604249954223633
 6.840747833251953
 3.111778497695923
 8.007972717285156
 19.81215476989746
 47.12334442138672
 107.75457763671875
 236.88125610351562
 500.63458251953125
 1017.1998291015625
 1986.9500732421875
 3731.32275390625
 6736.49609375
 11692.314453125
 19510.22265625
 31298.18359375
 48269.33984375
 71567.984375
 102014.40625
 139797.515625
 184175.859375
 233271.234375
 284043.53125
 332509.375
 374212.34375
 404881.1875
 421145.65625
 421145.65625
 404881.1875
 374212.34375
 332509.375
 284043.53125
 233271.234375
 184175.859375
 139797.515625
 102014.40625
 71567.984375
 48269.33984375
 31298.18359375
 19510.22265625
 11692.314453125
 6736.49609375
 3731.32275390625
 1986.9500732421875
 1017.1998291015625
 500.63458251953125
 236.88125610351562
 107.75457763671875
 47.12334442138672
 19.81215476989746
 8.007972717285156
 3.111778497695923
 1.3608460426330566
 3.502054214477539
 8.664271354675293
 20.608028411865234
 47.12334442138672
 103.5931396484375
 218.9380340576172
 444.84283447265625
 868.9349365234375
 1631.7862548828125
 2946.01123046875
 5113.294921875
 8532.2294921875
 13687.3525390625
 21109.1953125
 31298.18359375
 44613.046875
 61136.3984375
 80543.96875
 102014.40625
 124218.1953125
 145413.328125
 163650.921875
 177063.0625
 184175.859375
 184175.859375
 177063.0625
 163650.921875
 145413.328125
 124218.1953125
 102014.40625
 80543.96875
 61136.3984375
 44613.046875
 31298.18359375
 21109.1953125
 13687.3525390625
 8532.2294921875
 5113.294921875
 2946.01123046875
 1631.7862548828125
 868.9349365234375
 444.84283447265625
 218.9380340576172
 103.5931396484375
 47.12334442138672
 20.608028411865234
 8.664271354675293
 3.502054214477539
 1.3608460426330566
 0.572143018245697
 1.4723751544952393
 3.642735481262207
 8.664271354675293
 19.81215476989746
 43.55385971069336
 92.04851531982422
 187.02609252929688
 365.32794189453125
 686.0548095703125
 1238.596923828125
 2149.792236328125
 3587.220947265625
 5754.59912109375
 8874.9775390625
 13158.7529296875
 18756.7421875
 25703.6875
 33863.25
 42890.10546875
 52225.2890625
 61136.3984375
 68804.0625
 74442.9453125
 77433.390625
 77433.390625
 74442.9453125
 68804.0625
 61136.3984375
 52225.2890625
 42890.10546875
 33863.25
 25703.6875
 18756.7421875
 13158.7529296875
 8874.9775390625
 5754.59912109375
 3587.220947265625
 2149.792236328125
 1238.596923828125
 686.0548095703125
 365.32794189453125
 187.02609252929688
 92.04851531982422
 43.55385971069336
 19.81215476989746
 8.664271354675293
 3.642735481262207
 1.4723751544952393
 0.572143018245697
 0.23125731945037842
 0.5951266288757324
 1.4723751544952393
 3.502054214477539
 8.007972717285156
 17.604249954223633
 37.205543518066406
 75.59500122070312
 147.6636962890625
 277.29986572265625
 500.63458251953125
 868.9349365234375
 1449.9365234375
 2325.97998046875
 3587.220947265625
 5318.70068359375
 7581.38037109375
 10389.30078125
 13687.3525390625
 17335.9609375
 21109.1953125
 24711.01953125
 27810.25390625
 30089.4609375
 31298.18359375
 31298.18359375
 30089.4609375
 27810.25390625
 24711.01953125
 21109.1953125
 17335.9609375
 13687.3525390625
 10389.30078125
 7581.38037109375
 5318.70068359375
 3587.220947265625
 2325.97998046875
 1449.9365234375
 868.9349365234375
 500.63458251953125
 277.29986572265625
 147.6636962890625
 75.59500122070312
 37.205543518066406
 17.604249954223633
 8.007972717285156
 3.502054214477539
 1.4723751544952393
 0.5951266288757324
 0.23125731945037842
 0.0898631289601326
 0.23125731945037842
 0.572143018245697
 1.3608460426330566
 3.111778497695923
 6.840747833251953
 14.457517623901367
 29.37508773803711
 57.37990951538086
 107.75457763671875
 194.5391082763672
 337.6551513671875
 563.4236450195312
 903.8410034179688
 1393.9404296875
 2066.76806640625
 2946.01123046875
 4037.12646484375
 5318.70068359375
 6736.49609375
 8202.7177734375
 9602.3330078125
 10806.6474609375
 11692.314453125
 12162.005859375
 12162.005859375
 11692.314453125
 10806.6474609375
 9602.3330078125
 8202.7177734375
 6736.49609375
 5318.70068359375
 4037.12646484375
 2946.01123046875
 2066.76806640625
 1393.9404296875
 903.8410034179688
 563.4236450195312
 337.6551513671875
 194.5391082763672
 107.75457763671875
 57.37990951538086
 29.37508773803711
 14.457517623901367
 6.840747833251953
 3.111778497695923
 1.3608460426330566
 0.572143018245697
 0.23125731945037842
 0.0898631289601326
