       1  0.30146E-008
      20  0.19482E-008
      21  0.19491E-008
      22  0.19519E-008
      23  0.19566E-008
      24  0.19631E-008
      25  0.19715E-008
      26  0.19816E-008
      27  0.19936E-008
      28  0.20073E-008
      29  0.20227E-008
      30  0.20397E-008
      31  0.20584E-008
      32  0.20786E-008
      33  0.21003E-008
      34  0.21234E-008
      35  0.21480E-008
      36  0.21738E-008
      37  0.22009E-008
      38  0.22291E-008
      39  0.22585E-008
      40  0.22889E-008
      41  0.23202E-008
      42  0.23525E-008
      43  0.23856E-008
      44  0.24194E-008
      45  0.24540E-008
      46  0.24891E-008
      47  0.25249E-008
      48  0.25611E-008
      49  0.25978E-008
      50  0.26348E-008
      51  0.26722E-008
      52  0.27098E-008
      53  0.27476E-008
      54  0.27856E-008
      55  0.28238E-008
      56  0.28620E-008
      57  0.29002E-008
      58  0.29384E-008
      59  0.29765E-008
     641   0.0000     
     659  0.24546E-008
     660  0.27979E-011
     661  0.11144E-010
     662  0.25020E-010
     663  0.44317E-010
     664  0.68953E-010
     665  0.98761E-010
     666  0.13360E-009
     667  0.17325E-009
     668  0.21752E-009
     669  0.26616E-009
     670  0.31892E-009
     671  0.37551E-009
     672  0.43568E-009
     673  0.49912E-009
     674  0.56553E-009
     675  0.63461E-009
     676  0.70606E-009
     677  0.77958E-009
     678  0.85487E-009
     679  0.93165E-009
     680  0.10096E-008
     681  0.10885E-008
     682  0.11681E-008
     683  0.12482E-008
     684  0.13284E-008
     685  0.14086E-008
     686  0.14887E-008
     687  0.15683E-008
     688  0.16475E-008
     689  0.17260E-008
     690  0.18036E-008
     691  0.18804E-008
     692  0.19562E-008
     693  0.20309E-008
     694  0.21045E-008
     695  0.21769E-008
     696  0.22482E-008
     697  0.23182E-008
     698  0.23871E-008
    2274  0.18952E-008
    2275  0.18413E-008
    2276  0.17862E-008
    2277  0.17301E-008
    2278  0.16729E-008
    2279  0.16145E-008
    2280  0.15549E-008
    2281  0.14942E-008
    2282  0.14323E-008
    2283  0.13693E-008
    2284  0.13051E-008
    2285  0.12399E-008
    2286  0.11737E-008
    2287  0.11066E-008
    2288  0.10387E-008
    2289  0.97019E-009
    2290  0.90121E-009
    2291  0.83205E-009
    2292  0.76291E-009
    2293  0.69416E-009
    2294  0.62610E-009
    2295  0.55916E-009
    2296  0.49372E-009
    2297  0.43028E-009
    2298  0.36930E-009
    2299  0.31130E-009
    2300  0.25679E-009
    2301  0.20629E-009
    2302  0.16031E-009
    2303  0.11932E-009
    2304  0.83808E-010
    2305  0.54123E-010
    2306  0.30687E-010
    2307  0.13700E-010
    2308  0.34604E-011
    2309  0.24553E-008
    2310  0.24572E-008
    2311  0.24604E-008
    2312  0.24648E-008
    2313  0.24705E-008
    2314  0.24774E-008
    2315  0.24855E-008
    2316  0.24946E-008
    2317  0.25049E-008
    2318  0.25162E-008
    2319  0.25284E-008
    2320  0.25416E-008
    2321  0.25556E-008
    2322  0.25705E-008
    2323  0.25861E-008
    2324  0.26024E-008
    2325  0.26194E-008
    2326  0.26370E-008
    2327  0.26551E-008
    2328  0.26737E-008
    2329  0.26929E-008
    2330  0.27125E-008
    2331  0.27324E-008
    2332  0.27527E-008
    2333  0.27734E-008
    2334  0.27943E-008
    2335  0.28155E-008
    2336  0.28370E-008
    2337  0.28586E-008
    2338  0.28805E-008
    2339  0.29025E-008
    2340  0.29247E-008
    2341  0.29470E-008
    2342  0.29695E-008
    2343  0.29920E-008
    2344  0.23898E-008
    2345  0.23981E-008
    2346  0.24116E-008
    2347  0.24302E-008
    2348  0.24533E-008
    2349  0.24805E-008
    2350  0.25114E-008
    2351  0.25453E-008
    2352  0.25820E-008
    2353  0.26209E-008
    2354  0.26617E-008
    2355  0.27040E-008
    2356  0.27475E-008
    2357  0.27921E-008
    2358  0.28374E-008
    2359  0.28834E-008
    2360  0.29298E-008
    2361  0.23189E-008
    2362  0.23212E-008
    2363  0.23249E-008
    2364  0.23301E-008
    2365  0.23367E-008
    2366  0.23447E-008
    2367  0.23540E-008
    2368  0.23646E-008
    2369  0.23764E-008
    2370  0.23894E-008
    2371  0.24034E-008
    2372  0.24185E-008
    2373  0.24345E-008
    2374  0.24514E-008
    2375  0.24691E-008
    2376  0.24875E-008
    2377  0.25066E-008
    2378  0.25263E-008
    2379  0.25466E-008
    2380  0.25674E-008
    2381  0.25887E-008
    2382  0.26103E-008
    2383  0.26324E-008
    2384  0.26547E-008
    2385  0.26774E-008
    2386  0.27003E-008
    2387  0.27235E-008
    2388  0.27468E-008
    2389  0.27704E-008
    2390  0.27941E-008
    2391  0.28179E-008
    2392  0.28418E-008
    2393  0.28659E-008
    2394  0.28900E-008
    2395  0.29142E-008
    2396  0.22514E-008
    2397  0.22610E-008
    2398  0.22766E-008
    2399  0.22980E-008
    2400  0.23245E-008
    2401  0.23555E-008
    2402  0.23905E-008
    2403  0.24289E-008
    2404  0.24700E-008
    2405  0.25133E-008
    2406  0.25585E-008
    2407  0.26051E-008
    2408  0.26528E-008
    2409  0.27013E-008
    2410  0.27505E-008
    2411  0.28001E-008
    2412  0.28501E-008
    2413  0.21778E-008
    2414  0.21804E-008
    2415  0.21847E-008
    2416  0.21907E-008
    2417  0.21983E-008
    2418  0.22074E-008
    2419  0.22181E-008
    2420  0.22303E-008
    2421  0.22438E-008
    2422  0.22586E-008
    2423  0.22745E-008
    2424  0.22917E-008
    2425  0.23098E-008
    2426  0.23289E-008
    2427  0.23488E-008
    2428  0.23695E-008
    2429  0.23909E-008
    2430  0.24130E-008
    2431  0.24356E-008
    2432  0.24587E-008
    2433  0.24822E-008
    2434  0.25062E-008
    2435  0.25305E-008
    2436  0.25551E-008
    2437  0.25799E-008
    2438  0.26050E-008
    2439  0.26302E-008
    2440  0.26556E-008
    2441  0.26812E-008
    2442  0.27068E-008
    2443  0.27325E-008
    2444  0.27584E-008
    2445  0.27842E-008
    2446  0.28101E-008
    2447  0.28360E-008
    2448  0.21082E-008
    2449  0.21192E-008
    2450  0.21371E-008
    2451  0.21615E-008
    2452  0.21917E-008
    2453  0.22269E-008
    2454  0.22664E-008
    2455  0.23095E-008
    2456  0.23554E-008
    2457  0.24036E-008
    2458  0.24535E-008
    2459  0.25047E-008
    2460  0.25569E-008
    2461  0.26097E-008
    2462  0.26630E-008
    2463  0.27165E-008
    2464  0.27701E-008
    2465  0.20319E-008
    2466  0.20349E-008
    2467  0.20398E-008
    2468  0.20466E-008
    2469  0.20553E-008
    2470  0.20658E-008
    2471  0.20779E-008
    2472  0.20917E-008
    2473  0.21071E-008
    2474  0.21239E-008
    2475  0.21420E-008
    2476  0.21613E-008
    2477  0.21817E-008
    2478  0.22032E-008
    2479  0.22256E-008
    2480  0.22488E-008
    2481  0.22727E-008
    2482  0.22972E-008
    2483  0.23224E-008
    2484  0.23480E-008
    2485  0.23740E-008
    2486  0.24004E-008
    2487  0.24271E-008
    2488  0.24541E-008
    2489  0.24812E-008
    2490  0.25086E-008
    2491  0.25361E-008
    2492  0.25637E-008
    2493  0.25913E-008
    2494  0.26191E-008
    2495  0.26468E-008
    2496  0.26746E-008
    2497  0.27024E-008
    2498  0.27302E-008
    2499  0.27579E-008
    2500  0.19604E-008
    2501  0.19729E-008
    2502  0.19933E-008
    2503  0.20210E-008
    2504  0.20552E-008
    2505  0.20949E-008
    2506  0.21393E-008
    2507  0.21875E-008
    2508  0.22386E-008
    2509  0.22920E-008
    2510  0.23470E-008
    2511  0.24032E-008
    2512  0.24601E-008
    2513  0.25175E-008
    2514  0.25751E-008
    2515  0.26328E-008
    2516  0.26903E-008
    2517  0.18815E-008
    2518  0.18849E-008
    2519  0.18905E-008
    2520  0.18982E-008
    2521  0.19081E-008
    2522  0.19200E-008
    2523  0.19338E-008
    2524  0.19494E-008
    2525  0.19668E-008
    2526  0.19857E-008
    2527  0.20061E-008
    2528  0.20278E-008
    2529  0.20508E-008
    2530  0.20748E-008
    2531  0.20998E-008
    2532  0.21257E-008
    2533  0.21523E-008
    2534  0.21796E-008
    2535  0.22074E-008
    2536  0.22357E-008
    2537  0.22644E-008
    2538  0.22934E-008
    2539  0.23227E-008
    2540  0.23522E-008
    2541  0.23818E-008
    2542  0.24116E-008
    2543  0.24415E-008
    2544  0.24714E-008
    2545  0.25013E-008
    2546  0.25313E-008
    2547  0.25612E-008
    2548  0.25910E-008
    2549  0.26208E-008
    2550  0.26506E-008
    2551  0.26802E-008
    2552  0.18084E-008
    2553  0.18226E-008
    2554  0.18457E-008
    2555  0.18770E-008
    2556  0.19155E-008
    2557  0.19601E-008
    2558  0.20098E-008
    2559  0.20635E-008
    2560  0.21202E-008
    2561  0.21792E-008
    2562  0.22396E-008
    2563  0.23011E-008
    2564  0.23631E-008
    2565  0.24253E-008
    2566  0.24875E-008
    2567  0.25494E-008
    2568  0.26110E-008
    2569  0.17272E-008
    2570  0.17310E-008
    2571  0.17374E-008
    2572  0.17461E-008
    2573  0.17573E-008
    2574  0.17707E-008
    2575  0.17862E-008
    2576  0.18039E-008
    2577  0.18234E-008
    2578  0.18446E-008
    2579  0.18675E-008
    2580  0.18919E-008
    2581  0.19175E-008
    2582  0.19443E-008
    2583  0.19722E-008
    2584  0.20009E-008
    2585  0.20304E-008
    2586  0.20606E-008
    2587  0.20913E-008
    2588  0.21225E-008
    2589  0.21540E-008
    2590  0.21858E-008
    2591  0.22178E-008
    2592  0.22500E-008
    2593  0.22823E-008
    2594  0.23146E-008
    2595  0.23470E-008
    2596  0.23793E-008
    2597  0.24116E-008
    2598  0.24438E-008
    2599  0.24760E-008
    2600  0.25080E-008
    2601  0.25399E-008
    2602  0.25717E-008
    2603  0.26033E-008
    2604  0.16529E-008
    2605  0.16689E-008
    2606  0.16949E-008
    2607  0.17301E-008
    2608  0.17732E-008
    2609  0.18231E-008
    2610  0.18785E-008
    2611  0.19381E-008
    2612  0.20008E-008
    2613  0.20657E-008
    2614  0.21319E-008
    2615  0.21989E-008
    2616  0.22662E-008
    2617  0.23335E-008
    2618  0.24004E-008
    2619  0.24669E-008
    2620  0.25327E-008
    2621  0.15698E-008
    2622  0.15741E-008
    2623  0.15812E-008
    2624  0.15910E-008
    2625  0.16035E-008
    2626  0.16186E-008
    2627  0.16361E-008
    2628  0.16558E-008
    2629  0.16776E-008
    2630  0.17014E-008
    2631  0.17270E-008
    2632  0.17541E-008
    2633  0.17826E-008
    2634  0.18124E-008
    2635  0.18433E-008
    2636  0.18751E-008
    2637  0.19077E-008
    2638  0.19409E-008
    2639  0.19747E-008
    2640  0.20089E-008
    2641  0.20434E-008
    2642  0.20781E-008
    2643  0.21130E-008
    2644  0.21480E-008
    2645  0.21831E-008
    2646  0.22181E-008
    2647  0.22531E-008
    2648  0.22879E-008
    2649  0.23227E-008
    2650  0.23573E-008
    2651  0.23918E-008
    2652  0.24260E-008
    2653  0.24601E-008
    2654  0.24940E-008
    2655  0.25276E-008
    2656  0.14947E-008
    2657  0.15127E-008
    2658  0.15418E-008
    2659  0.15812E-008
    2660  0.16293E-008
    2661  0.16848E-008
    2662  0.17462E-008
    2663  0.18121E-008
    2664  0.18811E-008
    2665  0.19522E-008
    2666  0.20245E-008
    2667  0.20974E-008
    2668  0.21702E-008
    2669  0.22427E-008
    2670  0.23146E-008
    2671  0.23856E-008
    2672  0.24557E-008
    2673  0.14102E-008
    2674  0.14150E-008
    2675  0.14230E-008
    2676  0.14340E-008
    2677  0.14480E-008
    2678  0.14648E-008
    2679  0.14843E-008
    2680  0.15063E-008
    2681  0.15306E-008
    2682  0.15570E-008
    2683  0.15854E-008
    2684  0.16155E-008
    2685  0.16471E-008
    2686  0.16800E-008
    2687  0.17141E-008
    2688  0.17491E-008
    2689  0.17850E-008
    2690  0.18214E-008
    2691  0.18584E-008
    2692  0.18958E-008
    2693  0.19334E-008
    2694  0.19712E-008
    2695  0.20091E-008
    2696  0.20471E-008
    2697  0.20850E-008
    2698  0.21228E-008
    2699  0.21604E-008
    2700  0.21979E-008
    2701  0.22352E-008
    2702  0.22723E-008
    2703  0.23091E-008
    2704  0.23457E-008
    2705  0.23820E-008
    2706  0.24180E-008
    2707  0.24537E-008
    2708  0.13352E-008
    2709  0.13552E-008
    2710  0.13876E-008
    2711  0.14314E-008
    2712  0.14848E-008
    2713  0.15462E-008
    2714  0.16140E-008
    2715  0.16864E-008
    2716  0.17621E-008
    2717  0.18397E-008
    2718  0.19183E-008
    2719  0.19972E-008
    2720  0.20758E-008
    2721  0.21536E-008
    2722  0.22305E-008
    2723  0.23063E-008
    2724  0.23808E-008
    2725  0.12500E-008
    2726  0.12553E-008
    2727  0.12641E-008
    2728  0.12764E-008
    2729  0.12919E-008
    2730  0.13106E-008
    2731  0.13322E-008
    2732  0.13565E-008
    2733  0.13835E-008
    2734  0.14127E-008
    2735  0.14440E-008
    2736  0.14772E-008
    2737  0.15120E-008
    2738  0.15483E-008
    2739  0.15857E-008
    2740  0.16241E-008
    2741  0.16633E-008
    2742  0.17031E-008
    2743  0.17434E-008
    2744  0.17841E-008
    2745  0.18249E-008
    2746  0.18659E-008
    2747  0.19069E-008
    2748  0.19479E-008
    2749  0.19887E-008
    2750  0.20294E-008
    2751  0.20698E-008
    2752  0.21099E-008
    2753  0.21498E-008
    2754  0.21894E-008
    2755  0.22286E-008
    2756  0.22675E-008
    2757  0.23060E-008
    2758  0.23442E-008
    2759  0.23820E-008
    2760  0.11756E-008
    2761  0.11978E-008
    2762  0.12337E-008
    2763  0.12821E-008
    2764  0.13410E-008
    2765  0.14086E-008
    2766  0.14830E-008
    2767  0.15622E-008
    2768  0.16447E-008
    2769  0.17291E-008
    2770  0.18142E-008
    2771  0.18992E-008
    2772  0.19836E-008
    2773  0.20669E-008
    2774  0.21489E-008
    2775  0.22294E-008
    2776  0.23083E-008
    2777  0.10905E-008
    2778  0.10964E-008
    2779  0.11062E-008
    2780  0.11197E-008
    2781  0.11368E-008
    2782  0.11574E-008
    2783  0.11812E-008
    2784  0.12081E-008
    2785  0.12377E-008
    2786  0.12698E-008
    2787  0.13042E-008
    2788  0.13406E-008
    2789  0.13787E-008
    2790  0.14184E-008
    2791  0.14592E-008
    2792  0.15011E-008
    2793  0.15437E-008
    2794  0.15870E-008
    2795  0.16308E-008
    2796  0.16748E-008
    2797  0.17189E-008
    2798  0.17632E-008
    2799  0.18073E-008
    2800  0.18513E-008
    2801  0.18951E-008
    2802  0.19387E-008
    2803  0.19819E-008
    2804  0.20247E-008
    2805  0.20672E-008
    2806  0.21092E-008
    2807  0.21509E-008
    2808  0.21921E-008
    2809  0.22328E-008
    2810  0.22732E-008
    2811  0.23130E-008
    2812  0.10179E-008
    2813  0.10423E-008
    2814  0.10818E-008
    2815  0.11348E-008
    2816  0.11994E-008
    2817  0.12734E-008
    2818  0.13545E-008
    2819  0.14408E-008
    2820  0.15302E-008
    2821  0.16214E-008
    2822  0.17131E-008
    2823  0.18043E-008
    2824  0.18946E-008
    2825  0.19834E-008
    2826  0.20704E-008
    2827  0.21556E-008
    2828  0.22389E-008
    2829  0.93383E-009
    2830  0.94028E-009
    2831  0.95100E-009
    2832  0.96581E-009
    2833  0.98460E-009
    2834  0.10071E-008
    2835  0.10332E-008
    2836  0.10626E-008
    2837  0.10950E-008
    2838  0.11300E-008
    2839  0.11676E-008
    2840  0.12072E-008
    2841  0.12487E-008
    2842  0.12918E-008
    2843  0.13361E-008
    2844  0.13815E-008
    2845  0.14276E-008
    2846  0.14744E-008
    2847  0.15216E-008
    2848  0.15690E-008
    2849  0.16165E-008
    2850  0.16640E-008
    2851  0.17113E-008
    2852  0.17584E-008
    2853  0.18051E-008
    2854  0.18515E-008
    2855  0.18975E-008
    2856  0.19430E-008
    2857  0.19881E-008
    2858  0.20326E-008
    2859  0.20766E-008
    2860  0.21201E-008
    2861  0.21631E-008
    2862  0.22056E-008
    2863  0.22475E-008
    2864  0.86389E-009
    2865  0.89054E-009
    2866  0.93368E-009
    2867  0.99153E-009
    2868  0.10619E-008
    2869  0.11422E-008
    2870  0.12302E-008
    2871  0.13234E-008
    2872  0.14198E-008
    2873  0.15178E-008
    2874  0.16160E-008
    2875  0.17135E-008
    2876  0.18096E-008
    2877  0.19038E-008
    2878  0.19958E-008
    2879  0.20857E-008
    2880  0.21732E-008
    2881  0.78196E-009
    2882  0.78898E-009
    2883  0.80065E-009
    2884  0.81676E-009
    2885  0.83720E-009
    2886  0.86171E-009
    2887  0.89006E-009
    2888  0.92194E-009
    2889  0.95708E-009
    2890  0.99513E-009
    2891  0.10358E-008
    2892  0.10787E-008
    2893  0.11235E-008
    2894  0.11700E-008
    2895  0.12178E-008
    2896  0.12667E-008
    2897  0.13164E-008
    2898  0.13666E-008
    2899  0.14172E-008
    2900  0.14680E-008
    2901  0.15188E-008
    2902  0.15694E-008
    2903  0.16199E-008
    2904  0.16700E-008
    2905  0.17196E-008
    2906  0.17689E-008
    2907  0.18176E-008
    2908  0.18657E-008
    2909  0.19133E-008
    2910  0.19602E-008
    2911  0.20066E-008
    2912  0.20523E-008
    2913  0.20974E-008
    2914  0.21419E-008
    2915  0.21858E-008
    2916  0.71584E-009
    2917  0.74474E-009
    2918  0.79148E-009
    2919  0.85408E-009
    2920  0.93009E-009
    2921  0.10168E-008
    2922  0.11115E-008
    2923  0.12116E-008
    2924  0.13149E-008
    2925  0.14196E-008
    2926  0.15243E-008
    2927  0.16278E-008
    2928  0.17295E-008
    2929  0.18290E-008
    2930  0.19259E-008
    2931  0.20202E-008
    2932  0.21118E-008
    2933  0.63718E-009
    2934  0.64477E-009
    2935  0.65737E-009
    2936  0.67477E-009
    2937  0.69683E-009
    2938  0.72327E-009
    2939  0.75384E-009
    2940  0.78821E-009
    2941  0.82605E-009
    2942  0.86700E-009
    2943  0.91071E-009
    2944  0.95682E-009
    2945  0.10050E-008
    2946  0.10548E-008
    2947  0.11060E-008
    2948  0.11583E-008
    2949  0.12114E-008
    2950  0.12650E-008
    2951  0.13189E-008
    2952  0.13730E-008
    2953  0.14269E-008
    2954  0.14807E-008
    2955  0.15342E-008
    2956  0.15872E-008
    2957  0.16397E-008
    2958  0.16916E-008
    2959  0.17429E-008
    2960  0.17936E-008
    2961  0.18436E-008
    2962  0.18929E-008
    2963  0.19414E-008
    2964  0.19893E-008
    2965  0.20365E-008
    2966  0.20829E-008
    2967  0.21287E-008
    2968  0.57605E-009
    2969  0.60713E-009
    2970  0.65737E-009
    2971  0.72459E-009
    2972  0.80611E-009
    2973  0.89897E-009
    2974  0.10002E-008
    2975  0.11070E-008
    2976  0.12170E-008
    2977  0.13281E-008
    2978  0.14389E-008
    2979  0.15482E-008
    2980  0.16553E-008
    2981  0.17598E-008
    2982  0.18613E-008
    2983  0.19598E-008
    2984  0.20554E-008
    2985  0.50187E-009
    2986  0.51000E-009
    2987  0.52349E-009
    2988  0.54213E-009
    2989  0.56575E-009
    2990  0.59405E-009
    2991  0.62676E-009
    2992  0.66350E-009
    2993  0.70394E-009
    2994  0.74767E-009
    2995  0.79432E-009
    2996  0.84348E-009
    2997  0.89477E-009
    2998  0.94783E-009
    2999  0.10023E-008
    3000  0.10578E-008
    3001  0.11142E-008
    3002  0.11710E-008
    3003  0.12281E-008
    3004  0.12852E-008
    3005  0.13422E-008
    3006  0.13990E-008
    3007  0.14553E-008
    3008  0.15110E-008
    3009  0.15662E-008
    3010  0.16207E-008
    3011  0.16745E-008
    3012  0.17275E-008
    3013  0.17798E-008
    3014  0.18313E-008
    3015  0.18819E-008
    3016  0.19318E-008
    3017  0.19809E-008
    3018  0.20292E-008
    3019  0.20767E-008
    3020  0.44691E-009
    3021  0.48006E-009
    3022  0.53360E-009
    3023  0.60520E-009
    3024  0.69194E-009
    3025  0.79060E-009
    3026  0.89798E-009
    3027  0.10111E-008
    3028  0.11273E-008
    3029  0.12445E-008
    3030  0.13610E-008
    3031  0.14758E-008
    3032  0.15879E-008
    3033  0.16970E-008
    3034  0.18028E-008
    3035  0.19053E-008
    3036  0.20044E-008
    3037  0.37843E-009
    3038  0.38707E-009
    3039  0.40141E-009
    3040  0.42119E-009
    3041  0.44627E-009
    3042  0.47630E-009
    3043  0.51100E-009
    3044  0.54996E-009
    3045  0.59282E-009
    3046  0.63915E-009
    3047  0.68853E-009
    3048  0.74055E-009
    3049  0.79477E-009
    3050  0.85082E-009
    3051  0.90829E-009
    3052  0.96687E-009
    3053  0.10262E-008
    3054  0.10860E-008
    3055  0.11460E-008
    3056  0.12060E-008
    3057  0.12659E-008
    3058  0.13253E-008
    3059  0.13842E-008
    3060  0.14426E-008
    3061  0.15002E-008
    3062  0.15571E-008
    3063  0.16131E-008
    3064  0.16683E-008
    3065  0.17227E-008
    3066  0.17761E-008
    3067  0.18287E-008
    3068  0.18804E-008
    3069  0.19312E-008
    3070  0.19812E-008
    3071  0.20303E-008
    3072  0.33079E-009
    3073  0.36584E-009
    3074  0.42243E-009
    3075  0.49805E-009
    3076  0.58956E-009
    3077  0.69355E-009
    3078  0.80656E-009
    3079  0.92542E-009
    3080  0.10473E-008
    3081  0.11701E-008
    3082  0.12919E-008
    3083  0.14115E-008
    3084  0.15283E-008
    3085  0.16416E-008
    3086  0.17512E-008
    3087  0.18572E-008
    3088  0.19596E-008
    3089  0.26923E-009
    3090  0.27832E-009
    3091  0.29342E-009
    3092  0.31424E-009
    3093  0.34064E-009
    3094  0.37223E-009
    3095  0.40872E-009
    3096  0.44969E-009
    3097  0.49473E-009
    3098  0.54340E-009
    3099  0.59524E-009
    3100  0.64982E-009
    3101  0.70668E-009
    3102  0.76541E-009
    3103  0.82560E-009
    3104  0.88689E-009
    3105  0.94892E-009
    3106  0.10114E-008
    3107  0.10741E-008
    3108  0.11367E-008
    3109  0.11990E-008
    3110  0.12609E-008
    3111  0.13221E-008
    3112  0.13828E-008
    3113  0.14426E-008
    3114  0.15016E-008
    3115  0.15596E-008
    3116  0.16168E-008
    3117  0.16730E-008
    3118  0.17282E-008
    3119  0.17825E-008
    3120  0.18358E-008
    3121  0.18881E-008
    3122  0.19396E-008
    3123  0.19901E-008
    3124  0.22997E-009
    3125  0.26669E-009
    3126  0.32598E-009
    3127  0.40515E-009
    3128  0.50089E-009
    3129  0.60957E-009
    3130  0.72756E-009
    3131  0.85148E-009
    3132  0.97841E-009
    3133  0.11060E-008
    3134  0.12324E-008
    3135  0.13564E-008
    3136  0.14771E-008
    3137  0.15941E-008
    3138  0.17071E-008
    3139  0.18161E-008
    3140  0.19213E-008
    3141  0.17646E-009
    3142  0.18595E-009
    3143  0.20169E-009
    3144  0.22342E-009
    3145  0.25094E-009
    3146  0.28389E-009
    3147  0.32193E-009
    3148  0.36462E-009
    3149  0.41155E-009
    3150  0.46223E-009
    3151  0.51620E-009
    3152  0.57299E-009
    3153  0.63212E-009
    3154  0.69316E-009
    3155  0.75568E-009
    3156  0.81932E-009
    3157  0.88367E-009
    3158  0.94846E-009
    3159  0.10134E-008
    3160  0.10782E-008
    3161  0.11426E-008
    3162  0.12066E-008
    3163  0.12699E-008
    3164  0.13325E-008
    3165  0.13942E-008
    3166  0.14549E-008
    3167  0.15147E-008
    3168  0.15735E-008
    3169  0.16313E-008
    3170  0.16880E-008
    3171  0.17437E-008
    3172  0.17984E-008
    3173  0.18521E-008
    3174  0.19048E-008
    3175  0.19565E-008
    3176  0.14652E-009
    3177  0.18466E-009
    3178  0.24620E-009
    3179  0.32835E-009
    3180  0.42764E-009
    3181  0.54026E-009
    3182  0.66241E-009
    3183  0.79057E-009
    3184  0.92170E-009
    3185  0.10533E-008
    3186  0.11836E-008
    3187  0.13112E-008
    3188  0.14352E-008
    3189  0.15552E-008
    3190  0.16710E-008
    3191  0.17826E-008
    3192  0.18901E-008
    3193  0.10208E-009
    3194  0.11189E-009
    3195  0.12816E-009
    3196  0.15062E-009
    3197  0.17906E-009
    3198  0.21310E-009
    3199  0.25241E-009
    3200  0.29650E-009
    3201  0.34496E-009
    3202  0.39727E-009
    3203  0.45296E-009
    3204  0.51154E-009
    3205  0.57251E-009
    3206  0.63543E-009
    3207  0.69984E-009
    3208  0.76537E-009
    3209  0.83160E-009
    3210  0.89825E-009
    3211  0.96498E-009
    3212  0.10316E-008
    3213  0.10978E-008
    3214  0.11634E-008
    3215  0.12284E-008
    3216  0.12925E-008
    3217  0.13557E-008
    3218  0.14179E-008
    3219  0.14791E-008
    3220  0.15392E-008
    3221  0.15982E-008
    3222  0.16562E-008
    3223  0.17130E-008
    3224  0.17688E-008
    3225  0.18236E-008
    3226  0.18773E-008
    3227  0.19299E-008
    3228  0.82250E-010
    3229  0.12149E-009
    3230  0.18479E-009
    3231  0.26926E-009
    3232  0.37131E-009
    3233  0.48699E-009
    3234  0.61238E-009
    3235  0.74384E-009
    3236  0.87823E-009
    3237  0.10130E-008
    3238  0.11462E-008
    3239  0.12766E-008
    3240  0.14032E-008
    3241  0.15256E-008
    3242  0.16435E-008
    3243  0.17571E-008
    3244  0.18663E-008
    3245  0.47712E-010
    3246  0.57758E-010
    3247  0.74424E-010
    3248  0.97418E-010
    3249  0.12655E-009
    3250  0.16139E-009
    3251  0.20163E-009
    3252  0.24675E-009
    3253  0.29634E-009
    3254  0.34986E-009
    3255  0.40682E-009
    3256  0.46672E-009
    3257  0.52904E-009
    3258  0.59335E-009
    3259  0.65915E-009
    3260  0.72607E-009
    3261  0.79369E-009
    3262  0.86170E-009
    3263  0.92977E-009
    3264  0.99768E-009
    3265  0.10652E-008
    3266  0.11321E-008
    3267  0.11982E-008
    3268  0.12635E-008
    3269  0.13278E-008
    3270  0.13911E-008
    3271  0.14532E-008
    3272  0.15143E-008
    3273  0.15743E-008
    3274  0.16331E-008
    3275  0.16908E-008
    3276  0.17474E-008
    3277  0.18029E-008
    3278  0.18573E-008
    3279  0.19107E-008
    3280  0.38573E-010
    3281  0.78566E-010
    3282  0.14307E-009
    3283  0.22913E-009
    3284  0.33306E-009
    3285  0.45084E-009
    3286  0.57845E-009
    3287  0.71217E-009
    3288  0.84878E-009
    3289  0.98570E-009
    3290  0.11210E-008
    3291  0.12532E-008
    3292  0.13816E-008
    3293  0.15056E-008
    3294  0.16250E-008
    3295  0.17399E-008
    3296  0.18503E-008
    3297  0.14587E-010
    3298  0.24778E-010
    3299  0.41684E-010
    3300  0.65009E-010
    3301  0.94554E-010
    3302  0.12990E-009
    3303  0.17070E-009
    3304  0.21646E-009
    3305  0.26673E-009
    3306  0.32099E-009
    3307  0.37873E-009
    3308  0.43944E-009
    3309  0.50260E-009
    3310  0.56775E-009
    3311  0.63440E-009
    3312  0.70218E-009
    3313  0.77064E-009
    3314  0.83950E-009
    3315  0.90839E-009
    3316  0.97709E-009
    3317  0.10453E-008
    3318  0.11130E-008
    3319  0.11799E-008
    3320  0.12458E-008
    3321  0.13108E-008
    3322  0.13748E-008
    3323  0.14376E-008
    3324  0.14993E-008
    3325  0.15598E-008
    3326  0.16192E-008
    3327  0.16774E-008
    3328  0.17345E-008
    3329  0.17904E-008
    3330  0.18453E-008
    3331  0.18991E-008
    3332  0.16481E-010
    3333  0.56856E-010
    3334  0.12198E-009
    3335  0.20884E-009
    3336  0.31373E-009
    3337  0.43258E-009
    3338  0.56131E-009
    3339  0.69617E-009
    3340  0.83391E-009
    3341  0.97192E-009
    3342  0.11082E-008
    3343  0.12414E-008
    3344  0.13707E-008
    3345  0.14955E-008
    3346  0.16156E-008
    3347  0.17312E-008
    3348  0.18423E-008
