       1  0.26026E-008
      20  0.14915E-008
      21  0.14925E-008
      22  0.14955E-008
      23  0.15006E-008
      24  0.15077E-008
      25  0.15168E-008
      26  0.15278E-008
      27  0.15408E-008
      28  0.15556E-008
      29  0.15723E-008
      30  0.15907E-008
      31  0.16108E-008
      32  0.16326E-008
      33  0.16559E-008
      34  0.16808E-008
      35  0.17070E-008
      36  0.17347E-008
      37  0.17635E-008
      38  0.17936E-008
      39  0.18248E-008
      40  0.18570E-008
      41  0.18902E-008
      42  0.19242E-008
      43  0.19590E-008
      44  0.19945E-008
      45  0.20306E-008
      46  0.20673E-008
      47  0.21044E-008
      48  0.21420E-008
      49  0.21799E-008
      50  0.22181E-008
      51  0.22565E-008
      52  0.22950E-008
      53  0.23336E-008
      54  0.23723E-008
      55  0.24109E-008
      56  0.24495E-008
      57  0.24881E-008
      58  0.25264E-008
      59  0.25646E-008
     641   0.0000     
     659  0.22340E-008
     660  0.25804E-011
     661  0.10284E-010
     662  0.23087E-010
     663  0.40892E-010
     664  0.63615E-010
     665  0.91105E-010
     666  0.12322E-009
     667  0.15977E-009
     668  0.20055E-009
     669  0.24533E-009
     670  0.29389E-009
     671  0.34595E-009
     672  0.40127E-009
     673  0.45955E-009
     674  0.52052E-009
     675  0.58390E-009
     676  0.64940E-009
     677  0.71675E-009
     678  0.78565E-009
     679  0.85586E-009
     680  0.92709E-009
     681  0.99911E-009
     682  0.10717E-008
     683  0.11446E-008
     684  0.12176E-008
     685  0.12905E-008
     686  0.13632E-008
     687  0.14354E-008
     688  0.15071E-008
     689  0.15781E-008
     690  0.16483E-008
     691  0.17176E-008
     692  0.17859E-008
     693  0.18533E-008
     694  0.19195E-008
     695  0.19846E-008
     696  0.20486E-008
     697  0.21115E-008
     698  0.21733E-008
    2274  0.14494E-008
    2275  0.14066E-008
    2276  0.13630E-008
    2277  0.13187E-008
    2278  0.12736E-008
    2279  0.12278E-008
    2280  0.11811E-008
    2281  0.11337E-008
    2282  0.10854E-008
    2283  0.10365E-008
    2284  0.98677E-009
    2285  0.93638E-009
    2286  0.88536E-009
    2287  0.83378E-009
    2288  0.78174E-009
    2289  0.72937E-009
    2290  0.67678E-009
    2291  0.62418E-009
    2292  0.57173E-009
    2293  0.51969E-009
    2294  0.46829E-009
    2295  0.41784E-009
    2296  0.36863E-009
    2297  0.32100E-009
    2298  0.27530E-009
    2299  0.23190E-009
    2300  0.19117E-009
    2301  0.15348E-009
    2302  0.11921E-009
    2303  0.88690E-010
    2304  0.62269E-010
    2305  0.40201E-010
    2306  0.22787E-010
    2307  0.10172E-010
    2308  0.25676E-011
    2309  0.22344E-008
    2310  0.22355E-008
    2311  0.22376E-008
    2312  0.22405E-008
    2313  0.22441E-008
    2314  0.22485E-008
    2315  0.22536E-008
    2316  0.22595E-008
    2317  0.22660E-008
    2318  0.22733E-008
    2319  0.22811E-008
    2320  0.22896E-008
    2321  0.22986E-008
    2322  0.23082E-008
    2323  0.23183E-008
    2324  0.23288E-008
    2325  0.23398E-008
    2326  0.23512E-008
    2327  0.23631E-008
    2328  0.23752E-008
    2329  0.23877E-008
    2330  0.24005E-008
    2331  0.24136E-008
    2332  0.24270E-008
    2333  0.24406E-008
    2334  0.24545E-008
    2335  0.24686E-008
    2336  0.24828E-008
    2337  0.24973E-008
    2338  0.25119E-008
    2339  0.25267E-008
    2340  0.25416E-008
    2341  0.25567E-008
    2342  0.25719E-008
    2343  0.25872E-008
    2344  0.21751E-008
    2345  0.21804E-008
    2346  0.21892E-008
    2347  0.22012E-008
    2348  0.22162E-008
    2349  0.22339E-008
    2350  0.22539E-008
    2351  0.22761E-008
    2352  0.23001E-008
    2353  0.23257E-008
    2354  0.23526E-008
    2355  0.23806E-008
    2356  0.24096E-008
    2357  0.24394E-008
    2358  0.24699E-008
    2359  0.25010E-008
    2360  0.25326E-008
    2361  0.21120E-008
    2362  0.21134E-008
    2363  0.21159E-008
    2364  0.21193E-008
    2365  0.21236E-008
    2366  0.21288E-008
    2367  0.21349E-008
    2368  0.21418E-008
    2369  0.21496E-008
    2370  0.21581E-008
    2371  0.21673E-008
    2372  0.21771E-008
    2373  0.21877E-008
    2374  0.21988E-008
    2375  0.22104E-008
    2376  0.22225E-008
    2377  0.22351E-008
    2378  0.22482E-008
    2379  0.22616E-008
    2380  0.22754E-008
    2381  0.22895E-008
    2382  0.23040E-008
    2383  0.23187E-008
    2384  0.23336E-008
    2385  0.23488E-008
    2386  0.23642E-008
    2387  0.23798E-008
    2388  0.23956E-008
    2389  0.24115E-008
    2390  0.24276E-008
    2391  0.24438E-008
    2392  0.24601E-008
    2393  0.24765E-008
    2394  0.24931E-008
    2395  0.25097E-008
    2396  0.20507E-008
    2397  0.20571E-008
    2398  0.20674E-008
    2399  0.20815E-008
    2400  0.20990E-008
    2401  0.21195E-008
    2402  0.21427E-008
    2403  0.21682E-008
    2404  0.21955E-008
    2405  0.22245E-008
    2406  0.22548E-008
    2407  0.22861E-008
    2408  0.23184E-008
    2409  0.23513E-008
    2410  0.23849E-008
    2411  0.24189E-008
    2412  0.24533E-008
    2413  0.19852E-008
    2414  0.19869E-008
    2415  0.19898E-008
    2416  0.19937E-008
    2417  0.19988E-008
    2418  0.20049E-008
    2419  0.20120E-008
    2420  0.20201E-008
    2421  0.20291E-008
    2422  0.20389E-008
    2423  0.20496E-008
    2424  0.20610E-008
    2425  0.20731E-008
    2426  0.20858E-008
    2427  0.20992E-008
    2428  0.21130E-008
    2429  0.21274E-008
    2430  0.21422E-008
    2431  0.21574E-008
    2432  0.21729E-008
    2433  0.21888E-008
    2434  0.22050E-008
    2435  0.22214E-008
    2436  0.22381E-008
    2437  0.22550E-008
    2438  0.22721E-008
    2439  0.22893E-008
    2440  0.23067E-008
    2441  0.23242E-008
    2442  0.23419E-008
    2443  0.23596E-008
    2444  0.23775E-008
    2445  0.23954E-008
    2446  0.24134E-008
    2447  0.24314E-008
    2448  0.19220E-008
    2449  0.19293E-008
    2450  0.19413E-008
    2451  0.19577E-008
    2452  0.19779E-008
    2453  0.20015E-008
    2454  0.20281E-008
    2455  0.20571E-008
    2456  0.20882E-008
    2457  0.21208E-008
    2458  0.21547E-008
    2459  0.21897E-008
    2460  0.22254E-008
    2461  0.22618E-008
    2462  0.22986E-008
    2463  0.23358E-008
    2464  0.23733E-008
    2465  0.18539E-008
    2466  0.18559E-008
    2467  0.18592E-008
    2468  0.18638E-008
    2469  0.18697E-008
    2470  0.18767E-008
    2471  0.18850E-008
    2472  0.18943E-008
    2473  0.19046E-008
    2474  0.19160E-008
    2475  0.19282E-008
    2476  0.19413E-008
    2477  0.19551E-008
    2478  0.19696E-008
    2479  0.19848E-008
    2480  0.20006E-008
    2481  0.20168E-008
    2482  0.20335E-008
    2483  0.20507E-008
    2484  0.20681E-008
    2485  0.20859E-008
    2486  0.21040E-008
    2487  0.21223E-008
    2488  0.21409E-008
    2489  0.21596E-008
    2490  0.21785E-008
    2491  0.21975E-008
    2492  0.22166E-008
    2493  0.22359E-008
    2494  0.22552E-008
    2495  0.22746E-008
    2496  0.22941E-008
    2497  0.23136E-008
    2498  0.23331E-008
    2499  0.23527E-008
    2500  0.17888E-008
    2501  0.17973E-008
    2502  0.18111E-008
    2503  0.18299E-008
    2504  0.18531E-008
    2505  0.18802E-008
    2506  0.19104E-008
    2507  0.19433E-008
    2508  0.19783E-008
    2509  0.20150E-008
    2510  0.20529E-008
    2511  0.20917E-008
    2512  0.21313E-008
    2513  0.21713E-008
    2514  0.22116E-008
    2515  0.22522E-008
    2516  0.22929E-008
    2517  0.17184E-008
    2518  0.17207E-008
    2519  0.17245E-008
    2520  0.17298E-008
    2521  0.17365E-008
    2522  0.17446E-008
    2523  0.17540E-008
    2524  0.17647E-008
    2525  0.17766E-008
    2526  0.17895E-008
    2527  0.18035E-008
    2528  0.18183E-008
    2529  0.18341E-008
    2530  0.18506E-008
    2531  0.18677E-008
    2532  0.18855E-008
    2533  0.19039E-008
    2534  0.19227E-008
    2535  0.19419E-008
    2536  0.19614E-008
    2537  0.19813E-008
    2538  0.20014E-008
    2539  0.20218E-008
    2540  0.20423E-008
    2541  0.20630E-008
    2542  0.20838E-008
    2543  0.21048E-008
    2544  0.21258E-008
    2545  0.21468E-008
    2546  0.21680E-008
    2547  0.21891E-008
    2548  0.22103E-008
    2549  0.22315E-008
    2550  0.22527E-008
    2551  0.22738E-008
    2552  0.16516E-008
    2553  0.16613E-008
    2554  0.16772E-008
    2555  0.16986E-008
    2556  0.17251E-008
    2557  0.17558E-008
    2558  0.17901E-008
    2559  0.18272E-008
    2560  0.18665E-008
    2561  0.19075E-008
    2562  0.19497E-008
    2563  0.19927E-008
    2564  0.20363E-008
    2565  0.20802E-008
    2566  0.21243E-008
    2567  0.21684E-008
    2568  0.22125E-008
    2569  0.15790E-008
    2570  0.15816E-008
    2571  0.15860E-008
    2572  0.15920E-008
    2573  0.15997E-008
    2574  0.16089E-008
    2575  0.16197E-008
    2576  0.16318E-008
    2577  0.16453E-008
    2578  0.16600E-008
    2579  0.16759E-008
    2580  0.16927E-008
    2581  0.17105E-008
    2582  0.17291E-008
    2583  0.17485E-008
    2584  0.17685E-008
    2585  0.17890E-008
    2586  0.18101E-008
    2587  0.18315E-008
    2588  0.18533E-008
    2589  0.18754E-008
    2590  0.18977E-008
    2591  0.19203E-008
    2592  0.19429E-008
    2593  0.19657E-008
    2594  0.19886E-008
    2595  0.20116E-008
    2596  0.20346E-008
    2597  0.20576E-008
    2598  0.20806E-008
    2599  0.21036E-008
    2600  0.21266E-008
    2601  0.21495E-008
    2602  0.21724E-008
    2603  0.21953E-008
    2604  0.15108E-008
    2605  0.15219E-008
    2606  0.15400E-008
    2607  0.15644E-008
    2608  0.15944E-008
    2609  0.16291E-008
    2610  0.16677E-008
    2611  0.17094E-008
    2612  0.17533E-008
    2613  0.17989E-008
    2614  0.18457E-008
    2615  0.18931E-008
    2616  0.19410E-008
    2617  0.19890E-008
    2618  0.20370E-008
    2619  0.20849E-008
    2620  0.21325E-008
    2621  0.14364E-008
    2622  0.14394E-008
    2623  0.14443E-008
    2624  0.14512E-008
    2625  0.14599E-008
    2626  0.14704E-008
    2627  0.14826E-008
    2628  0.14964E-008
    2629  0.15116E-008
    2630  0.15282E-008
    2631  0.15461E-008
    2632  0.15651E-008
    2633  0.15851E-008
    2634  0.16060E-008
    2635  0.16277E-008
    2636  0.16500E-008
    2637  0.16730E-008
    2638  0.16964E-008
    2639  0.17203E-008
    2640  0.17444E-008
    2641  0.17689E-008
    2642  0.17936E-008
    2643  0.18184E-008
    2644  0.18434E-008
    2645  0.18684E-008
    2646  0.18934E-008
    2647  0.19185E-008
    2648  0.19436E-008
    2649  0.19686E-008
    2650  0.19936E-008
    2651  0.20186E-008
    2652  0.20434E-008
    2653  0.20682E-008
    2654  0.20929E-008
    2655  0.21175E-008
    2656  0.13674E-008
    2657  0.13800E-008
    2658  0.14004E-008
    2659  0.14279E-008
    2660  0.14617E-008
    2661  0.15008E-008
    2662  0.15440E-008
    2663  0.15905E-008
    2664  0.16394E-008
    2665  0.16900E-008
    2666  0.17415E-008
    2667  0.17937E-008
    2668  0.18461E-008
    2669  0.18984E-008
    2670  0.19505E-008
    2671  0.20023E-008
    2672  0.20536E-008
    2673  0.12916E-008
    2674  0.12950E-008
    2675  0.13006E-008
    2676  0.13083E-008
    2677  0.13182E-008
    2678  0.13300E-008
    2679  0.13437E-008
    2680  0.13592E-008
    2681  0.13763E-008
    2682  0.13950E-008
    2683  0.14150E-008
    2684  0.14363E-008
    2685  0.14587E-008
    2686  0.14820E-008
    2687  0.15061E-008
    2688  0.15310E-008
    2689  0.15565E-008
    2690  0.15825E-008
    2691  0.16089E-008
    2692  0.16356E-008
    2693  0.16625E-008
    2694  0.16897E-008
    2695  0.17169E-008
    2696  0.17443E-008
    2697  0.17716E-008
    2698  0.17990E-008
    2699  0.18263E-008
    2700  0.18535E-008
    2701  0.18807E-008
    2702  0.19077E-008
    2703  0.19347E-008
    2704  0.19615E-008
    2705  0.19881E-008
    2706  0.20147E-008
    2707  0.20411E-008
    2708  0.12223E-008
    2709  0.12365E-008
    2710  0.12594E-008
    2711  0.12903E-008
    2712  0.13282E-008
    2713  0.13718E-008
    2714  0.14200E-008
    2715  0.14716E-008
    2716  0.15257E-008
    2717  0.15814E-008
    2718  0.16381E-008
    2719  0.16951E-008
    2720  0.17522E-008
    2721  0.18090E-008
    2722  0.18653E-008
    2723  0.19211E-008
    2724  0.19762E-008
    2725  0.11458E-008
    2726  0.11496E-008
    2727  0.11559E-008
    2728  0.11646E-008
    2729  0.11756E-008
    2730  0.11888E-008
    2731  0.12042E-008
    2732  0.12215E-008
    2733  0.12406E-008
    2734  0.12614E-008
    2735  0.12838E-008
    2736  0.13074E-008
    2737  0.13323E-008
    2738  0.13582E-008
    2739  0.13849E-008
    2740  0.14125E-008
    2741  0.14406E-008
    2742  0.14693E-008
    2743  0.14983E-008
    2744  0.15276E-008
    2745  0.15572E-008
    2746  0.15869E-008
    2747  0.16167E-008
    2748  0.16464E-008
    2749  0.16762E-008
    2750  0.17059E-008
    2751  0.17355E-008
    2752  0.17650E-008
    2753  0.17943E-008
    2754  0.18235E-008
    2755  0.18525E-008
    2756  0.18813E-008
    2757  0.19099E-008
    2758  0.19383E-008
    2759  0.19665E-008
    2760  0.10770E-008
    2761  0.10928E-008
    2762  0.11184E-008
    2763  0.11529E-008
    2764  0.11950E-008
    2765  0.12434E-008
    2766  0.12967E-008
    2767  0.13537E-008
    2768  0.14132E-008
    2769  0.14743E-008
    2770  0.15362E-008
    2771  0.15983E-008
    2772  0.16602E-008
    2773  0.17216E-008
    2774  0.17822E-008
    2775  0.18420E-008
    2776  0.19010E-008
    2777  0.10005E-008
    2778  0.10047E-008
    2779  0.10117E-008
    2780  0.10214E-008
    2781  0.10336E-008
    2782  0.10483E-008
    2783  0.10654E-008
    2784  0.10846E-008
    2785  0.11058E-008
    2786  0.11289E-008
    2787  0.11536E-008
    2788  0.11798E-008
    2789  0.12072E-008
    2790  0.12358E-008
    2791  0.12652E-008
    2792  0.12955E-008
    2793  0.13264E-008
    2794  0.13578E-008
    2795  0.13896E-008
    2796  0.14216E-008
    2797  0.14539E-008
    2798  0.14862E-008
    2799  0.15185E-008
    2800  0.15508E-008
    2801  0.15830E-008
    2802  0.16151E-008
    2803  0.16471E-008
    2804  0.16788E-008
    2805  0.17104E-008
    2806  0.17417E-008
    2807  0.17727E-008
    2808  0.18035E-008
    2809  0.18341E-008
    2810  0.18644E-008
    2811  0.18944E-008
    2812  0.93300E-009
    2813  0.95050E-009
    2814  0.97886E-009
    2815  0.10170E-008
    2816  0.10635E-008
    2817  0.11168E-008
    2818  0.11755E-008
    2819  0.12380E-008
    2820  0.13031E-008
    2821  0.13697E-008
    2822  0.14369E-008
    2823  0.15041E-008
    2824  0.15709E-008
    2825  0.16369E-008
    2826  0.17019E-008
    2827  0.17658E-008
    2828  0.18286E-008
    2829  0.85742E-009
    2830  0.86206E-009
    2831  0.86977E-009
    2832  0.88043E-009
    2833  0.89396E-009
    2834  0.91019E-009
    2835  0.92899E-009
    2836  0.95017E-009
    2837  0.97354E-009
    2838  0.99890E-009
    2839  0.10260E-008
    2840  0.10548E-008
    2841  0.10848E-008
    2842  0.11161E-008
    2843  0.11484E-008
    2844  0.11814E-008
    2845  0.12151E-008
    2846  0.12493E-008
    2847  0.12839E-008
    2848  0.13187E-008
    2849  0.13536E-008
    2850  0.13886E-008
    2851  0.14235E-008
    2852  0.14584E-008
    2853  0.14931E-008
    2854  0.15276E-008
    2855  0.15618E-008
    2856  0.15959E-008
    2857  0.16296E-008
    2858  0.16630E-008
    2859  0.16962E-008
    2860  0.17290E-008
    2861  0.17615E-008
    2862  0.17936E-008
    2863  0.18255E-008
    2864  0.79216E-009
    2865  0.81140E-009
    2866  0.84256E-009
    2867  0.88441E-009
    2868  0.93538E-009
    2869  0.99376E-009
    2870  0.10578E-008
    2871  0.11259E-008
    2872  0.11966E-008
    2873  0.12687E-008
    2874  0.13413E-008
    2875  0.14137E-008
    2876  0.14853E-008
    2877  0.15559E-008
    2878  0.16252E-008
    2879  0.16931E-008
    2880  0.17597E-008
    2881  0.71846E-009
    2882  0.72355E-009
    2883  0.73199E-009
    2884  0.74366E-009
    2885  0.75847E-009
    2886  0.77623E-009
    2887  0.79680E-009
    2888  0.81994E-009
    2889  0.84547E-009
    2890  0.87315E-009
    2891  0.90274E-009
    2892  0.93403E-009
    2893  0.96678E-009
    2894  0.10008E-008
    2895  0.10358E-008
    2896  0.10716E-008
    2897  0.11081E-008
    2898  0.11451E-008
    2899  0.11824E-008
    2900  0.12200E-008
    2901  0.12576E-008
    2902  0.12952E-008
    2903  0.13328E-008
    2904  0.13701E-008
    2905  0.14073E-008
    2906  0.14442E-008
    2907  0.14808E-008
    2908  0.15170E-008
    2909  0.15529E-008
    2910  0.15885E-008
    2911  0.16236E-008
    2912  0.16584E-008
    2913  0.16928E-008
    2914  0.17268E-008
    2915  0.17604E-008
    2916  0.65650E-009
    2917  0.67748E-009
    2918  0.71145E-009
    2919  0.75701E-009
    2920  0.81243E-009
    2921  0.87581E-009
    2922  0.94520E-009
    2923  0.10188E-008
    2924  0.10951E-008
    2925  0.11727E-008
    2926  0.12505E-008
    2927  0.13279E-008
    2928  0.14043E-008
    2929  0.14794E-008
    2930  0.15529E-008
    2931  0.16248E-008
    2932  0.16950E-008
    2933  0.58577E-009
    2934  0.59129E-009
    2935  0.60046E-009
    2936  0.61313E-009
    2937  0.62921E-009
    2938  0.64848E-009
    2939  0.67078E-009
    2940  0.69587E-009
    2941  0.72352E-009
    2942  0.75348E-009
    2943  0.78549E-009
    2944  0.81931E-009
    2945  0.85467E-009
    2946  0.89133E-009
    2947  0.92906E-009
    2948  0.96766E-009
    2949  0.10069E-008
    2950  0.10466E-008
    2951  0.10867E-008
    2952  0.11269E-008
    2953  0.11671E-008
    2954  0.12073E-008
    2955  0.12474E-008
    2956  0.12872E-008
    2957  0.13267E-008
    2958  0.13659E-008
    2959  0.14047E-008
    2960  0.14432E-008
    2961  0.14812E-008
    2962  0.15187E-008
    2963  0.15559E-008
    2964  0.15925E-008
    2965  0.16287E-008
    2966  0.16645E-008
    2967  0.16998E-008
    2968  0.52820E-009
    2969  0.55088E-009
    2970  0.58758E-009
    2971  0.63677E-009
    2972  0.69653E-009
    2973  0.76476E-009
    2974  0.83936E-009
    2975  0.91835E-009
    2976  0.99998E-009
    2977  0.10828E-008
    2978  0.11658E-008
    2979  0.12481E-008
    2980  0.13291E-008
    2981  0.14084E-008
    2982  0.14860E-008
    2983  0.15616E-008
    2984  0.16353E-008
    2985  0.46156E-009
    2986  0.46750E-009
    2987  0.47738E-009
    2988  0.49101E-009
    2989  0.50830E-009
    2990  0.52903E-009
    2991  0.55301E-009
    2992  0.57996E-009
    2993  0.60966E-009
    2994  0.64182E-009
    2995  0.67616E-009
    2996  0.71240E-009
    2997  0.75027E-009
    2998  0.78950E-009
    2999  0.82984E-009
    3000  0.87107E-009
    3001  0.91294E-009
    3002  0.95529E-009
    3003  0.99791E-009
    3004  0.10407E-008
    3005  0.10834E-008
    3006  0.11261E-008
    3007  0.11685E-008
    3008  0.12107E-008
    3009  0.12525E-008
    3010  0.12939E-008
    3011  0.13348E-008
    3012  0.13753E-008
    3013  0.14153E-008
    3014  0.14547E-008
    3015  0.14937E-008
    3016  0.15321E-008
    3017  0.15701E-008
    3018  0.16075E-008
    3019  0.16444E-008
    3020  0.40949E-009
    3021  0.43380E-009
    3022  0.47309E-009
    3023  0.52572E-009
    3024  0.58960E-009
    3025  0.66245E-009
    3026  0.74197E-009
    3027  0.82603E-009
    3028  0.91275E-009
    3029  0.10006E-008
    3030  0.10884E-008
    3031  0.11752E-008
    3032  0.12605E-008
    3033  0.13439E-008
    3034  0.14251E-008
    3035  0.15043E-008
    3036  0.15812E-008
    3037  0.34810E-009
    3038  0.35444E-009
    3039  0.36497E-009
    3040  0.37951E-009
    3041  0.39794E-009
    3042  0.42003E-009
    3043  0.44557E-009
    3044  0.47428E-009
    3045  0.50589E-009
    3046  0.54010E-009
    3047  0.57662E-009
    3048  0.61513E-009
    3049  0.65534E-009
    3050  0.69697E-009
    3051  0.73975E-009
    3052  0.78342E-009
    3053  0.82774E-009
    3054  0.87253E-009
    3055  0.91756E-009
    3056  0.96270E-009
    3057  0.10078E-008
    3058  0.10527E-008
    3059  0.10974E-008
    3060  0.11417E-008
    3061  0.11856E-008
    3062  0.12290E-008
    3063  0.12719E-008
    3064  0.13142E-008
    3065  0.13561E-008
    3066  0.13973E-008
    3067  0.14379E-008
    3068  0.14780E-008
    3069  0.15175E-008
    3070  0.15564E-008
    3071  0.15948E-008
    3072  0.30262E-009
    3073  0.32842E-009
    3074  0.37011E-009
    3075  0.42590E-009
    3076  0.49357E-009
    3077  0.57066E-009
    3078  0.65472E-009
    3079  0.74343E-009
    3080  0.83480E-009
    3081  0.92720E-009
    3082  0.10193E-008
    3083  0.11103E-008
    3084  0.11995E-008
    3085  0.12866E-008
    3086  0.13713E-008
    3087  0.14535E-008
    3088  0.15334E-008
    3089  0.24760E-009
    3090  0.25430E-009
    3091  0.26542E-009
    3092  0.28078E-009
    3093  0.30024E-009
    3094  0.32356E-009
    3095  0.35053E-009
    3096  0.38082E-009
    3097  0.41416E-009
    3098  0.45023E-009
    3099  0.48870E-009
    3100  0.52926E-009
    3101  0.57159E-009
    3102  0.61539E-009
    3103  0.66035E-009
    3104  0.70623E-009
    3105  0.75276E-009
    3106  0.79974E-009
    3107  0.84694E-009
    3108  0.89421E-009
    3109  0.94139E-009
    3110  0.98836E-009
    3111  0.10350E-008
    3112  0.10812E-008
    3113  0.11270E-008
    3114  0.11722E-008
    3115  0.12169E-008
    3116  0.12609E-008
    3117  0.13044E-008
    3118  0.13472E-008
    3119  0.13893E-008
    3120  0.14308E-008
    3121  0.14717E-008
    3122  0.15120E-008
    3123  0.15517E-008
    3124  0.20973E-009
    3125  0.23684E-009
    3126  0.28066E-009
    3127  0.33926E-009
    3128  0.41029E-009
    3129  0.49113E-009
    3130  0.57918E-009
    3131  0.67201E-009
    3132  0.76749E-009
    3133  0.86390E-009
    3134  0.95990E-009
    3135  0.10545E-008
    3136  0.11472E-008
    3137  0.12374E-008
    3138  0.13251E-008
    3139  0.14101E-008
    3140  0.14925E-008
    3141  0.16213E-009
    3142  0.16915E-009
    3143  0.18078E-009
    3144  0.19684E-009
    3145  0.21721E-009
    3146  0.24159E-009
    3147  0.26978E-009
    3148  0.30144E-009
    3149  0.33628E-009
    3150  0.37395E-009
    3151  0.41412E-009
    3152  0.45645E-009
    3153  0.50060E-009
    3154  0.54627E-009
    3155  0.59312E-009
    3156  0.64091E-009
    3157  0.68934E-009
    3158  0.73820E-009
    3159  0.78727E-009
    3160  0.83638E-009
    3161  0.88535E-009
    3162  0.93408E-009
    3163  0.98242E-009
    3164  0.10303E-008
    3165  0.10777E-008
    3166  0.11245E-008
    3167  0.11706E-008
    3168  0.12161E-008
    3169  0.12609E-008
    3170  0.13051E-008
    3171  0.13485E-008
    3172  0.13913E-008
    3173  0.14334E-008
    3174  0.14748E-008
    3175  0.15155E-008
    3176  0.13278E-009
    3177  0.16101E-009
    3178  0.20660E-009
    3179  0.26757E-009
    3180  0.34142E-009
    3181  0.42541E-009
    3182  0.51682E-009
    3183  0.61310E-009
    3184  0.71202E-009
    3185  0.81179E-009
    3186  0.91102E-009
    3187  0.10087E-008
    3188  0.11042E-008
    3189  0.11971E-008
    3190  0.12872E-008
    3191  0.13745E-008
    3192  0.14590E-008
    3193  0.93558E-010
    3194  0.10082E-009
    3195  0.11288E-009
    3196  0.12952E-009
    3197  0.15060E-009
    3198  0.17586E-009
    3199  0.20504E-009
    3200  0.23781E-009
    3201  0.27387E-009
    3202  0.31284E-009
    3203  0.35439E-009
    3204  0.39816E-009
    3205  0.44380E-009
    3206  0.49098E-009
    3207  0.53937E-009
    3208  0.58870E-009
    3209  0.63867E-009
    3210  0.68906E-009
    3211  0.73964E-009
    3212  0.79024E-009
    3213  0.84066E-009
    3214  0.89081E-009
    3215  0.94054E-009
    3216  0.98977E-009
    3217  0.10384E-008
    3218  0.10865E-008
    3219  0.11338E-008
    3220  0.11805E-008
    3221  0.12264E-008
    3222  0.12716E-008
    3223  0.13161E-008
    3224  0.13599E-008
    3225  0.14029E-008
    3226  0.14453E-008
    3227  0.14869E-008
    3228  0.73469E-010
    3229  0.10256E-009
    3230  0.14955E-009
    3231  0.21236E-009
    3232  0.28840E-009
    3233  0.37486E-009
    3234  0.46888E-009
    3235  0.56784E-009
    3236  0.66945E-009
    3237  0.77183E-009
    3238  0.87356E-009
    3239  0.97361E-009
    3240  0.10713E-008
    3241  0.11663E-008
    3242  0.12583E-008
    3243  0.13474E-008
    3244  0.14335E-008
    3245  0.43408E-010
    3246  0.50859E-010
    3247  0.63220E-010
    3248  0.80285E-010
    3249  0.10191E-009
    3250  0.12781E-009
    3251  0.15773E-009
    3252  0.19132E-009
    3253  0.22827E-009
    3254  0.26821E-009
    3255  0.31078E-009
    3256  0.35561E-009
    3257  0.40234E-009
    3258  0.45064E-009
    3259  0.50016E-009
    3260  0.55063E-009
    3261  0.60173E-009
    3262  0.65326E-009
    3263  0.70495E-009
    3264  0.75664E-009
    3265  0.80814E-009
    3266  0.85933E-009
    3267  0.91007E-009
    3268  0.96029E-009
    3269  0.10099E-008
    3270  0.10589E-008
    3271  0.11071E-008
    3272  0.11546E-008
    3273  0.12014E-008
    3274  0.12474E-008
    3275  0.12926E-008
    3276  0.13371E-008
    3277  0.13809E-008
    3278  0.14239E-008
    3279  0.14662E-008
    3280  0.33142E-010
    3281  0.62831E-010
    3282  0.11077E-009
    3283  0.17484E-009
    3284  0.25240E-009
    3285  0.34053E-009
    3286  0.43635E-009
    3287  0.53715E-009
    3288  0.64058E-009
    3289  0.74475E-009
    3290  0.84819E-009
    3291  0.94987E-009
    3292  0.10491E-008
    3293  0.11455E-008
    3294  0.12388E-008
    3295  0.13291E-008
    3296  0.14163E-008
    3297  0.12838E-010
    3298  0.20404E-010
    3299  0.32955E-010
    3300  0.50281E-010
    3301  0.72238E-010
    3302  0.98526E-010
    3303  0.12890E-009
    3304  0.16300E-009
    3305  0.20050E-009
    3306  0.24103E-009
    3307  0.28422E-009
    3308  0.32970E-009
    3309  0.37710E-009
    3310  0.42608E-009
    3311  0.47630E-009
    3312  0.52747E-009
    3313  0.57927E-009
    3314  0.63148E-009
    3315  0.68385E-009
    3316  0.73622E-009
    3317  0.78837E-009
    3318  0.84020E-009
    3319  0.89156E-009
    3320  0.94239E-009
    3321  0.99258E-009
    3322  0.10421E-008
    3323  0.10909E-008
    3324  0.11389E-008
    3325  0.11862E-008
    3326  0.12327E-008
    3327  0.12784E-008
    3328  0.13233E-008
    3329  0.13675E-008
    3330  0.14109E-008
    3331  0.14536E-008
    3332  0.12739E-010
    3333  0.42730E-010
    3334  0.91157E-010
    3335  0.15587E-009
    3336  0.23419E-009
    3337  0.32318E-009
    3338  0.41991E-009
    3339  0.52164E-009
    3340  0.62601E-009
    3341  0.73108E-009
    3342  0.83539E-009
    3343  0.93789E-009
    3344  0.10379E-008
    3345  0.11350E-008
    3346  0.12290E-008
    3347  0.13199E-008
    3348  0.14077E-008
