
 LIST ALL SELECTED NODES.   DSYS=      0

 *** ANSYS - ENGINEERING ANALYSIS SYSTEM  RELEASE Release 19.2     19.2     ***
 ANSYS Mechanical Pro                              
 00203112  VERSION=WINDOWS x64   10:46:09  SEP 15, 2021 CP=     94.141

 HHLM Xtal: P=1.4E-02 W, Tf=80 K, W_FWHM=0.662, L_FWHM=1.84 mm, n_FWHM=3       



   NODE        X                   Y                   Z
        1   -2.76000000000         0.00000000000        -1.98535176053     
       20    0.00000000000         0.00000000000        -1.98535176053     
       21  -0.766666666667E-001    0.00000000000        -1.98535176053     
       22  -0.153333333333         0.00000000000        -1.98535176053     
       23  -0.230000000000         0.00000000000        -1.98535176053     
       24  -0.306666666667         0.00000000000        -1.98535176053     
       25  -0.383333333333         0.00000000000        -1.98535176053     
       26  -0.460000000000         0.00000000000        -1.98535176053     
       27  -0.536666666667         0.00000000000        -1.98535176053     
       28  -0.613333333333         0.00000000000        -1.98535176053     
       29  -0.690000000000         0.00000000000        -1.98535176053     
       30  -0.766666666667         0.00000000000        -1.98535176053     
       31  -0.843333333333         0.00000000000        -1.98535176053     
       32  -0.920000000000         0.00000000000        -1.98535176053     
       33  -0.996666666667         0.00000000000        -1.98535176053     
       34   -1.07333333333         0.00000000000        -1.98535176053     
       35   -1.15000000000         0.00000000000        -1.98535176053     
       36   -1.22666666667         0.00000000000        -1.98535176053     
       37   -1.30333333333         0.00000000000        -1.98535176053     
       38   -1.38000000000         0.00000000000        -1.98535176053     
       39   -1.45666666667         0.00000000000        -1.98535176053     
       40   -1.53333333333         0.00000000000        -1.98535176053     
       41   -1.61000000000         0.00000000000        -1.98535176053     
       42   -1.68666666667         0.00000000000        -1.98535176053     
       43   -1.76333333333         0.00000000000        -1.98535176053     
       44   -1.84000000000         0.00000000000        -1.98535176053     
       45   -1.91666666667         0.00000000000        -1.98535176053     
       46   -1.99333333333         0.00000000000        -1.98535176053     
       47   -2.07000000000         0.00000000000        -1.98535176053     
       48   -2.14666666667         0.00000000000        -1.98535176053     
       49   -2.22333333333         0.00000000000        -1.98535176053     
       50   -2.30000000000         0.00000000000        -1.98535176053     
       51   -2.37666666667         0.00000000000        -1.98535176053     
       52   -2.45333333333         0.00000000000        -1.98535176053     
       53   -2.53000000000         0.00000000000        -1.98535176053     
       54   -2.60666666667         0.00000000000        -1.98535176053     
       55   -2.68333333333         0.00000000000        -1.98535176053     
      579    0.00000000000         0.00000000000         0.00000000000     
      597   -2.76000000000         0.00000000000         0.00000000000     
      598  -0.766666666667E-001    0.00000000000         0.00000000000     
      599  -0.153333333333         0.00000000000         0.00000000000     
      600  -0.230000000000         0.00000000000         0.00000000000     
      601  -0.306666666667         0.00000000000         0.00000000000     
      602  -0.383333333333         0.00000000000         0.00000000000     
      603  -0.460000000000         0.00000000000         0.00000000000     
      604  -0.536666666667         0.00000000000         0.00000000000     
      605  -0.613333333333         0.00000000000         0.00000000000     
      606  -0.690000000000         0.00000000000         0.00000000000     
      607  -0.766666666667         0.00000000000         0.00000000000     
      608  -0.843333333333         0.00000000000         0.00000000000     
      609  -0.920000000000         0.00000000000         0.00000000000     
      610  -0.996666666667         0.00000000000         0.00000000000     
      611   -1.07333333333         0.00000000000         0.00000000000     
      612   -1.15000000000         0.00000000000         0.00000000000     
      613   -1.22666666667         0.00000000000         0.00000000000     
      614   -1.30333333333         0.00000000000         0.00000000000     
      615   -1.38000000000         0.00000000000         0.00000000000     
      616   -1.45666666667         0.00000000000         0.00000000000     
      617   -1.53333333333         0.00000000000         0.00000000000     
      618   -1.61000000000         0.00000000000         0.00000000000     
      619   -1.68666666667         0.00000000000         0.00000000000     
      620   -1.76333333333         0.00000000000         0.00000000000     
      621   -1.84000000000         0.00000000000         0.00000000000     
      622   -1.91666666667         0.00000000000         0.00000000000     
      623   -1.99333333333         0.00000000000         0.00000000000     
      624   -2.07000000000         0.00000000000         0.00000000000     
      625   -2.14666666667         0.00000000000         0.00000000000     
      626   -2.22333333333         0.00000000000         0.00000000000     
      627   -2.30000000000         0.00000000000         0.00000000000     
      628   -2.37666666667         0.00000000000         0.00000000000     
      629   -2.45333333333         0.00000000000         0.00000000000     
      630   -2.53000000000         0.00000000000         0.00000000000     
      631   -2.60666666667         0.00000000000         0.00000000000     
      632   -2.68333333333         0.00000000000         0.00000000000     
     2054    0.00000000000         0.00000000000        -1.93020310051     
     2055    0.00000000000         0.00000000000        -1.87505444050     
     2056    0.00000000000         0.00000000000        -1.81990578048     
     2057    0.00000000000         0.00000000000        -1.76475712047     
     2058    0.00000000000         0.00000000000        -1.70960846045     
     2059    0.00000000000         0.00000000000        -1.65445980044     
     2060    0.00000000000         0.00000000000        -1.59931114043     
     2061    0.00000000000         0.00000000000        -1.54416248041     
     2062    0.00000000000         0.00000000000        -1.48901382040     
     2063    0.00000000000         0.00000000000        -1.43386516038     
     2064    0.00000000000         0.00000000000        -1.37871650037     
     2065    0.00000000000         0.00000000000        -1.32356784035     
     2066    0.00000000000         0.00000000000        -1.26841918034     
     2067    0.00000000000         0.00000000000        -1.21327052032     
     2068    0.00000000000         0.00000000000        -1.15812186031     
     2069    0.00000000000         0.00000000000        -1.10297320029     
     2070    0.00000000000         0.00000000000        -1.04782454028     
     2071    0.00000000000         0.00000000000       -0.992675880264     
     2072    0.00000000000         0.00000000000       -0.937527220249     
     2073    0.00000000000         0.00000000000       -0.882378560235     
     2074    0.00000000000         0.00000000000       -0.827229900220     
     2075    0.00000000000         0.00000000000       -0.772081240205     
     2076    0.00000000000         0.00000000000       -0.716932580191     
     2077    0.00000000000         0.00000000000       -0.661783920176     
     2078    0.00000000000         0.00000000000       -0.606635260161     
     2079    0.00000000000         0.00000000000       -0.551486600147     
     2080    0.00000000000         0.00000000000       -0.496337940132     
     2081    0.00000000000         0.00000000000       -0.441189280117     
     2082    0.00000000000         0.00000000000       -0.386040620103     
     2083    0.00000000000         0.00000000000       -0.330891960088     
     2084    0.00000000000         0.00000000000       -0.275743300073     
     2085    0.00000000000         0.00000000000       -0.220594640059     
     2086    0.00000000000         0.00000000000       -0.165445980044     
     2087    0.00000000000         0.00000000000       -0.110297320029     
     2088    0.00000000000         0.00000000000       -0.551486600147E-001
     2089   -2.76000000000         0.00000000000       -0.551486600147E-001
     2090   -2.76000000000         0.00000000000       -0.110297320029     
     2091   -2.76000000000         0.00000000000       -0.165445980044     
     2092   -2.76000000000         0.00000000000       -0.220594640059     
     2093   -2.76000000000         0.00000000000       -0.275743300073     
     2094   -2.76000000000         0.00000000000       -0.330891960088     
     2095   -2.76000000000         0.00000000000       -0.386040620103     
     2096   -2.76000000000         0.00000000000       -0.441189280117     
     2097   -2.76000000000         0.00000000000       -0.496337940132     
     2098   -2.76000000000         0.00000000000       -0.551486600147     
     2099   -2.76000000000         0.00000000000       -0.606635260161     
     2100   -2.76000000000         0.00000000000       -0.661783920176     
     2101   -2.76000000000         0.00000000000       -0.716932580191     
     2102   -2.76000000000         0.00000000000       -0.772081240205     
     2103   -2.76000000000         0.00000000000       -0.827229900220     
     2104   -2.76000000000         0.00000000000       -0.882378560235     
     2105   -2.76000000000         0.00000000000       -0.937527220249     
     2106   -2.76000000000         0.00000000000       -0.992675880264     
     2107   -2.76000000000         0.00000000000        -1.04782454028     
     2108   -2.76000000000         0.00000000000        -1.10297320029     
     2109   -2.76000000000         0.00000000000        -1.15812186031     
     2110   -2.76000000000         0.00000000000        -1.21327052032     
     2111   -2.76000000000         0.00000000000        -1.26841918034     
     2112   -2.76000000000         0.00000000000        -1.32356784035     
     2113   -2.76000000000         0.00000000000        -1.37871650037     
     2114   -2.76000000000         0.00000000000        -1.43386516038     
     2115   -2.76000000000         0.00000000000        -1.48901382040     
     2116   -2.76000000000         0.00000000000        -1.54416248041     
     2117   -2.76000000000         0.00000000000        -1.59931114043     
     2118   -2.76000000000         0.00000000000        -1.65445980044     
     2119   -2.76000000000         0.00000000000        -1.70960846045     
     2120   -2.76000000000         0.00000000000        -1.76475712047     
     2121   -2.76000000000         0.00000000000        -1.81990578048     
     2122   -2.76000000000         0.00000000000        -1.87505444050     
     2123   -2.76000000000         0.00000000000        -1.93020310051     
     2124   -2.68333333333         0.00000000000       -0.110297320029     
     2125   -2.68333333333         0.00000000000       -0.220594640059     
     2126   -2.68333333333         0.00000000000       -0.330891960088     
     2127   -2.68333333333         0.00000000000       -0.441189280117     
     2128   -2.68333333333         0.00000000000       -0.551486600147     
     2129   -2.68333333333         0.00000000000       -0.661783920176     
     2130   -2.68333333333         0.00000000000       -0.772081240205     
     2131   -2.68333333333         0.00000000000       -0.882378560235     
     2132   -2.68333333333         0.00000000000       -0.992675880264     
     2133   -2.68333333333         0.00000000000        -1.10297320029     
     2134   -2.68333333333         0.00000000000        -1.21327052032     
     2135   -2.68333333333         0.00000000000        -1.32356784035     
     2136   -2.68333333333         0.00000000000        -1.43386516038     
     2137   -2.68333333333         0.00000000000        -1.54416248041     
     2138   -2.68333333333         0.00000000000        -1.65445980044     
     2139   -2.68333333333         0.00000000000        -1.76475712047     
     2140   -2.68333333333         0.00000000000        -1.87505444050     
     2141   -2.60666666667         0.00000000000       -0.551486600147E-001
     2142   -2.60666666667         0.00000000000       -0.110297320029     
     2143   -2.60666666667         0.00000000000       -0.165445980044     
     2144   -2.60666666667         0.00000000000       -0.220594640059     
     2145   -2.60666666667         0.00000000000       -0.275743300073     
     2146   -2.60666666667         0.00000000000       -0.330891960088     
     2147   -2.60666666667         0.00000000000       -0.386040620103     
     2148   -2.60666666667         0.00000000000       -0.441189280117     
     2149   -2.60666666667         0.00000000000       -0.496337940132     
     2150   -2.60666666667         0.00000000000       -0.551486600147     
     2151   -2.60666666667         0.00000000000       -0.606635260161     
     2152   -2.60666666667         0.00000000000       -0.661783920176     
     2153   -2.60666666667         0.00000000000       -0.716932580191     
     2154   -2.60666666667         0.00000000000       -0.772081240205     
     2155   -2.60666666667         0.00000000000       -0.827229900220     
     2156   -2.60666666667         0.00000000000       -0.882378560235     
     2157   -2.60666666667         0.00000000000       -0.937527220249     
     2158   -2.60666666667         0.00000000000       -0.992675880264     
     2159   -2.60666666667         0.00000000000        -1.04782454028     
     2160   -2.60666666667         0.00000000000        -1.10297320029     
     2161   -2.60666666667         0.00000000000        -1.15812186031     
     2162   -2.60666666667         0.00000000000        -1.21327052032     
     2163   -2.60666666667         0.00000000000        -1.26841918034     
     2164   -2.60666666667         0.00000000000        -1.32356784035     
     2165   -2.60666666667         0.00000000000        -1.37871650037     
     2166   -2.60666666667         0.00000000000        -1.43386516038     
     2167   -2.60666666667         0.00000000000        -1.48901382040     
     2168   -2.60666666667         0.00000000000        -1.54416248041     
     2169   -2.60666666667         0.00000000000        -1.59931114043     
     2170   -2.60666666667         0.00000000000        -1.65445980044     
     2171   -2.60666666667         0.00000000000        -1.70960846045     
     2172   -2.60666666667         0.00000000000        -1.76475712047     
     2173   -2.60666666667         0.00000000000        -1.81990578048     
     2174   -2.60666666667         0.00000000000        -1.87505444050     
     2175   -2.60666666667         0.00000000000        -1.93020310051     
     2176   -2.53000000000         0.00000000000       -0.110297320029     
     2177   -2.53000000000         0.00000000000       -0.220594640059     
     2178   -2.53000000000         0.00000000000       -0.330891960088     
     2179   -2.53000000000         0.00000000000       -0.441189280117     
     2180   -2.53000000000         0.00000000000       -0.551486600147     
     2181   -2.53000000000         0.00000000000       -0.661783920176     
     2182   -2.53000000000         0.00000000000       -0.772081240205     
     2183   -2.53000000000         0.00000000000       -0.882378560235     
     2184   -2.53000000000         0.00000000000       -0.992675880264     
     2185   -2.53000000000         0.00000000000        -1.10297320029     
     2186   -2.53000000000         0.00000000000        -1.21327052032     
     2187   -2.53000000000         0.00000000000        -1.32356784035     
     2188   -2.53000000000         0.00000000000        -1.43386516038     
     2189   -2.53000000000         0.00000000000        -1.54416248041     
     2190   -2.53000000000         0.00000000000        -1.65445980044     
     2191   -2.53000000000         0.00000000000        -1.76475712047     
     2192   -2.53000000000         0.00000000000        -1.87505444050     
     2193   -2.45333333333         0.00000000000       -0.551486600147E-001
     2194   -2.45333333333         0.00000000000       -0.110297320029     
     2195   -2.45333333333         0.00000000000       -0.165445980044     
     2196   -2.45333333333         0.00000000000       -0.220594640059     
     2197   -2.45333333333         0.00000000000       -0.275743300073     
     2198   -2.45333333333         0.00000000000       -0.330891960088     
     2199   -2.45333333333         0.00000000000       -0.386040620103     
     2200   -2.45333333333         0.00000000000       -0.441189280117     
     2201   -2.45333333333         0.00000000000       -0.496337940132     
     2202   -2.45333333333         0.00000000000       -0.551486600147     
     2203   -2.45333333333         0.00000000000       -0.606635260161     
     2204   -2.45333333333         0.00000000000       -0.661783920176     
     2205   -2.45333333333         0.00000000000       -0.716932580191     
     2206   -2.45333333333         0.00000000000       -0.772081240205     
     2207   -2.45333333333         0.00000000000       -0.827229900220     
     2208   -2.45333333333         0.00000000000       -0.882378560235     
     2209   -2.45333333333         0.00000000000       -0.937527220249     
     2210   -2.45333333333         0.00000000000       -0.992675880264     
     2211   -2.45333333333         0.00000000000        -1.04782454028     
     2212   -2.45333333333         0.00000000000        -1.10297320029     
     2213   -2.45333333333         0.00000000000        -1.15812186031     
     2214   -2.45333333333         0.00000000000        -1.21327052032     
     2215   -2.45333333333         0.00000000000        -1.26841918034     
     2216   -2.45333333333         0.00000000000        -1.32356784035     
     2217   -2.45333333333         0.00000000000        -1.37871650037     
     2218   -2.45333333333         0.00000000000        -1.43386516038     
     2219   -2.45333333333         0.00000000000        -1.48901382040     
     2220   -2.45333333333         0.00000000000        -1.54416248041     
     2221   -2.45333333333         0.00000000000        -1.59931114043     
     2222   -2.45333333333         0.00000000000        -1.65445980044     
     2223   -2.45333333333         0.00000000000        -1.70960846045     
     2224   -2.45333333333         0.00000000000        -1.76475712047     
     2225   -2.45333333333         0.00000000000        -1.81990578048     
     2226   -2.45333333333         0.00000000000        -1.87505444050     
     2227   -2.45333333333         0.00000000000        -1.93020310051     
     2228   -2.37666666667         0.00000000000       -0.110297320029     
     2229   -2.37666666667         0.00000000000       -0.220594640059     
     2230   -2.37666666667         0.00000000000       -0.330891960088     
     2231   -2.37666666667         0.00000000000       -0.441189280117     
     2232   -2.37666666667         0.00000000000       -0.551486600147     
     2233   -2.37666666667         0.00000000000       -0.661783920176     
     2234   -2.37666666667         0.00000000000       -0.772081240205     
     2235   -2.37666666667         0.00000000000       -0.882378560235     
     2236   -2.37666666667         0.00000000000       -0.992675880264     
     2237   -2.37666666667         0.00000000000        -1.10297320029     
     2238   -2.37666666667         0.00000000000        -1.21327052032     
     2239   -2.37666666667         0.00000000000        -1.32356784035     
     2240   -2.37666666667         0.00000000000        -1.43386516038     
     2241   -2.37666666667         0.00000000000        -1.54416248041     
     2242   -2.37666666667         0.00000000000        -1.65445980044     
     2243   -2.37666666667         0.00000000000        -1.76475712047     
     2244   -2.37666666667         0.00000000000        -1.87505444050     
     2245   -2.30000000000         0.00000000000       -0.551486600147E-001
     2246   -2.30000000000         0.00000000000       -0.110297320029     
     2247   -2.30000000000         0.00000000000       -0.165445980044     
     2248   -2.30000000000         0.00000000000       -0.220594640059     
     2249   -2.30000000000         0.00000000000       -0.275743300073     
     2250   -2.30000000000         0.00000000000       -0.330891960088     
     2251   -2.30000000000         0.00000000000       -0.386040620103     
     2252   -2.30000000000         0.00000000000       -0.441189280117     
     2253   -2.30000000000         0.00000000000       -0.496337940132     
     2254   -2.30000000000         0.00000000000       -0.551486600147     
     2255   -2.30000000000         0.00000000000       -0.606635260161     
     2256   -2.30000000000         0.00000000000       -0.661783920176     
     2257   -2.30000000000         0.00000000000       -0.716932580191     
     2258   -2.30000000000         0.00000000000       -0.772081240205     
     2259   -2.30000000000         0.00000000000       -0.827229900220     
     2260   -2.30000000000         0.00000000000       -0.882378560235     
     2261   -2.30000000000         0.00000000000       -0.937527220249     
     2262   -2.30000000000         0.00000000000       -0.992675880264     
     2263   -2.30000000000         0.00000000000        -1.04782454028     
     2264   -2.30000000000         0.00000000000        -1.10297320029     
     2265   -2.30000000000         0.00000000000        -1.15812186031     
     2266   -2.30000000000         0.00000000000        -1.21327052032     
     2267   -2.30000000000         0.00000000000        -1.26841918034     
     2268   -2.30000000000         0.00000000000        -1.32356784035     
     2269   -2.30000000000         0.00000000000        -1.37871650037     
     2270   -2.30000000000         0.00000000000        -1.43386516038     
     2271   -2.30000000000         0.00000000000        -1.48901382040     
     2272   -2.30000000000         0.00000000000        -1.54416248041     
     2273   -2.30000000000         0.00000000000        -1.59931114043     
     2274   -2.30000000000         0.00000000000        -1.65445980044     
     2275   -2.30000000000         0.00000000000        -1.70960846045     
     2276   -2.30000000000         0.00000000000        -1.76475712047     
     2277   -2.30000000000         0.00000000000        -1.81990578048     
     2278   -2.30000000000         0.00000000000        -1.87505444050     
     2279   -2.30000000000         0.00000000000        -1.93020310051     
     2280   -2.22333333333         0.00000000000       -0.110297320029     
     2281   -2.22333333333         0.00000000000       -0.220594640059     
     2282   -2.22333333333         0.00000000000       -0.330891960088     
     2283   -2.22333333333         0.00000000000       -0.441189280117     
     2284   -2.22333333333         0.00000000000       -0.551486600147     
     2285   -2.22333333333         0.00000000000       -0.661783920176     
     2286   -2.22333333333         0.00000000000       -0.772081240205     
     2287   -2.22333333333         0.00000000000       -0.882378560235     
     2288   -2.22333333333         0.00000000000       -0.992675880264     
     2289   -2.22333333333         0.00000000000        -1.10297320029     
     2290   -2.22333333333         0.00000000000        -1.21327052032     
     2291   -2.22333333333         0.00000000000        -1.32356784035     
     2292   -2.22333333333         0.00000000000        -1.43386516038     
     2293   -2.22333333333         0.00000000000        -1.54416248041     
     2294   -2.22333333333         0.00000000000        -1.65445980044     
     2295   -2.22333333333         0.00000000000        -1.76475712047     
     2296   -2.22333333333         0.00000000000        -1.87505444050     
     2297   -2.14666666667         0.00000000000       -0.551486600147E-001
     2298   -2.14666666667         0.00000000000       -0.110297320029     
     2299   -2.14666666667         0.00000000000       -0.165445980044     
     2300   -2.14666666667         0.00000000000       -0.220594640059     
     2301   -2.14666666667         0.00000000000       -0.275743300073     
     2302   -2.14666666667         0.00000000000       -0.330891960088     
     2303   -2.14666666667         0.00000000000       -0.386040620103     
     2304   -2.14666666667         0.00000000000       -0.441189280117     
     2305   -2.14666666667         0.00000000000       -0.496337940132     
     2306   -2.14666666667         0.00000000000       -0.551486600147     
     2307   -2.14666666667         0.00000000000       -0.606635260161     
     2308   -2.14666666667         0.00000000000       -0.661783920176     
     2309   -2.14666666667         0.00000000000       -0.716932580191     
     2310   -2.14666666667         0.00000000000       -0.772081240205     
     2311   -2.14666666667         0.00000000000       -0.827229900220     
     2312   -2.14666666667         0.00000000000       -0.882378560235     
     2313   -2.14666666667         0.00000000000       -0.937527220249     
     2314   -2.14666666667         0.00000000000       -0.992675880264     
     2315   -2.14666666667         0.00000000000        -1.04782454028     
     2316   -2.14666666667         0.00000000000        -1.10297320029     
     2317   -2.14666666667         0.00000000000        -1.15812186031     
     2318   -2.14666666667         0.00000000000        -1.21327052032     
     2319   -2.14666666667         0.00000000000        -1.26841918034     
     2320   -2.14666666667         0.00000000000        -1.32356784035     
     2321   -2.14666666667         0.00000000000        -1.37871650037     
     2322   -2.14666666667         0.00000000000        -1.43386516038     
     2323   -2.14666666667         0.00000000000        -1.48901382040     
     2324   -2.14666666667         0.00000000000        -1.54416248041     
     2325   -2.14666666667         0.00000000000        -1.59931114043     
     2326   -2.14666666667         0.00000000000        -1.65445980044     
     2327   -2.14666666667         0.00000000000        -1.70960846045     
     2328   -2.14666666667         0.00000000000        -1.76475712047     
     2329   -2.14666666667         0.00000000000        -1.81990578048     
     2330   -2.14666666667         0.00000000000        -1.87505444050     
     2331   -2.14666666667         0.00000000000        -1.93020310051     
     2332   -2.07000000000         0.00000000000       -0.110297320029     
     2333   -2.07000000000         0.00000000000       -0.220594640059     
     2334   -2.07000000000         0.00000000000       -0.330891960088     
     2335   -2.07000000000         0.00000000000       -0.441189280117     
     2336   -2.07000000000         0.00000000000       -0.551486600147     
     2337   -2.07000000000         0.00000000000       -0.661783920176     
     2338   -2.07000000000         0.00000000000       -0.772081240205     
     2339   -2.07000000000         0.00000000000       -0.882378560235     
     2340   -2.07000000000         0.00000000000       -0.992675880264     
     2341   -2.07000000000         0.00000000000        -1.10297320029     
     2342   -2.07000000000         0.00000000000        -1.21327052032     
     2343   -2.07000000000         0.00000000000        -1.32356784035     
     2344   -2.07000000000         0.00000000000        -1.43386516038     
     2345   -2.07000000000         0.00000000000        -1.54416248041     
     2346   -2.07000000000         0.00000000000        -1.65445980044     
     2347   -2.07000000000         0.00000000000        -1.76475712047     
     2348   -2.07000000000         0.00000000000        -1.87505444050     
     2349   -1.99333333333         0.00000000000       -0.551486600147E-001
     2350   -1.99333333333         0.00000000000       -0.110297320029     
     2351   -1.99333333333         0.00000000000       -0.165445980044     
     2352   -1.99333333333         0.00000000000       -0.220594640059     
     2353   -1.99333333333         0.00000000000       -0.275743300073     
     2354   -1.99333333333         0.00000000000       -0.330891960088     
     2355   -1.99333333333         0.00000000000       -0.386040620103     
     2356   -1.99333333333         0.00000000000       -0.441189280117     
     2357   -1.99333333333         0.00000000000       -0.496337940132     
     2358   -1.99333333333         0.00000000000       -0.551486600147     
     2359   -1.99333333333         0.00000000000       -0.606635260161     
     2360   -1.99333333333         0.00000000000       -0.661783920176     
     2361   -1.99333333333         0.00000000000       -0.716932580191     
     2362   -1.99333333333         0.00000000000       -0.772081240205     
     2363   -1.99333333333         0.00000000000       -0.827229900220     
     2364   -1.99333333333         0.00000000000       -0.882378560235     
     2365   -1.99333333333         0.00000000000       -0.937527220249     
     2366   -1.99333333333         0.00000000000       -0.992675880264     
     2367   -1.99333333333         0.00000000000        -1.04782454028     
     2368   -1.99333333333         0.00000000000        -1.10297320029     
     2369   -1.99333333333         0.00000000000        -1.15812186031     
     2370   -1.99333333333         0.00000000000        -1.21327052032     
     2371   -1.99333333333         0.00000000000        -1.26841918034     
     2372   -1.99333333333         0.00000000000        -1.32356784035     
     2373   -1.99333333333         0.00000000000        -1.37871650037     
     2374   -1.99333333333         0.00000000000        -1.43386516038     
     2375   -1.99333333333         0.00000000000        -1.48901382040     
     2376   -1.99333333333         0.00000000000        -1.54416248041     
     2377   -1.99333333333         0.00000000000        -1.59931114043     
     2378   -1.99333333333         0.00000000000        -1.65445980044     
     2379   -1.99333333333         0.00000000000        -1.70960846045     
     2380   -1.99333333333         0.00000000000        -1.76475712047     
     2381   -1.99333333333         0.00000000000        -1.81990578048     
     2382   -1.99333333333         0.00000000000        -1.87505444050     
     2383   -1.99333333333         0.00000000000        -1.93020310051     
     2384   -1.91666666667         0.00000000000       -0.110297320029     
     2385   -1.91666666667         0.00000000000       -0.220594640059     
     2386   -1.91666666667         0.00000000000       -0.330891960088     
     2387   -1.91666666667         0.00000000000       -0.441189280117     
     2388   -1.91666666667         0.00000000000       -0.551486600147     
     2389   -1.91666666667         0.00000000000       -0.661783920176     
     2390   -1.91666666667         0.00000000000       -0.772081240205     
     2391   -1.91666666667         0.00000000000       -0.882378560235     
     2392   -1.91666666667         0.00000000000       -0.992675880264     
     2393   -1.91666666667         0.00000000000        -1.10297320029     
     2394   -1.91666666667         0.00000000000        -1.21327052032     
     2395   -1.91666666667         0.00000000000        -1.32356784035     
     2396   -1.91666666667         0.00000000000        -1.43386516038     
     2397   -1.91666666667         0.00000000000        -1.54416248041     
     2398   -1.91666666667         0.00000000000        -1.65445980044     
     2399   -1.91666666667         0.00000000000        -1.76475712047     
     2400   -1.91666666667         0.00000000000        -1.87505444050     
     2401   -1.84000000000         0.00000000000       -0.551486600147E-001
     2402   -1.84000000000         0.00000000000       -0.110297320029     
     2403   -1.84000000000         0.00000000000       -0.165445980044     
     2404   -1.84000000000         0.00000000000       -0.220594640059     
     2405   -1.84000000000         0.00000000000       -0.275743300073     
     2406   -1.84000000000         0.00000000000       -0.330891960088     
     2407   -1.84000000000         0.00000000000       -0.386040620103     
     2408   -1.84000000000         0.00000000000       -0.441189280117     
     2409   -1.84000000000         0.00000000000       -0.496337940132     
     2410   -1.84000000000         0.00000000000       -0.551486600147     
     2411   -1.84000000000         0.00000000000       -0.606635260161     
     2412   -1.84000000000         0.00000000000       -0.661783920176     
     2413   -1.84000000000         0.00000000000       -0.716932580191     
     2414   -1.84000000000         0.00000000000       -0.772081240205     
     2415   -1.84000000000         0.00000000000       -0.827229900220     
     2416   -1.84000000000         0.00000000000       -0.882378560235     
     2417   -1.84000000000         0.00000000000       -0.937527220249     
     2418   -1.84000000000         0.00000000000       -0.992675880264     
     2419   -1.84000000000         0.00000000000        -1.04782454028     
     2420   -1.84000000000         0.00000000000        -1.10297320029     
     2421   -1.84000000000         0.00000000000        -1.15812186031     
     2422   -1.84000000000         0.00000000000        -1.21327052032     
     2423   -1.84000000000         0.00000000000        -1.26841918034     
     2424   -1.84000000000         0.00000000000        -1.32356784035     
     2425   -1.84000000000         0.00000000000        -1.37871650037     
     2426   -1.84000000000         0.00000000000        -1.43386516038     
     2427   -1.84000000000         0.00000000000        -1.48901382040     
     2428   -1.84000000000         0.00000000000        -1.54416248041     
     2429   -1.84000000000         0.00000000000        -1.59931114043     
     2430   -1.84000000000         0.00000000000        -1.65445980044     
     2431   -1.84000000000         0.00000000000        -1.70960846045     
     2432   -1.84000000000         0.00000000000        -1.76475712047     
     2433   -1.84000000000         0.00000000000        -1.81990578048     
     2434   -1.84000000000         0.00000000000        -1.87505444050     
     2435   -1.84000000000         0.00000000000        -1.93020310051     
     2436   -1.76333333333         0.00000000000       -0.110297320029     
     2437   -1.76333333333         0.00000000000       -0.220594640059     
     2438   -1.76333333333         0.00000000000       -0.330891960088     
     2439   -1.76333333333         0.00000000000       -0.441189280117     
     2440   -1.76333333333         0.00000000000       -0.551486600147     
     2441   -1.76333333333         0.00000000000       -0.661783920176     
     2442   -1.76333333333         0.00000000000       -0.772081240205     
     2443   -1.76333333333         0.00000000000       -0.882378560235     
     2444   -1.76333333333         0.00000000000       -0.992675880264     
     2445   -1.76333333333         0.00000000000        -1.10297320029     
     2446   -1.76333333333         0.00000000000        -1.21327052032     
     2447   -1.76333333333         0.00000000000        -1.32356784035     
     2448   -1.76333333333         0.00000000000        -1.43386516038     
     2449   -1.76333333333         0.00000000000        -1.54416248041     
     2450   -1.76333333333         0.00000000000        -1.65445980044     
     2451   -1.76333333333         0.00000000000        -1.76475712047     
     2452   -1.76333333333         0.00000000000        -1.87505444050     
     2453   -1.68666666667         0.00000000000       -0.551486600147E-001
     2454   -1.68666666667         0.00000000000       -0.110297320029     
     2455   -1.68666666667         0.00000000000       -0.165445980044     
     2456   -1.68666666667         0.00000000000       -0.220594640059     
     2457   -1.68666666667         0.00000000000       -0.275743300073     
     2458   -1.68666666667         0.00000000000       -0.330891960088     
     2459   -1.68666666667         0.00000000000       -0.386040620103     
     2460   -1.68666666667         0.00000000000       -0.441189280117     
     2461   -1.68666666667         0.00000000000       -0.496337940132     
     2462   -1.68666666667         0.00000000000       -0.551486600147     
     2463   -1.68666666667         0.00000000000       -0.606635260161     
     2464   -1.68666666667         0.00000000000       -0.661783920176     
     2465   -1.68666666667         0.00000000000       -0.716932580191     
     2466   -1.68666666667         0.00000000000       -0.772081240205     
     2467   -1.68666666667         0.00000000000       -0.827229900220     
     2468   -1.68666666667         0.00000000000       -0.882378560235     
     2469   -1.68666666667         0.00000000000       -0.937527220249     
     2470   -1.68666666667         0.00000000000       -0.992675880264     
     2471   -1.68666666667         0.00000000000        -1.04782454028     
     2472   -1.68666666667         0.00000000000        -1.10297320029     
     2473   -1.68666666667         0.00000000000        -1.15812186031     
     2474   -1.68666666667         0.00000000000        -1.21327052032     
     2475   -1.68666666667         0.00000000000        -1.26841918034     
     2476   -1.68666666667         0.00000000000        -1.32356784035     
     2477   -1.68666666667         0.00000000000        -1.37871650037     
     2478   -1.68666666667         0.00000000000        -1.43386516038     
     2479   -1.68666666667         0.00000000000        -1.48901382040     
     2480   -1.68666666667         0.00000000000        -1.54416248041     
     2481   -1.68666666667         0.00000000000        -1.59931114043     
     2482   -1.68666666667         0.00000000000        -1.65445980044     
     2483   -1.68666666667         0.00000000000        -1.70960846045     
     2484   -1.68666666667         0.00000000000        -1.76475712047     
     2485   -1.68666666667         0.00000000000        -1.81990578048     
     2486   -1.68666666667         0.00000000000        -1.87505444050     
     2487   -1.68666666667         0.00000000000        -1.93020310051     
     2488   -1.61000000000         0.00000000000       -0.110297320029     
     2489   -1.61000000000         0.00000000000       -0.220594640059     
     2490   -1.61000000000         0.00000000000       -0.330891960088     
     2491   -1.61000000000         0.00000000000       -0.441189280117     
     2492   -1.61000000000         0.00000000000       -0.551486600147     
     2493   -1.61000000000         0.00000000000       -0.661783920176     
     2494   -1.61000000000         0.00000000000       -0.772081240205     
     2495   -1.61000000000         0.00000000000       -0.882378560235     
     2496   -1.61000000000         0.00000000000       -0.992675880264     
     2497   -1.61000000000         0.00000000000        -1.10297320029     
     2498   -1.61000000000         0.00000000000        -1.21327052032     
     2499   -1.61000000000         0.00000000000        -1.32356784035     
     2500   -1.61000000000         0.00000000000        -1.43386516038     
     2501   -1.61000000000         0.00000000000        -1.54416248041     
     2502   -1.61000000000         0.00000000000        -1.65445980044     
     2503   -1.61000000000         0.00000000000        -1.76475712047     
     2504   -1.61000000000         0.00000000000        -1.87505444050     
     2505   -1.53333333333         0.00000000000       -0.551486600147E-001
     2506   -1.53333333333         0.00000000000       -0.110297320029     
     2507   -1.53333333333         0.00000000000       -0.165445980044     
     2508   -1.53333333333         0.00000000000       -0.220594640059     
     2509   -1.53333333333         0.00000000000       -0.275743300073     
     2510   -1.53333333333         0.00000000000       -0.330891960088     
     2511   -1.53333333333         0.00000000000       -0.386040620103     
     2512   -1.53333333333         0.00000000000       -0.441189280117     
     2513   -1.53333333333         0.00000000000       -0.496337940132     
     2514   -1.53333333333         0.00000000000       -0.551486600147     
     2515   -1.53333333333         0.00000000000       -0.606635260161     
     2516   -1.53333333333         0.00000000000       -0.661783920176     
     2517   -1.53333333333         0.00000000000       -0.716932580191     
     2518   -1.53333333333         0.00000000000       -0.772081240205     
     2519   -1.53333333333         0.00000000000       -0.827229900220     
     2520   -1.53333333333         0.00000000000       -0.882378560235     
     2521   -1.53333333333         0.00000000000       -0.937527220249     
     2522   -1.53333333333         0.00000000000       -0.992675880264     
     2523   -1.53333333333         0.00000000000        -1.04782454028     
     2524   -1.53333333333         0.00000000000        -1.10297320029     
     2525   -1.53333333333         0.00000000000        -1.15812186031     
     2526   -1.53333333333         0.00000000000        -1.21327052032     
     2527   -1.53333333333         0.00000000000        -1.26841918034     
     2528   -1.53333333333         0.00000000000        -1.32356784035     
     2529   -1.53333333333         0.00000000000        -1.37871650037     
     2530   -1.53333333333         0.00000000000        -1.43386516038     
     2531   -1.53333333333         0.00000000000        -1.48901382040     
     2532   -1.53333333333         0.00000000000        -1.54416248041     
     2533   -1.53333333333         0.00000000000        -1.59931114043     
     2534   -1.53333333333         0.00000000000        -1.65445980044     
     2535   -1.53333333333         0.00000000000        -1.70960846045     
     2536   -1.53333333333         0.00000000000        -1.76475712047     
     2537   -1.53333333333         0.00000000000        -1.81990578048     
     2538   -1.53333333333         0.00000000000        -1.87505444050     
     2539   -1.53333333333         0.00000000000        -1.93020310051     
     2540   -1.45666666667         0.00000000000       -0.110297320029     
     2541   -1.45666666667         0.00000000000       -0.220594640059     
     2542   -1.45666666667         0.00000000000       -0.330891960088     
     2543   -1.45666666667         0.00000000000       -0.441189280117     
     2544   -1.45666666667         0.00000000000       -0.551486600147     
     2545   -1.45666666667         0.00000000000       -0.661783920176     
     2546   -1.45666666667         0.00000000000       -0.772081240205     
     2547   -1.45666666667         0.00000000000       -0.882378560235     
     2548   -1.45666666667         0.00000000000       -0.992675880264     
     2549   -1.45666666667         0.00000000000        -1.10297320029     
     2550   -1.45666666667         0.00000000000        -1.21327052032     
     2551   -1.45666666667         0.00000000000        -1.32356784035     
     2552   -1.45666666667         0.00000000000        -1.43386516038     
     2553   -1.45666666667         0.00000000000        -1.54416248041     
     2554   -1.45666666667         0.00000000000        -1.65445980044     
     2555   -1.45666666667         0.00000000000        -1.76475712047     
     2556   -1.45666666667         0.00000000000        -1.87505444050     
     2557   -1.38000000000         0.00000000000       -0.551486600147E-001
     2558   -1.38000000000         0.00000000000       -0.110297320029     
     2559   -1.38000000000         0.00000000000       -0.165445980044     
     2560   -1.38000000000         0.00000000000       -0.220594640059     
     2561   -1.38000000000         0.00000000000       -0.275743300073     
     2562   -1.38000000000         0.00000000000       -0.330891960088     
     2563   -1.38000000000         0.00000000000       -0.386040620103     
     2564   -1.38000000000         0.00000000000       -0.441189280117     
     2565   -1.38000000000         0.00000000000       -0.496337940132     
     2566   -1.38000000000         0.00000000000       -0.551486600147     
     2567   -1.38000000000         0.00000000000       -0.606635260161     
     2568   -1.38000000000         0.00000000000       -0.661783920176     
     2569   -1.38000000000         0.00000000000       -0.716932580191     
     2570   -1.38000000000         0.00000000000       -0.772081240205     
     2571   -1.38000000000         0.00000000000       -0.827229900220     
     2572   -1.38000000000         0.00000000000       -0.882378560235     
     2573   -1.38000000000         0.00000000000       -0.937527220249     
     2574   -1.38000000000         0.00000000000       -0.992675880264     
     2575   -1.38000000000         0.00000000000        -1.04782454028     
     2576   -1.38000000000         0.00000000000        -1.10297320029     
     2577   -1.38000000000         0.00000000000        -1.15812186031     
     2578   -1.38000000000         0.00000000000        -1.21327052032     
     2579   -1.38000000000         0.00000000000        -1.26841918034     
     2580   -1.38000000000         0.00000000000        -1.32356784035     
     2581   -1.38000000000         0.00000000000        -1.37871650037     
     2582   -1.38000000000         0.00000000000        -1.43386516038     
     2583   -1.38000000000         0.00000000000        -1.48901382040     
     2584   -1.38000000000         0.00000000000        -1.54416248041     
     2585   -1.38000000000         0.00000000000        -1.59931114043     
     2586   -1.38000000000         0.00000000000        -1.65445980044     
     2587   -1.38000000000         0.00000000000        -1.70960846045     
     2588   -1.38000000000         0.00000000000        -1.76475712047     
     2589   -1.38000000000         0.00000000000        -1.81990578048     
     2590   -1.38000000000         0.00000000000        -1.87505444050     
     2591   -1.38000000000         0.00000000000        -1.93020310051     
     2592   -1.30333333333         0.00000000000       -0.110297320029     
     2593   -1.30333333333         0.00000000000       -0.220594640059     
     2594   -1.30333333333         0.00000000000       -0.330891960088     
     2595   -1.30333333333         0.00000000000       -0.441189280117     
     2596   -1.30333333333         0.00000000000       -0.551486600147     
     2597   -1.30333333333         0.00000000000       -0.661783920176     
     2598   -1.30333333333         0.00000000000       -0.772081240205     
     2599   -1.30333333333         0.00000000000       -0.882378560235     
     2600   -1.30333333333         0.00000000000       -0.992675880264     
     2601   -1.30333333333         0.00000000000        -1.10297320029     
     2602   -1.30333333333         0.00000000000        -1.21327052032     
     2603   -1.30333333333         0.00000000000        -1.32356784035     
     2604   -1.30333333333         0.00000000000        -1.43386516038     
     2605   -1.30333333333         0.00000000000        -1.54416248041     
     2606   -1.30333333333         0.00000000000        -1.65445980044     
     2607   -1.30333333333         0.00000000000        -1.76475712047     
     2608   -1.30333333333         0.00000000000        -1.87505444050     
     2609   -1.22666666667         0.00000000000       -0.551486600147E-001
     2610   -1.22666666667         0.00000000000       -0.110297320029     
     2611   -1.22666666667         0.00000000000       -0.165445980044     
     2612   -1.22666666667         0.00000000000       -0.220594640059     
     2613   -1.22666666667         0.00000000000       -0.275743300073     
     2614   -1.22666666667         0.00000000000       -0.330891960088     
     2615   -1.22666666667         0.00000000000       -0.386040620103     
     2616   -1.22666666667         0.00000000000       -0.441189280117     
     2617   -1.22666666667         0.00000000000       -0.496337940132     
     2618   -1.22666666667         0.00000000000       -0.551486600147     
     2619   -1.22666666667         0.00000000000       -0.606635260161     
     2620   -1.22666666667         0.00000000000       -0.661783920176     
     2621   -1.22666666667         0.00000000000       -0.716932580191     
     2622   -1.22666666667         0.00000000000       -0.772081240205     
     2623   -1.22666666667         0.00000000000       -0.827229900220     
     2624   -1.22666666667         0.00000000000       -0.882378560235     
     2625   -1.22666666667         0.00000000000       -0.937527220249     
     2626   -1.22666666667         0.00000000000       -0.992675880264     
     2627   -1.22666666667         0.00000000000        -1.04782454028     
     2628   -1.22666666667         0.00000000000        -1.10297320029     
     2629   -1.22666666667         0.00000000000        -1.15812186031     
     2630   -1.22666666667         0.00000000000        -1.21327052032     
     2631   -1.22666666667         0.00000000000        -1.26841918034     
     2632   -1.22666666667         0.00000000000        -1.32356784035     
     2633   -1.22666666667         0.00000000000        -1.37871650037     
     2634   -1.22666666667         0.00000000000        -1.43386516038     
     2635   -1.22666666667         0.00000000000        -1.48901382040     
     2636   -1.22666666667         0.00000000000        -1.54416248041     
     2637   -1.22666666667         0.00000000000        -1.59931114043     
     2638   -1.22666666667         0.00000000000        -1.65445980044     
     2639   -1.22666666667         0.00000000000        -1.70960846045     
     2640   -1.22666666667         0.00000000000        -1.76475712047     
     2641   -1.22666666667         0.00000000000        -1.81990578048     
     2642   -1.22666666667         0.00000000000        -1.87505444050     
     2643   -1.22666666667         0.00000000000        -1.93020310051     
     2644   -1.15000000000         0.00000000000       -0.110297320029     
     2645   -1.15000000000         0.00000000000       -0.220594640059     
     2646   -1.15000000000         0.00000000000       -0.330891960088     
     2647   -1.15000000000         0.00000000000       -0.441189280117     
     2648   -1.15000000000         0.00000000000       -0.551486600147     
     2649   -1.15000000000         0.00000000000       -0.661783920176     
     2650   -1.15000000000         0.00000000000       -0.772081240205     
     2651   -1.15000000000         0.00000000000       -0.882378560235     
     2652   -1.15000000000         0.00000000000       -0.992675880264     
     2653   -1.15000000000         0.00000000000        -1.10297320029     
     2654   -1.15000000000         0.00000000000        -1.21327052032     
     2655   -1.15000000000         0.00000000000        -1.32356784035     
     2656   -1.15000000000         0.00000000000        -1.43386516038     
     2657   -1.15000000000         0.00000000000        -1.54416248041     
     2658   -1.15000000000         0.00000000000        -1.65445980044     
     2659   -1.15000000000         0.00000000000        -1.76475712047     
     2660   -1.15000000000         0.00000000000        -1.87505444050     
     2661   -1.07333333333         0.00000000000       -0.551486600147E-001
     2662   -1.07333333333         0.00000000000       -0.110297320029     
     2663   -1.07333333333         0.00000000000       -0.165445980044     
     2664   -1.07333333333         0.00000000000       -0.220594640059     
     2665   -1.07333333333         0.00000000000       -0.275743300073     
     2666   -1.07333333333         0.00000000000       -0.330891960088     
     2667   -1.07333333333         0.00000000000       -0.386040620103     
     2668   -1.07333333333         0.00000000000       -0.441189280117     
     2669   -1.07333333333         0.00000000000       -0.496337940132     
     2670   -1.07333333333         0.00000000000       -0.551486600147     
     2671   -1.07333333333         0.00000000000       -0.606635260161     
     2672   -1.07333333333         0.00000000000       -0.661783920176     
     2673   -1.07333333333         0.00000000000       -0.716932580191     
     2674   -1.07333333333         0.00000000000       -0.772081240205     
     2675   -1.07333333333         0.00000000000       -0.827229900220     
     2676   -1.07333333333         0.00000000000       -0.882378560235     
     2677   -1.07333333333         0.00000000000       -0.937527220249     
     2678   -1.07333333333         0.00000000000       -0.992675880264     
     2679   -1.07333333333         0.00000000000        -1.04782454028     
     2680   -1.07333333333         0.00000000000        -1.10297320029     
     2681   -1.07333333333         0.00000000000        -1.15812186031     
     2682   -1.07333333333         0.00000000000        -1.21327052032     
     2683   -1.07333333333         0.00000000000        -1.26841918034     
     2684   -1.07333333333         0.00000000000        -1.32356784035     
     2685   -1.07333333333         0.00000000000        -1.37871650037     
     2686   -1.07333333333         0.00000000000        -1.43386516038     
     2687   -1.07333333333         0.00000000000        -1.48901382040     
     2688   -1.07333333333         0.00000000000        -1.54416248041     
     2689   -1.07333333333         0.00000000000        -1.59931114043     
     2690   -1.07333333333         0.00000000000        -1.65445980044     
     2691   -1.07333333333         0.00000000000        -1.70960846045     
     2692   -1.07333333333         0.00000000000        -1.76475712047     
     2693   -1.07333333333         0.00000000000        -1.81990578048     
     2694   -1.07333333333         0.00000000000        -1.87505444050     
     2695   -1.07333333333         0.00000000000        -1.93020310051     
     2696  -0.996666666667         0.00000000000       -0.110297320029     
     2697  -0.996666666667         0.00000000000       -0.220594640059     
     2698  -0.996666666667         0.00000000000       -0.330891960088     
     2699  -0.996666666667         0.00000000000       -0.441189280117     
     2700  -0.996666666667         0.00000000000       -0.551486600147     
     2701  -0.996666666667         0.00000000000       -0.661783920176     
     2702  -0.996666666667         0.00000000000       -0.772081240205     
     2703  -0.996666666667         0.00000000000       -0.882378560235     
     2704  -0.996666666667         0.00000000000       -0.992675880264     
     2705  -0.996666666667         0.00000000000        -1.10297320029     
     2706  -0.996666666667         0.00000000000        -1.21327052032     
     2707  -0.996666666667         0.00000000000        -1.32356784035     
     2708  -0.996666666667         0.00000000000        -1.43386516038     
     2709  -0.996666666667         0.00000000000        -1.54416248041     
     2710  -0.996666666667         0.00000000000        -1.65445980044     
     2711  -0.996666666667         0.00000000000        -1.76475712047     
     2712  -0.996666666667         0.00000000000        -1.87505444050     
     2713  -0.920000000000         0.00000000000       -0.551486600147E-001
     2714  -0.920000000000         0.00000000000       -0.110297320029     
     2715  -0.920000000000         0.00000000000       -0.165445980044     
     2716  -0.920000000000         0.00000000000       -0.220594640059     
     2717  -0.920000000000         0.00000000000       -0.275743300073     
     2718  -0.920000000000         0.00000000000       -0.330891960088     
     2719  -0.920000000000         0.00000000000       -0.386040620103     
     2720  -0.920000000000         0.00000000000       -0.441189280117     
     2721  -0.920000000000         0.00000000000       -0.496337940132     
     2722  -0.920000000000         0.00000000000       -0.551486600147     
     2723  -0.920000000000         0.00000000000       -0.606635260161     
     2724  -0.920000000000         0.00000000000       -0.661783920176     
     2725  -0.920000000000         0.00000000000       -0.716932580191     
     2726  -0.920000000000         0.00000000000       -0.772081240205     
     2727  -0.920000000000         0.00000000000       -0.827229900220     
     2728  -0.920000000000         0.00000000000       -0.882378560235     
     2729  -0.920000000000         0.00000000000       -0.937527220249     
     2730  -0.920000000000         0.00000000000       -0.992675880264     
     2731  -0.920000000000         0.00000000000        -1.04782454028     
     2732  -0.920000000000         0.00000000000        -1.10297320029     
     2733  -0.920000000000         0.00000000000        -1.15812186031     
     2734  -0.920000000000         0.00000000000        -1.21327052032     
     2735  -0.920000000000         0.00000000000        -1.26841918034     
     2736  -0.920000000000         0.00000000000        -1.32356784035     
     2737  -0.920000000000         0.00000000000        -1.37871650037     
     2738  -0.920000000000         0.00000000000        -1.43386516038     
     2739  -0.920000000000         0.00000000000        -1.48901382040     
     2740  -0.920000000000         0.00000000000        -1.54416248041     
     2741  -0.920000000000         0.00000000000        -1.59931114043     
     2742  -0.920000000000         0.00000000000        -1.65445980044     
     2743  -0.920000000000         0.00000000000        -1.70960846045     
     2744  -0.920000000000         0.00000000000        -1.76475712047     
     2745  -0.920000000000         0.00000000000        -1.81990578048     
     2746  -0.920000000000         0.00000000000        -1.87505444050     
     2747  -0.920000000000         0.00000000000        -1.93020310051     
     2748  -0.843333333333         0.00000000000       -0.110297320029     
     2749  -0.843333333333         0.00000000000       -0.220594640059     
     2750  -0.843333333333         0.00000000000       -0.330891960088     
     2751  -0.843333333333         0.00000000000       -0.441189280117     
     2752  -0.843333333333         0.00000000000       -0.551486600147     
     2753  -0.843333333333         0.00000000000       -0.661783920176     
     2754  -0.843333333333         0.00000000000       -0.772081240205     
     2755  -0.843333333333         0.00000000000       -0.882378560235     
     2756  -0.843333333333         0.00000000000       -0.992675880264     
     2757  -0.843333333333         0.00000000000        -1.10297320029     
     2758  -0.843333333333         0.00000000000        -1.21327052032     
     2759  -0.843333333333         0.00000000000        -1.32356784035     
     2760  -0.843333333333         0.00000000000        -1.43386516038     
     2761  -0.843333333333         0.00000000000        -1.54416248041     
     2762  -0.843333333333         0.00000000000        -1.65445980044     
     2763  -0.843333333333         0.00000000000        -1.76475712047     
     2764  -0.843333333333         0.00000000000        -1.87505444050     
     2765  -0.766666666667         0.00000000000       -0.551486600147E-001
     2766  -0.766666666667         0.00000000000       -0.110297320029     
     2767  -0.766666666667         0.00000000000       -0.165445980044     
     2768  -0.766666666667         0.00000000000       -0.220594640059     
     2769  -0.766666666667         0.00000000000       -0.275743300073     
     2770  -0.766666666667         0.00000000000       -0.330891960088     
     2771  -0.766666666667         0.00000000000       -0.386040620103     
     2772  -0.766666666667         0.00000000000       -0.441189280117     
     2773  -0.766666666667         0.00000000000       -0.496337940132     
     2774  -0.766666666667         0.00000000000       -0.551486600147     
     2775  -0.766666666667         0.00000000000       -0.606635260161     
     2776  -0.766666666667         0.00000000000       -0.661783920176     
     2777  -0.766666666667         0.00000000000       -0.716932580191     
     2778  -0.766666666667         0.00000000000       -0.772081240205     
     2779  -0.766666666667         0.00000000000       -0.827229900220     
     2780  -0.766666666667         0.00000000000       -0.882378560235     
     2781  -0.766666666667         0.00000000000       -0.937527220249     
     2782  -0.766666666667         0.00000000000       -0.992675880264     
     2783  -0.766666666667         0.00000000000        -1.04782454028     
     2784  -0.766666666667         0.00000000000        -1.10297320029     
     2785  -0.766666666667         0.00000000000        -1.15812186031     
     2786  -0.766666666667         0.00000000000        -1.21327052032     
     2787  -0.766666666667         0.00000000000        -1.26841918034     
     2788  -0.766666666667         0.00000000000        -1.32356784035     
     2789  -0.766666666667         0.00000000000        -1.37871650037     
     2790  -0.766666666667         0.00000000000        -1.43386516038     
     2791  -0.766666666667         0.00000000000        -1.48901382040     
     2792  -0.766666666667         0.00000000000        -1.54416248041     
     2793  -0.766666666667         0.00000000000        -1.59931114043     
     2794  -0.766666666667         0.00000000000        -1.65445980044     
     2795  -0.766666666667         0.00000000000        -1.70960846045     
     2796  -0.766666666667         0.00000000000        -1.76475712047     
     2797  -0.766666666667         0.00000000000        -1.81990578048     
     2798  -0.766666666667         0.00000000000        -1.87505444050     
     2799  -0.766666666667         0.00000000000        -1.93020310051     
     2800  -0.690000000000         0.00000000000       -0.110297320029     
     2801  -0.690000000000         0.00000000000       -0.220594640059     
     2802  -0.690000000000         0.00000000000       -0.330891960088     
     2803  -0.690000000000         0.00000000000       -0.441189280117     
     2804  -0.690000000000         0.00000000000       -0.551486600147     
     2805  -0.690000000000         0.00000000000       -0.661783920176     
     2806  -0.690000000000         0.00000000000       -0.772081240205     
     2807  -0.690000000000         0.00000000000       -0.882378560235     
     2808  -0.690000000000         0.00000000000       -0.992675880264     
     2809  -0.690000000000         0.00000000000        -1.10297320029     
     2810  -0.690000000000         0.00000000000        -1.21327052032     
     2811  -0.690000000000         0.00000000000        -1.32356784035     
     2812  -0.690000000000         0.00000000000        -1.43386516038     
     2813  -0.690000000000         0.00000000000        -1.54416248041     
     2814  -0.690000000000         0.00000000000        -1.65445980044     
     2815  -0.690000000000         0.00000000000        -1.76475712047     
     2816  -0.690000000000         0.00000000000        -1.87505444050     
     2817  -0.613333333333         0.00000000000       -0.551486600147E-001
     2818  -0.613333333333         0.00000000000       -0.110297320029     
     2819  -0.613333333333         0.00000000000       -0.165445980044     
     2820  -0.613333333333         0.00000000000       -0.220594640059     
     2821  -0.613333333333         0.00000000000       -0.275743300073     
     2822  -0.613333333333         0.00000000000       -0.330891960088     
     2823  -0.613333333333         0.00000000000       -0.386040620103     
     2824  -0.613333333333         0.00000000000       -0.441189280117     
     2825  -0.613333333333         0.00000000000       -0.496337940132     
     2826  -0.613333333333         0.00000000000       -0.551486600147     
     2827  -0.613333333333         0.00000000000       -0.606635260161     
     2828  -0.613333333333         0.00000000000       -0.661783920176     
     2829  -0.613333333333         0.00000000000       -0.716932580191     
     2830  -0.613333333333         0.00000000000       -0.772081240205     
     2831  -0.613333333333         0.00000000000       -0.827229900220     
     2832  -0.613333333333         0.00000000000       -0.882378560235     
     2833  -0.613333333333         0.00000000000       -0.937527220249     
     2834  -0.613333333333         0.00000000000       -0.992675880264     
     2835  -0.613333333333         0.00000000000        -1.04782454028     
     2836  -0.613333333333         0.00000000000        -1.10297320029     
     2837  -0.613333333333         0.00000000000        -1.15812186031     
     2838  -0.613333333333         0.00000000000        -1.21327052032     
     2839  -0.613333333333         0.00000000000        -1.26841918034     
     2840  -0.613333333333         0.00000000000        -1.32356784035     
     2841  -0.613333333333         0.00000000000        -1.37871650037     
     2842  -0.613333333333         0.00000000000        -1.43386516038     
     2843  -0.613333333333         0.00000000000        -1.48901382040     
     2844  -0.613333333333         0.00000000000        -1.54416248041     
     2845  -0.613333333333         0.00000000000        -1.59931114043     
     2846  -0.613333333333         0.00000000000        -1.65445980044     
     2847  -0.613333333333         0.00000000000        -1.70960846045     
     2848  -0.613333333333         0.00000000000        -1.76475712047     
     2849  -0.613333333333         0.00000000000        -1.81990578048     
     2850  -0.613333333333         0.00000000000        -1.87505444050     
     2851  -0.613333333333         0.00000000000        -1.93020310051     
     2852  -0.536666666667         0.00000000000       -0.110297320029     
     2853  -0.536666666667         0.00000000000       -0.220594640059     
     2854  -0.536666666667         0.00000000000       -0.330891960088     
     2855  -0.536666666667         0.00000000000       -0.441189280117     
     2856  -0.536666666667         0.00000000000       -0.551486600147     
     2857  -0.536666666667         0.00000000000       -0.661783920176     
     2858  -0.536666666667         0.00000000000       -0.772081240205     
     2859  -0.536666666667         0.00000000000       -0.882378560235     
     2860  -0.536666666667         0.00000000000       -0.992675880264     
     2861  -0.536666666667         0.00000000000        -1.10297320029     
     2862  -0.536666666667         0.00000000000        -1.21327052032     
     2863  -0.536666666667         0.00000000000        -1.32356784035     
     2864  -0.536666666667         0.00000000000        -1.43386516038     
     2865  -0.536666666667         0.00000000000        -1.54416248041     
     2866  -0.536666666667         0.00000000000        -1.65445980044     
     2867  -0.536666666667         0.00000000000        -1.76475712047     
     2868  -0.536666666667         0.00000000000        -1.87505444050     
     2869  -0.460000000000         0.00000000000       -0.551486600147E-001
     2870  -0.460000000000         0.00000000000       -0.110297320029     
     2871  -0.460000000000         0.00000000000       -0.165445980044     
     2872  -0.460000000000         0.00000000000       -0.220594640059     
     2873  -0.460000000000         0.00000000000       -0.275743300073     
     2874  -0.460000000000         0.00000000000       -0.330891960088     
     2875  -0.460000000000         0.00000000000       -0.386040620103     
     2876  -0.460000000000         0.00000000000       -0.441189280117     
     2877  -0.460000000000         0.00000000000       -0.496337940132     
     2878  -0.460000000000         0.00000000000       -0.551486600147     
     2879  -0.460000000000         0.00000000000       -0.606635260161     
     2880  -0.460000000000         0.00000000000       -0.661783920176     
     2881  -0.460000000000         0.00000000000       -0.716932580191     
     2882  -0.460000000000         0.00000000000       -0.772081240205     
     2883  -0.460000000000         0.00000000000       -0.827229900220     
     2884  -0.460000000000         0.00000000000       -0.882378560235     
     2885  -0.460000000000         0.00000000000       -0.937527220249     
     2886  -0.460000000000         0.00000000000       -0.992675880264     
     2887  -0.460000000000         0.00000000000        -1.04782454028     
     2888  -0.460000000000         0.00000000000        -1.10297320029     
     2889  -0.460000000000         0.00000000000        -1.15812186031     
     2890  -0.460000000000         0.00000000000        -1.21327052032     
     2891  -0.460000000000         0.00000000000        -1.26841918034     
     2892  -0.460000000000         0.00000000000        -1.32356784035     
     2893  -0.460000000000         0.00000000000        -1.37871650037     
     2894  -0.460000000000         0.00000000000        -1.43386516038     
     2895  -0.460000000000         0.00000000000        -1.48901382040     
     2896  -0.460000000000         0.00000000000        -1.54416248041     
     2897  -0.460000000000         0.00000000000        -1.59931114043     
     2898  -0.460000000000         0.00000000000        -1.65445980044     
     2899  -0.460000000000         0.00000000000        -1.70960846045     
     2900  -0.460000000000         0.00000000000        -1.76475712047     
     2901  -0.460000000000         0.00000000000        -1.81990578048     
     2902  -0.460000000000         0.00000000000        -1.87505444050     
     2903  -0.460000000000         0.00000000000        -1.93020310051     
     2904  -0.383333333333         0.00000000000       -0.110297320029     
     2905  -0.383333333333         0.00000000000       -0.220594640059     
     2906  -0.383333333333         0.00000000000       -0.330891960088     
     2907  -0.383333333333         0.00000000000       -0.441189280117     
     2908  -0.383333333333         0.00000000000       -0.551486600147     
     2909  -0.383333333333         0.00000000000       -0.661783920176     
     2910  -0.383333333333         0.00000000000       -0.772081240205     
     2911  -0.383333333333         0.00000000000       -0.882378560235     
     2912  -0.383333333333         0.00000000000       -0.992675880264     
     2913  -0.383333333333         0.00000000000        -1.10297320029     
     2914  -0.383333333333         0.00000000000        -1.21327052032     
     2915  -0.383333333333         0.00000000000        -1.32356784035     
     2916  -0.383333333333         0.00000000000        -1.43386516038     
     2917  -0.383333333333         0.00000000000        -1.54416248041     
     2918  -0.383333333333         0.00000000000        -1.65445980044     
     2919  -0.383333333333         0.00000000000        -1.76475712047     
     2920  -0.383333333333         0.00000000000        -1.87505444050     
     2921  -0.306666666667         0.00000000000       -0.551486600147E-001
     2922  -0.306666666667         0.00000000000       -0.110297320029     
     2923  -0.306666666667         0.00000000000       -0.165445980044     
     2924  -0.306666666667         0.00000000000       -0.220594640059     
     2925  -0.306666666667         0.00000000000       -0.275743300073     
     2926  -0.306666666667         0.00000000000       -0.330891960088     
     2927  -0.306666666667         0.00000000000       -0.386040620103     
     2928  -0.306666666667         0.00000000000       -0.441189280117     
     2929  -0.306666666667         0.00000000000       -0.496337940132     
     2930  -0.306666666667         0.00000000000       -0.551486600147     
     2931  -0.306666666667         0.00000000000       -0.606635260161     
     2932  -0.306666666667         0.00000000000       -0.661783920176     
     2933  -0.306666666667         0.00000000000       -0.716932580191     
     2934  -0.306666666667         0.00000000000       -0.772081240205     
     2935  -0.306666666667         0.00000000000       -0.827229900220     
     2936  -0.306666666667         0.00000000000       -0.882378560235     
     2937  -0.306666666667         0.00000000000       -0.937527220249     
     2938  -0.306666666667         0.00000000000       -0.992675880264     
     2939  -0.306666666667         0.00000000000        -1.04782454028     
     2940  -0.306666666667         0.00000000000        -1.10297320029     
     2941  -0.306666666667         0.00000000000        -1.15812186031     
     2942  -0.306666666667         0.00000000000        -1.21327052032     
     2943  -0.306666666667         0.00000000000        -1.26841918034     
     2944  -0.306666666667         0.00000000000        -1.32356784035     
     2945  -0.306666666667         0.00000000000        -1.37871650037     
     2946  -0.306666666667         0.00000000000        -1.43386516038     
     2947  -0.306666666667         0.00000000000        -1.48901382040     
     2948  -0.306666666667         0.00000000000        -1.54416248041     
     2949  -0.306666666667         0.00000000000        -1.59931114043     
     2950  -0.306666666667         0.00000000000        -1.65445980044     
     2951  -0.306666666667         0.00000000000        -1.70960846045     
     2952  -0.306666666667         0.00000000000        -1.76475712047     
     2953  -0.306666666667         0.00000000000        -1.81990578048     
     2954  -0.306666666667         0.00000000000        -1.87505444050     
     2955  -0.306666666667         0.00000000000        -1.93020310051     
     2956  -0.230000000000         0.00000000000       -0.110297320029     
     2957  -0.230000000000         0.00000000000       -0.220594640059     
     2958  -0.230000000000         0.00000000000       -0.330891960088     
     2959  -0.230000000000         0.00000000000       -0.441189280117     
     2960  -0.230000000000         0.00000000000       -0.551486600147     
     2961  -0.230000000000         0.00000000000       -0.661783920176     
     2962  -0.230000000000         0.00000000000       -0.772081240205     
     2963  -0.230000000000         0.00000000000       -0.882378560235     
     2964  -0.230000000000         0.00000000000       -0.992675880264     
     2965  -0.230000000000         0.00000000000        -1.10297320029     
     2966  -0.230000000000         0.00000000000        -1.21327052032     
     2967  -0.230000000000         0.00000000000        -1.32356784035     
     2968  -0.230000000000         0.00000000000        -1.43386516038     
     2969  -0.230000000000         0.00000000000        -1.54416248041     
     2970  -0.230000000000         0.00000000000        -1.65445980044     
     2971  -0.230000000000         0.00000000000        -1.76475712047     
     2972  -0.230000000000         0.00000000000        -1.87505444050     
     2973  -0.153333333333         0.00000000000       -0.551486600147E-001
     2974  -0.153333333333         0.00000000000       -0.110297320029     
     2975  -0.153333333333         0.00000000000       -0.165445980044     
     2976  -0.153333333333         0.00000000000       -0.220594640059     
     2977  -0.153333333333         0.00000000000       -0.275743300073     
     2978  -0.153333333333         0.00000000000       -0.330891960088     
     2979  -0.153333333333         0.00000000000       -0.386040620103     
     2980  -0.153333333333         0.00000000000       -0.441189280117     
     2981  -0.153333333333         0.00000000000       -0.496337940132     
     2982  -0.153333333333         0.00000000000       -0.551486600147     
     2983  -0.153333333333         0.00000000000       -0.606635260161     
     2984  -0.153333333333         0.00000000000       -0.661783920176     
     2985  -0.153333333333         0.00000000000       -0.716932580191     
     2986  -0.153333333333         0.00000000000       -0.772081240205     
     2987  -0.153333333333         0.00000000000       -0.827229900220     
     2988  -0.153333333333         0.00000000000       -0.882378560235     
     2989  -0.153333333333         0.00000000000       -0.937527220249     
     2990  -0.153333333333         0.00000000000       -0.992675880264     
     2991  -0.153333333333         0.00000000000        -1.04782454028     
     2992  -0.153333333333         0.00000000000        -1.10297320029     
     2993  -0.153333333333         0.00000000000        -1.15812186031     
     2994  -0.153333333333         0.00000000000        -1.21327052032     
     2995  -0.153333333333         0.00000000000        -1.26841918034     
     2996  -0.153333333333         0.00000000000        -1.32356784035     
     2997  -0.153333333333         0.00000000000        -1.37871650037     
     2998  -0.153333333333         0.00000000000        -1.43386516038     
     2999  -0.153333333333         0.00000000000        -1.48901382040     
     3000  -0.153333333333         0.00000000000        -1.54416248041     
     3001  -0.153333333333         0.00000000000        -1.59931114043     
     3002  -0.153333333333         0.00000000000        -1.65445980044     
     3003  -0.153333333333         0.00000000000        -1.70960846045     
     3004  -0.153333333333         0.00000000000        -1.76475712047     
     3005  -0.153333333333         0.00000000000        -1.81990578048     
     3006  -0.153333333333         0.00000000000        -1.87505444050     
     3007  -0.153333333333         0.00000000000        -1.93020310051     
     3008  -0.766666666667E-001    0.00000000000       -0.110297320029     
     3009  -0.766666666667E-001    0.00000000000       -0.220594640059     
     3010  -0.766666666667E-001    0.00000000000       -0.330891960088     
     3011  -0.766666666667E-001    0.00000000000       -0.441189280117     
     3012  -0.766666666667E-001    0.00000000000       -0.551486600147     
     3013  -0.766666666667E-001    0.00000000000       -0.661783920176     
     3014  -0.766666666667E-001    0.00000000000       -0.772081240205     
     3015  -0.766666666667E-001    0.00000000000       -0.882378560235     
     3016  -0.766666666667E-001    0.00000000000       -0.992675880264     
     3017  -0.766666666667E-001    0.00000000000        -1.10297320029     
     3018  -0.766666666667E-001    0.00000000000        -1.21327052032     
     3019  -0.766666666667E-001    0.00000000000        -1.32356784035     
     3020  -0.766666666667E-001    0.00000000000        -1.43386516038     
     3021  -0.766666666667E-001    0.00000000000        -1.54416248041     
     3022  -0.766666666667E-001    0.00000000000        -1.65445980044     
     3023  -0.766666666667E-001    0.00000000000        -1.76475712047     
     3024  -0.766666666667E-001    0.00000000000        -1.87505444050     
