       1  0.34978E-006
      20  0.36181E-007
      21  0.36216E-007
      22  0.36325E-007
      23  0.36511E-007
      24  0.36767E-007
      25  0.37100E-007
      26  0.37505E-007
      27  0.37976E-007
      28  0.38518E-007
      29  0.39136E-007
      30  0.39825E-007
      31  0.40576E-007
      32  0.41396E-007
      33  0.42293E-007
      34  0.43258E-007
      35  0.44282E-007
      36  0.45370E-007
      37  0.46531E-007
      38  0.47756E-007
      39  0.49039E-007
      40  0.50381E-007
      41  0.51791E-007
      42  0.53261E-007
      43  0.54785E-007
      44  0.56366E-007
      45  0.58009E-007
      46  0.59707E-007
      47  0.61453E-007
      48  0.63251E-007
      49  0.65106E-007
      50  0.67012E-007
      51  0.68961E-007
      52  0.70954E-007
      53  0.72998E-007
      54  0.75089E-007
      55  0.77217E-007
      56  0.79384E-007
      57  0.81596E-007
      58  0.83846E-007
      59  0.86129E-007
      60  0.88446E-007
      61  0.90800E-007
      62  0.93188E-007
      63  0.95603E-007
      64  0.98046E-007
      65  0.10052E-006
      66  0.10302E-006
      67  0.10555E-006
      68  0.10809E-006
      69  0.11066E-006
      70  0.11325E-006
      71  0.11587E-006
      72  0.11849E-006
      73  0.12114E-006
      74  0.12380E-006
      75  0.12648E-006
      76  0.12917E-006
      77  0.13187E-006
      78  0.13458E-006
      79  0.13731E-006
      80  0.14004E-006
      81  0.14278E-006
      82  0.14552E-006
      83  0.14827E-006
      84  0.15103E-006
      85  0.15379E-006
      86  0.15655E-006
      87  0.15932E-006
      88  0.16208E-006
      89  0.16485E-006
      90  0.16762E-006
      91  0.17038E-006
      92  0.17315E-006
      93  0.17591E-006
      94  0.17867E-006
      95  0.18142E-006
      96  0.18417E-006
      97  0.18691E-006
      98  0.18965E-006
      99  0.19239E-006
     100  0.19511E-006
     101  0.19784E-006
     102  0.20055E-006
     103  0.20326E-006
     104  0.20595E-006
     105  0.20864E-006
     106  0.21132E-006
     107  0.21400E-006
     108  0.21666E-006
     109  0.21931E-006
     110  0.22196E-006
     111  0.22459E-006
     112  0.22722E-006
     113  0.22983E-006
     114  0.23244E-006
     115  0.23503E-006
     116  0.23762E-006
     117  0.24019E-006
     118  0.24276E-006
     119  0.24531E-006
     120  0.24785E-006
     121  0.25038E-006
     122  0.25290E-006
     123  0.25541E-006
     124  0.25791E-006
     125  0.26040E-006
     126  0.26287E-006
     127  0.26534E-006
     128  0.26780E-006
     129  0.27024E-006
     130  0.27268E-006
     131  0.27510E-006
     132  0.27751E-006
     133  0.27991E-006
     134  0.28231E-006
     135  0.28469E-006
     136  0.28706E-006
     137  0.28942E-006
     138  0.29178E-006
     139  0.29412E-006
     140  0.29645E-006
     141  0.29877E-006
     142  0.30109E-006
     143  0.30339E-006
     144  0.30569E-006
     145  0.30797E-006
     146  0.31025E-006
     147  0.31251E-006
     148  0.31477E-006
     149  0.31702E-006
     150  0.31926E-006
     151  0.32149E-006
     152  0.32372E-006
     153  0.32593E-006
     154  0.32814E-006
     155  0.33034E-006
     156  0.33253E-006
     157  0.33471E-006
     158  0.33689E-006
     159  0.33906E-006
     160  0.34122E-006
     161  0.34337E-006
     162  0.34551E-006
     163  0.34765E-006
    2253   0.0000     
    2271  0.34919E-006
    2272  0.46201E-010
    2273  0.18468E-009
    2274  0.41538E-009
    2275  0.73799E-009
    2276  0.11523E-008
    2277  0.16577E-008
    2278  0.22539E-008
    2279  0.29401E-008
    2280  0.37158E-008
    2281  0.45800E-008
    2282  0.55321E-008
    2283  0.65709E-008
    2284  0.76954E-008
    2285  0.89045E-008
    2286  0.10197E-007
    2287  0.11571E-007
    2288  0.13026E-007
    2289  0.14561E-007
    2290  0.16173E-007
    2291  0.17861E-007
    2292  0.19624E-007
    2293  0.21459E-007
    2294  0.23366E-007
    2295  0.25342E-007
    2296  0.27386E-007
    2297  0.29495E-007
    2298  0.31668E-007
    2299  0.33903E-007
    2300  0.36198E-007
    2301  0.38551E-007
    2302  0.40959E-007
    2303  0.43422E-007
    2304  0.45936E-007
    2305  0.48499E-007
    2306  0.51110E-007
    2307  0.53767E-007
    2308  0.56467E-007
    2309  0.59208E-007
    2310  0.61988E-007
    2311  0.64806E-007
    2312  0.67658E-007
    2313  0.70544E-007
    2314  0.73460E-007
    2315  0.76406E-007
    2316  0.79378E-007
    2317  0.82376E-007
    2318  0.85397E-007
    2319  0.88439E-007
    2320  0.91501E-007
    2321  0.94581E-007
    2322  0.97676E-007
    2323  0.10079E-006
    2324  0.10391E-006
    2325  0.10704E-006
    2326  0.11018E-006
    2327  0.11333E-006
    2328  0.11649E-006
    2329  0.11965E-006
    2330  0.12281E-006
    2331  0.12598E-006
    2332  0.12915E-006
    2333  0.13231E-006
    2334  0.13548E-006
    2335  0.13864E-006
    2336  0.14180E-006
    2337  0.14495E-006
    2338  0.14810E-006
    2339  0.15124E-006
    2340  0.15437E-006
    2341  0.15750E-006
    2342  0.16061E-006
    2343  0.16371E-006
    2344  0.16681E-006
    2345  0.16989E-006
    2346  0.17296E-006
    2347  0.17602E-006
    2348  0.17906E-006
    2349  0.18209E-006
    2350  0.18510E-006
    2351  0.18811E-006
    2352  0.19109E-006
    2353  0.19406E-006
    2354  0.19702E-006
    2355  0.19996E-006
    2356  0.20288E-006
    2357  0.20579E-006
    2358  0.20868E-006
    2359  0.21155E-006
    2360  0.21441E-006
    2361  0.21725E-006
    2362  0.22008E-006
    2363  0.22289E-006
    2364  0.22568E-006
    2365  0.22845E-006
    2366  0.23121E-006
    2367  0.23395E-006
    2368  0.23668E-006
    2369  0.23938E-006
    2370  0.24207E-006
    2371  0.24475E-006
    2372  0.24741E-006
    2373  0.25005E-006
    2374  0.25268E-006
    2375  0.25529E-006
    2376  0.25789E-006
    2377  0.26047E-006
    2378  0.26303E-006
    2379  0.26558E-006
    2380  0.26812E-006
    2381  0.27064E-006
    2382  0.27315E-006
    2383  0.27564E-006
    2384  0.27812E-006
    2385  0.28058E-006
    2386  0.28303E-006
    2387  0.28547E-006
    2388  0.28790E-006
    2389  0.29031E-006
    2390  0.29271E-006
    2391  0.29509E-006
    2392  0.29747E-006
    2393  0.29983E-006
    2394  0.30218E-006
    2395  0.30452E-006
    2396  0.30685E-006
    2397  0.30917E-006
    2398  0.31147E-006
    2399  0.31377E-006
    2400  0.31605E-006
    2401  0.31833E-006
    2402  0.32059E-006
    2403  0.32284E-006
    2404  0.32509E-006
    2405  0.32732E-006
    2406  0.32955E-006
    2407  0.33177E-006
    2408  0.33397E-006
    2409  0.33617E-006
    2410  0.33836E-006
    2411  0.34054E-006
    2412  0.34272E-006
    2413  0.34488E-006
    2414  0.34704E-006
    7994  0.35133E-007
    7995  0.34080E-007
    7996  0.33022E-007
    7997  0.31959E-007
    7998  0.30890E-007
    7999  0.29816E-007
    8000  0.28737E-007
    8001  0.27652E-007
    8002  0.26561E-007
    8003  0.25465E-007
    8004  0.24363E-007
    8005  0.23255E-007
    8006  0.22141E-007
    8007  0.21021E-007
    8008  0.19896E-007
    8009  0.18764E-007
    8010  0.17627E-007
    8011  0.16484E-007
    8012  0.15335E-007
    8013  0.14180E-007
    8014  0.13021E-007
    8015  0.11859E-007
    8016  0.10695E-007
    8017  0.95336E-008
    8018  0.83778E-008
    8019  0.72373E-008
    8020  0.61188E-008
    8021  0.50382E-008
    8022  0.40087E-008
    8023  0.30516E-008
    8024  0.21870E-008
    8025  0.14375E-008
    8026  0.82733E-009
    8027  0.37306E-009
    8028  0.95891E-010
    8029  0.34919E-006
    8030  0.34920E-006
    8031  0.34920E-006
    8032  0.34920E-006
    8033  0.34921E-006
    8034  0.34921E-006
    8035  0.34922E-006
    8036  0.34923E-006
    8037  0.34924E-006
    8038  0.34925E-006
    8039  0.34926E-006
    8040  0.34927E-006
    8041  0.34928E-006
    8042  0.34929E-006
    8043  0.34931E-006
    8044  0.34932E-006
    8045  0.34934E-006
    8046  0.34935E-006
    8047  0.34937E-006
    8048  0.34939E-006
    8049  0.34941E-006
    8050  0.34943E-006
    8051  0.34945E-006
    8052  0.34947E-006
    8053  0.34949E-006
    8054  0.34951E-006
    8055  0.34953E-006
    8056  0.34956E-006
    8057  0.34958E-006
    8058  0.34961E-006
    8059  0.34964E-006
    8060  0.34966E-006
    8061  0.34969E-006
    8062  0.34972E-006
    8063  0.34975E-006
    8064  0.34704E-006
    8065  0.34705E-006
    8066  0.34706E-006
    8067  0.34708E-006
    8068  0.34710E-006
    8069  0.34712E-006
    8070  0.34715E-006
    8071  0.34718E-006
    8072  0.34721E-006
    8073  0.34725E-006
    8074  0.34728E-006
    8075  0.34733E-006
    8076  0.34737E-006
    8077  0.34742E-006
    8078  0.34748E-006
    8079  0.34753E-006
    8080  0.34759E-006
    8081  0.34488E-006
    8082  0.34489E-006
    8083  0.34489E-006
    8084  0.34489E-006
    8085  0.34490E-006
    8086  0.34491E-006
    8087  0.34491E-006
    8088  0.34492E-006
    8089  0.34493E-006
    8090  0.34494E-006
    8091  0.34495E-006
    8092  0.34497E-006
    8093  0.34498E-006
    8094  0.34499E-006
    8095  0.34501E-006
    8096  0.34502E-006
    8097  0.34504E-006
    8098  0.34506E-006
    8099  0.34508E-006
    8100  0.34510E-006
    8101  0.34512E-006
    8102  0.34514E-006
    8103  0.34516E-006
    8104  0.34518E-006
    8105  0.34520E-006
    8106  0.34523E-006
    8107  0.34525E-006
    8108  0.34528E-006
    8109  0.34531E-006
    8110  0.34533E-006
    8111  0.34536E-006
    8112  0.34539E-006
    8113  0.34542E-006
    8114  0.34545E-006
    8115  0.34548E-006
    8116  0.34272E-006
    8117  0.34273E-006
    8118  0.34274E-006
    8119  0.34276E-006
    8120  0.34278E-006
    8121  0.34280E-006
    8122  0.34283E-006
    8123  0.34286E-006
    8124  0.34290E-006
    8125  0.34294E-006
    8126  0.34298E-006
    8127  0.34303E-006
    8128  0.34308E-006
    8129  0.34313E-006
    8130  0.34318E-006
    8131  0.34324E-006
    8132  0.34330E-006
    8133  0.34054E-006
    8134  0.34055E-006
    8135  0.34055E-006
    8136  0.34056E-006
    8137  0.34056E-006
    8138  0.34057E-006
    8139  0.34058E-006
    8140  0.34059E-006
    8141  0.34060E-006
    8142  0.34061E-006
    8143  0.34062E-006
    8144  0.34063E-006
    8145  0.34065E-006
    8146  0.34066E-006
    8147  0.34068E-006
    8148  0.34070E-006
    8149  0.34072E-006
    8150  0.34073E-006
    8151  0.34075E-006
    8152  0.34077E-006
    8153  0.34080E-006
    8154  0.34082E-006
    8155  0.34084E-006
    8156  0.34086E-006
    8157  0.34089E-006
    8158  0.34091E-006
    8159  0.34094E-006
    8160  0.34097E-006
    8161  0.34100E-006
    8162  0.34103E-006
    8163  0.34106E-006
    8164  0.34109E-006
    8165  0.34112E-006
    8166  0.34115E-006
    8167  0.34118E-006
    8168  0.33837E-006
    8169  0.33837E-006
    8170  0.33839E-006
    8171  0.33841E-006
    8172  0.33843E-006
    8173  0.33846E-006
    8174  0.33849E-006
    8175  0.33852E-006
    8176  0.33856E-006
    8177  0.33860E-006
    8178  0.33865E-006
    8179  0.33869E-006
    8180  0.33875E-006
    8181  0.33880E-006
    8182  0.33886E-006
    8183  0.33892E-006
    8184  0.33899E-006
    8185  0.33617E-006
    8186  0.33618E-006
    8187  0.33618E-006
    8188  0.33618E-006
    8189  0.33619E-006
    8190  0.33620E-006
    8191  0.33621E-006
    8192  0.33622E-006
    8193  0.33623E-006
    8194  0.33624E-006
    8195  0.33626E-006
    8196  0.33627E-006
    8197  0.33629E-006
    8198  0.33630E-006
    8199  0.33632E-006
    8200  0.33634E-006
    8201  0.33636E-006
    8202  0.33638E-006
    8203  0.33640E-006
    8204  0.33642E-006
    8205  0.33644E-006
    8206  0.33647E-006
    8207  0.33649E-006
    8208  0.33652E-006
    8209  0.33654E-006
    8210  0.33657E-006
    8211  0.33660E-006
    8212  0.33663E-006
    8213  0.33666E-006
    8214  0.33669E-006
    8215  0.33672E-006
    8216  0.33675E-006
    8217  0.33678E-006
    8218  0.33682E-006
    8219  0.33685E-006
    8220  0.33398E-006
    8221  0.33399E-006
    8222  0.33400E-006
    8223  0.33402E-006
    8224  0.33405E-006
    8225  0.33408E-006
    8226  0.33411E-006
    8227  0.33415E-006
    8228  0.33419E-006
    8229  0.33423E-006
    8230  0.33428E-006
    8231  0.33433E-006
    8232  0.33439E-006
    8233  0.33444E-006
    8234  0.33451E-006
    8235  0.33457E-006
    8236  0.33464E-006
    8237  0.33177E-006
    8238  0.33177E-006
    8239  0.33177E-006
    8240  0.33178E-006
    8241  0.33179E-006
    8242  0.33180E-006
    8243  0.33181E-006
    8244  0.33182E-006
    8245  0.33183E-006
    8246  0.33184E-006
    8247  0.33186E-006
    8248  0.33187E-006
    8249  0.33189E-006
    8250  0.33191E-006
    8251  0.33193E-006
    8252  0.33195E-006
    8253  0.33197E-006
    8254  0.33199E-006
    8255  0.33201E-006
    8256  0.33203E-006
    8257  0.33206E-006
    8258  0.33208E-006
    8259  0.33211E-006
    8260  0.33214E-006
    8261  0.33216E-006
    8262  0.33219E-006
    8263  0.33222E-006
    8264  0.33225E-006
    8265  0.33228E-006
    8266  0.33232E-006
    8267  0.33235E-006
    8268  0.33238E-006
    8269  0.33242E-006
    8270  0.33246E-006
    8271  0.33249E-006
    8272  0.32955E-006
    8273  0.32956E-006
    8274  0.32958E-006
    8275  0.32960E-006
    8276  0.32963E-006
    8277  0.32966E-006
    8278  0.32970E-006
    8279  0.32974E-006
    8280  0.32978E-006
    8281  0.32983E-006
    8282  0.32988E-006
    8283  0.32993E-006
    8284  0.32999E-006
    8285  0.33005E-006
    8286  0.33012E-006
    8287  0.33019E-006
    8288  0.33026E-006
    8289  0.32732E-006
    8290  0.32733E-006
    8291  0.32733E-006
    8292  0.32734E-006
    8293  0.32735E-006
    8294  0.32736E-006
    8295  0.32737E-006
    8296  0.32738E-006
    8297  0.32739E-006
    8298  0.32741E-006
    8299  0.32742E-006
    8300  0.32744E-006
    8301  0.32746E-006
    8302  0.32748E-006
    8303  0.32750E-006
    8304  0.32752E-006
    8305  0.32754E-006
    8306  0.32756E-006
    8307  0.32759E-006
    8308  0.32761E-006
    8309  0.32764E-006
    8310  0.32767E-006
    8311  0.32769E-006
    8312  0.32772E-006
    8313  0.32775E-006
    8314  0.32778E-006
    8315  0.32781E-006
    8316  0.32785E-006
    8317  0.32788E-006
    8318  0.32791E-006
    8319  0.32795E-006
    8320  0.32799E-006
    8321  0.32802E-006
    8322  0.32806E-006
    8323  0.32810E-006
    8324  0.32509E-006
    8325  0.32510E-006
    8326  0.32512E-006
    8327  0.32515E-006
    8328  0.32518E-006
    8329  0.32521E-006
    8330  0.32525E-006
    8331  0.32529E-006
    8332  0.32534E-006
    8333  0.32539E-006
    8334  0.32544E-006
    8335  0.32550E-006
    8336  0.32557E-006
    8337  0.32563E-006
    8338  0.32570E-006
    8339  0.32577E-006
    8340  0.32585E-006
    8341  0.32284E-006
    8342  0.32285E-006
    8343  0.32285E-006
    8344  0.32286E-006
    8345  0.32287E-006
    8346  0.32288E-006
    8347  0.32289E-006
    8348  0.32291E-006
    8349  0.32292E-006
    8350  0.32294E-006
    8351  0.32295E-006
    8352  0.32297E-006
    8353  0.32299E-006
    8354  0.32301E-006
    8355  0.32303E-006
    8356  0.32306E-006
    8357  0.32308E-006
    8358  0.32311E-006
    8359  0.32313E-006
    8360  0.32316E-006
    8361  0.32319E-006
    8362  0.32321E-006
    8363  0.32324E-006
    8364  0.32327E-006
    8365  0.32331E-006
    8366  0.32334E-006
    8367  0.32337E-006
    8368  0.32341E-006
    8369  0.32344E-006
    8370  0.32348E-006
    8371  0.32352E-006
    8372  0.32355E-006
    8373  0.32359E-006
    8374  0.32363E-006
    8375  0.32368E-006
    8376  0.32059E-006
    8377  0.32061E-006
    8378  0.32063E-006
    8379  0.32065E-006
    8380  0.32069E-006
    8381  0.32072E-006
    8382  0.32077E-006
    8383  0.32081E-006
    8384  0.32086E-006
    8385  0.32092E-006
    8386  0.32098E-006
    8387  0.32104E-006
    8388  0.32110E-006
    8389  0.32117E-006
    8390  0.32125E-006
    8391  0.32133E-006
    8392  0.32141E-006
    8393  0.31833E-006
    8394  0.31833E-006
    8395  0.31834E-006
    8396  0.31834E-006
    8397  0.31835E-006
    8398  0.31836E-006
    8399  0.31838E-006
    8400  0.31839E-006
    8401  0.31841E-006
    8402  0.31843E-006
    8403  0.31845E-006
    8404  0.31847E-006
    8405  0.31849E-006
    8406  0.31851E-006
    8407  0.31853E-006
    8408  0.31856E-006
    8409  0.31858E-006
    8410  0.31861E-006
    8411  0.31864E-006
    8412  0.31867E-006
    8413  0.31870E-006
    8414  0.31873E-006
    8415  0.31876E-006
    8416  0.31879E-006
    8417  0.31883E-006
    8418  0.31886E-006
    8419  0.31890E-006
    8420  0.31893E-006
    8421  0.31897E-006
    8422  0.31901E-006
    8423  0.31905E-006
    8424  0.31909E-006
    8425  0.31913E-006
    8426  0.31917E-006
    8427  0.31922E-006
    8428  0.31606E-006
    8429  0.31607E-006
    8430  0.31609E-006
    8431  0.31612E-006
    8432  0.31616E-006
    8433  0.31620E-006
    8434  0.31624E-006
    8435  0.31629E-006
    8436  0.31635E-006
    8437  0.31641E-006
    8438  0.31647E-006
    8439  0.31654E-006
    8440  0.31661E-006
    8441  0.31668E-006
    8442  0.31676E-006
    8443  0.31684E-006
    8444  0.31693E-006
    8445  0.31377E-006
    8446  0.31377E-006
    8447  0.31378E-006
    8448  0.31379E-006
    8449  0.31380E-006
    8450  0.31381E-006
    8451  0.31382E-006
    8452  0.31384E-006
    8453  0.31386E-006
    8454  0.31388E-006
    8455  0.31390E-006
    8456  0.31392E-006
    8457  0.31394E-006
    8458  0.31397E-006
    8459  0.31399E-006
    8460  0.31402E-006
    8461  0.31405E-006
    8462  0.31408E-006
    8463  0.31411E-006
    8464  0.31414E-006
    8465  0.31417E-006
    8466  0.31420E-006
    8467  0.31424E-006
    8468  0.31427E-006
    8469  0.31431E-006
    8470  0.31434E-006
    8471  0.31438E-006
    8472  0.31442E-006
    8473  0.31446E-006
    8474  0.31450E-006
    8475  0.31455E-006
    8476  0.31459E-006
    8477  0.31463E-006
    8478  0.31468E-006
    8479  0.31472E-006
    8480  0.31148E-006
    8481  0.31149E-006
    8482  0.31152E-006
    8483  0.31155E-006
    8484  0.31159E-006
    8485  0.31163E-006
    8486  0.31168E-006
    8487  0.31174E-006
    8488  0.31180E-006
    8489  0.31186E-006
    8490  0.31193E-006
    8491  0.31200E-006
    8492  0.31207E-006
    8493  0.31215E-006
    8494  0.31224E-006
    8495  0.31232E-006
    8496  0.31242E-006
    8497  0.30917E-006
    8498  0.30917E-006
    8499  0.30918E-006
    8500  0.30919E-006
    8501  0.30920E-006
    8502  0.30921E-006
    8503  0.30923E-006
    8504  0.30925E-006
    8505  0.30927E-006
    8506  0.30929E-006
    8507  0.30931E-006
    8508  0.30934E-006
    8509  0.30936E-006
    8510  0.30939E-006
    8511  0.30941E-006
    8512  0.30944E-006
    8513  0.30947E-006
    8514  0.30950E-006
    8515  0.30954E-006
    8516  0.30957E-006
    8517  0.30960E-006
    8518  0.30964E-006
    8519  0.30968E-006
    8520  0.30971E-006
    8521  0.30975E-006
    8522  0.30979E-006
    8523  0.30983E-006
    8524  0.30987E-006
    8525  0.30992E-006
    8526  0.30996E-006
    8527  0.31001E-006
    8528  0.31005E-006
    8529  0.31010E-006
    8530  0.31015E-006
    8531  0.31020E-006
    8532  0.30685E-006
    8533  0.30687E-006
    8534  0.30690E-006
    8535  0.30694E-006
    8536  0.30698E-006
    8537  0.30703E-006
    8538  0.30708E-006
    8539  0.30714E-006
    8540  0.30720E-006
    8541  0.30727E-006
    8542  0.30734E-006
    8543  0.30742E-006
    8544  0.30750E-006
    8545  0.30759E-006
    8546  0.30768E-006
    8547  0.30777E-006
    8548  0.30787E-006
    8549  0.30452E-006
    8550  0.30453E-006
    8551  0.30453E-006
    8552  0.30455E-006
    8553  0.30456E-006
    8554  0.30457E-006
    8555  0.30459E-006
    8556  0.30461E-006
    8557  0.30463E-006
    8558  0.30466E-006
    8559  0.30468E-006
    8560  0.30471E-006
    8561  0.30474E-006
    8562  0.30476E-006
    8563  0.30479E-006
    8564  0.30483E-006
    8565  0.30486E-006
    8566  0.30489E-006
    8567  0.30493E-006
    8568  0.30496E-006
    8569  0.30500E-006
    8570  0.30504E-006
    8571  0.30508E-006
    8572  0.30512E-006
    8573  0.30516E-006
    8574  0.30520E-006
    8575  0.30524E-006
    8576  0.30529E-006
    8577  0.30533E-006
    8578  0.30538E-006
    8579  0.30543E-006
    8580  0.30548E-006
    8581  0.30553E-006
    8582  0.30558E-006
    8583  0.30563E-006
    8584  0.30219E-006
    8585  0.30221E-006
    8586  0.30224E-006
    8587  0.30228E-006
    8588  0.30232E-006
    8589  0.30238E-006
    8590  0.30244E-006
    8591  0.30250E-006
    8592  0.30257E-006
    8593  0.30264E-006
    8594  0.30272E-006
    8595  0.30280E-006
    8596  0.30289E-006
    8597  0.30298E-006
    8598  0.30308E-006
    8599  0.30318E-006
    8600  0.30328E-006
    8601  0.29983E-006
    8602  0.29984E-006
    8603  0.29985E-006
    8604  0.29986E-006
    8605  0.29987E-006
    8606  0.29989E-006
    8607  0.29991E-006
    8608  0.29993E-006
    8609  0.29996E-006
    8610  0.29998E-006
    8611  0.30001E-006
    8612  0.30004E-006
    8613  0.30007E-006
    8614  0.30010E-006
    8615  0.30013E-006
    8616  0.30016E-006
    8617  0.30020E-006
    8618  0.30024E-006
    8619  0.30027E-006
    8620  0.30031E-006
    8621  0.30035E-006
    8622  0.30039E-006
    8623  0.30044E-006
    8624  0.30048E-006
    8625  0.30052E-006
    8626  0.30057E-006
    8627  0.30062E-006
    8628  0.30066E-006
    8629  0.30071E-006
    8630  0.30076E-006
    8631  0.30081E-006
    8632  0.30087E-006
    8633  0.30092E-006
    8634  0.30097E-006
    8635  0.30103E-006
    8636  0.29748E-006
    8637  0.29750E-006
    8638  0.29753E-006
    8639  0.29757E-006
    8640  0.29763E-006
    8641  0.29768E-006
    8642  0.29775E-006
    8643  0.29782E-006
    8644  0.29789E-006
    8645  0.29797E-006
    8646  0.29806E-006
    8647  0.29814E-006
    8648  0.29824E-006
    8649  0.29834E-006
    8650  0.29844E-006
    8651  0.29855E-006
    8652  0.29866E-006
    8653  0.29510E-006
    8654  0.29510E-006
    8655  0.29511E-006
    8656  0.29512E-006
    8657  0.29514E-006
    8658  0.29516E-006
    8659  0.29518E-006
    8660  0.29521E-006
    8661  0.29523E-006
    8662  0.29526E-006
    8663  0.29529E-006
    8664  0.29532E-006
    8665  0.29535E-006
    8666  0.29539E-006
    8667  0.29542E-006
    8668  0.29546E-006
    8669  0.29550E-006
    8670  0.29554E-006
    8671  0.29558E-006
    8672  0.29562E-006
    8673  0.29566E-006
    8674  0.29571E-006
    8675  0.29575E-006
    8676  0.29580E-006
    8677  0.29585E-006
    8678  0.29590E-006
    8679  0.29595E-006
    8680  0.29600E-006
    8681  0.29605E-006
    8682  0.29610E-006
    8683  0.29616E-006
    8684  0.29622E-006
    8685  0.29627E-006
    8686  0.29633E-006
    8687  0.29639E-006
    8688  0.29271E-006
    8689  0.29274E-006
    8690  0.29278E-006
    8691  0.29282E-006
    8692  0.29288E-006
    8693  0.29295E-006
    8694  0.29302E-006
    8695  0.29309E-006
    8696  0.29317E-006
    8697  0.29326E-006
    8698  0.29335E-006
    8699  0.29344E-006
    8700  0.29355E-006
    8701  0.29365E-006
    8702  0.29376E-006
    8703  0.29388E-006
    8704  0.29399E-006
    8705  0.29031E-006
    8706  0.29032E-006
    8707  0.29033E-006
    8708  0.29034E-006
    8709  0.29036E-006
    8710  0.29038E-006
    8711  0.29040E-006
    8712  0.29043E-006
    8713  0.29046E-006
    8714  0.29049E-006
    8715  0.29052E-006
    8716  0.29056E-006
    8717  0.29059E-006
    8718  0.29063E-006
    8719  0.29067E-006
    8720  0.29071E-006
    8721  0.29075E-006
    8722  0.29080E-006
    8723  0.29084E-006
    8724  0.29088E-006
    8725  0.29093E-006
    8726  0.29098E-006
    8727  0.29103E-006
    8728  0.29108E-006
    8729  0.29113E-006
    8730  0.29118E-006
    8731  0.29124E-006
    8732  0.29129E-006
    8733  0.29135E-006
    8734  0.29141E-006
    8735  0.29146E-006
    8736  0.29152E-006
    8737  0.29159E-006
    8738  0.29165E-006
    8739  0.29171E-006
    8740  0.28790E-006
    8741  0.28793E-006
    8742  0.28797E-006
    8743  0.28803E-006
    8744  0.28809E-006
    8745  0.28816E-006
    8746  0.28824E-006
    8747  0.28832E-006
    8748  0.28841E-006
    8749  0.28850E-006
    8750  0.28860E-006
    8751  0.28870E-006
    8752  0.28881E-006
    8753  0.28892E-006
    8754  0.28904E-006
    8755  0.28916E-006
    8756  0.28929E-006
    8757  0.28547E-006
    8758  0.28548E-006
    8759  0.28549E-006
    8760  0.28551E-006
    8761  0.28553E-006
    8762  0.28555E-006
    8763  0.28558E-006
    8764  0.28561E-006
    8765  0.28564E-006
    8766  0.28567E-006
    8767  0.28571E-006
    8768  0.28575E-006
    8769  0.28579E-006
    8770  0.28583E-006
    8771  0.28587E-006
    8772  0.28592E-006
    8773  0.28596E-006
    8774  0.28601E-006
    8775  0.28605E-006
    8776  0.28610E-006
    8777  0.28615E-006
    8778  0.28621E-006
    8779  0.28626E-006
    8780  0.28631E-006
    8781  0.28637E-006
    8782  0.28643E-006
    8783  0.28648E-006
    8784  0.28654E-006
    8785  0.28660E-006
    8786  0.28667E-006
    8787  0.28673E-006
    8788  0.28679E-006
    8789  0.28686E-006
    8790  0.28693E-006
    8791  0.28699E-006
    8792  0.28304E-006
    8793  0.28307E-006
    8794  0.28312E-006
    8795  0.28318E-006
    8796  0.28325E-006
    8797  0.28333E-006
    8798  0.28341E-006
    8799  0.28350E-006
    8800  0.28360E-006
    8801  0.28370E-006
    8802  0.28380E-006
    8803  0.28391E-006
    8804  0.28403E-006
    8805  0.28415E-006
    8806  0.28428E-006
    8807  0.28441E-006
    8808  0.28455E-006
    8809  0.28058E-006
    8810  0.28059E-006
    8811  0.28061E-006
    8812  0.28062E-006
    8813  0.28065E-006
    8814  0.28067E-006
    8815  0.28070E-006
    8816  0.28073E-006
    8817  0.28077E-006
    8818  0.28081E-006
    8819  0.28085E-006
    8820  0.28089E-006
    8821  0.28093E-006
    8822  0.28098E-006
    8823  0.28102E-006
    8824  0.28107E-006
    8825  0.28112E-006
    8826  0.28117E-006
    8827  0.28122E-006
    8828  0.28128E-006
    8829  0.28133E-006
    8830  0.28139E-006
    8831  0.28145E-006
    8832  0.28150E-006
    8833  0.28156E-006
    8834  0.28163E-006
    8835  0.28169E-006
    8836  0.28175E-006
    8837  0.28182E-006
    8838  0.28188E-006
    8839  0.28195E-006
    8840  0.28202E-006
    8841  0.28209E-006
    8842  0.28216E-006
    8843  0.28223E-006
    8844  0.27813E-006
    8845  0.27816E-006
    8846  0.27821E-006
    8847  0.27828E-006
    8848  0.27836E-006
    8849  0.27844E-006
    8850  0.27853E-006
    8851  0.27863E-006
    8852  0.27874E-006
    8853  0.27885E-006
    8854  0.27896E-006
    8855  0.27908E-006
    8856  0.27921E-006
    8857  0.27934E-006
    8858  0.27948E-006
    8859  0.27962E-006
    8860  0.27976E-006
    8861  0.27564E-006
    8862  0.27565E-006
    8863  0.27567E-006
    8864  0.27569E-006
    8865  0.27571E-006
    8866  0.27574E-006
    8867  0.27577E-006
    8868  0.27581E-006
    8869  0.27585E-006
    8870  0.27589E-006
    8871  0.27593E-006
    8872  0.27598E-006
    8873  0.27603E-006
    8874  0.27608E-006
    8875  0.27613E-006
    8876  0.27618E-006
    8877  0.27623E-006
    8878  0.27629E-006
    8879  0.27634E-006
    8880  0.27640E-006
    8881  0.27646E-006
    8882  0.27652E-006
    8883  0.27658E-006
    8884  0.27665E-006
    8885  0.27671E-006
    8886  0.27678E-006
    8887  0.27685E-006
    8888  0.27692E-006
    8889  0.27699E-006
    8890  0.27706E-006
    8891  0.27713E-006
    8892  0.27720E-006
    8893  0.27728E-006
    8894  0.27736E-006
    8895  0.27743E-006
    8896  0.27316E-006
    8897  0.27320E-006
    8898  0.27325E-006
    8899  0.27333E-006
    8900  0.27341E-006
    8901  0.27350E-006
    8902  0.27361E-006
    8903  0.27371E-006
    8904  0.27383E-006
    8905  0.27395E-006
    8906  0.27407E-006
    8907  0.27420E-006
    8908  0.27434E-006
    8909  0.27448E-006
    8910  0.27463E-006
    8911  0.27478E-006
    8912  0.27494E-006
    8913  0.27064E-006
    8914  0.27065E-006
    8915  0.27067E-006
    8916  0.27069E-006
    8917  0.27072E-006
    8918  0.27075E-006
    8919  0.27079E-006
    8920  0.27083E-006
    8921  0.27087E-006
    8922  0.27092E-006
    8923  0.27097E-006
    8924  0.27102E-006
    8925  0.27107E-006
    8926  0.27112E-006
    8927  0.27118E-006
    8928  0.27124E-006
    8929  0.27129E-006
    8930  0.27135E-006
    8931  0.27142E-006
    8932  0.27148E-006
    8933  0.27154E-006
    8934  0.27161E-006
    8935  0.27168E-006
    8936  0.27175E-006
    8937  0.27182E-006
    8938  0.27189E-006
    8939  0.27196E-006
    8940  0.27203E-006
    8941  0.27211E-006
    8942  0.27219E-006
    8943  0.27226E-006
    8944  0.27234E-006
    8945  0.27242E-006
    8946  0.27251E-006
    8947  0.27259E-006
    8948  0.26813E-006
    8949  0.26817E-006
    8950  0.26824E-006
    8951  0.26832E-006
    8952  0.26841E-006
    8953  0.26852E-006
    8954  0.26863E-006
    8955  0.26875E-006
    8956  0.26887E-006
    8957  0.26900E-006
    8958  0.26914E-006
    8959  0.26928E-006
    8960  0.26942E-006
    8961  0.26958E-006
    8962  0.26973E-006
    8963  0.26990E-006
    8964  0.27007E-006
    8965  0.26559E-006
    8966  0.26560E-006
    8967  0.26562E-006
    8968  0.26564E-006
    8969  0.26567E-006
    8970  0.26571E-006
    8971  0.26575E-006
    8972  0.26579E-006
    8973  0.26584E-006
    8974  0.26589E-006
    8975  0.26595E-006
    8976  0.26600E-006
    8977  0.26606E-006
    8978  0.26612E-006
    8979  0.26618E-006
    8980  0.26624E-006
    8981  0.26631E-006
    8982  0.26637E-006
    8983  0.26644E-006
    8984  0.26651E-006
    8985  0.26658E-006
    8986  0.26665E-006
    8987  0.26672E-006
    8988  0.26680E-006
    8989  0.26687E-006
    8990  0.26695E-006
    8991  0.26703E-006
    8992  0.26711E-006
    8993  0.26719E-006
    8994  0.26727E-006
    8995  0.26736E-006
    8996  0.26744E-006
    8997  0.26753E-006
    8998  0.26762E-006
    8999  0.26771E-006
    9000  0.26305E-006
    9001  0.26309E-006
    9002  0.26316E-006
    9003  0.26325E-006
    9004  0.26336E-006
    9005  0.26347E-006
    9006  0.26359E-006
    9007  0.26372E-006
    9008  0.26386E-006
    9009  0.26400E-006
    9010  0.26415E-006
    9011  0.26430E-006
    9012  0.26446E-006
    9013  0.26463E-006
    9014  0.26480E-006
    9015  0.26497E-006
    9016  0.26515E-006
    9017  0.26047E-006
    9018  0.26048E-006
    9019  0.26050E-006
    9020  0.26053E-006
    9021  0.26057E-006
    9022  0.26061E-006
    9023  0.26065E-006
    9024  0.26070E-006
    9025  0.26075E-006
    9026  0.26081E-006
    9027  0.26087E-006
    9028  0.26093E-006
    9029  0.26099E-006
    9030  0.26106E-006
    9031  0.26112E-006
    9032  0.26119E-006
    9033  0.26126E-006
    9034  0.26134E-006
    9035  0.26141E-006
    9036  0.26148E-006
    9037  0.26156E-006
    9038  0.26164E-006
    9039  0.26172E-006
    9040  0.26180E-006
    9041  0.26188E-006
    9042  0.26196E-006
    9043  0.26205E-006
    9044  0.26213E-006
    9045  0.26222E-006
    9046  0.26231E-006
    9047  0.26240E-006
    9048  0.26249E-006
    9049  0.26259E-006
    9050  0.26268E-006
    9051  0.26278E-006
    9052  0.25790E-006
    9053  0.25795E-006
    9054  0.25803E-006
    9055  0.25813E-006
    9056  0.25825E-006
    9057  0.25837E-006
    9058  0.25851E-006
    9059  0.25865E-006
    9060  0.25880E-006
    9061  0.25895E-006
    9062  0.25911E-006
    9063  0.25928E-006
    9064  0.25945E-006
    9065  0.25963E-006
    9066  0.25981E-006
    9067  0.26000E-006
    9068  0.26020E-006
    9069  0.25530E-006
    9070  0.25531E-006
    9071  0.25533E-006
    9072  0.25536E-006
    9073  0.25540E-006
    9074  0.25544E-006
    9075  0.25549E-006
    9076  0.25555E-006
    9077  0.25561E-006
    9078  0.25567E-006
    9079  0.25574E-006
    9080  0.25580E-006
    9081  0.25587E-006
    9082  0.25594E-006
    9083  0.25602E-006
    9084  0.25609E-006
    9085  0.25617E-006
    9086  0.25625E-006
    9087  0.25633E-006
    9088  0.25641E-006
    9089  0.25649E-006
    9090  0.25658E-006
    9091  0.25666E-006
    9092  0.25675E-006
    9093  0.25684E-006
    9094  0.25693E-006
    9095  0.25702E-006
    9096  0.25711E-006
    9097  0.25721E-006
    9098  0.25730E-006
    9099  0.25740E-006
    9100  0.25750E-006
    9101  0.25760E-006
    9102  0.25770E-006
    9103  0.25780E-006
    9104  0.25270E-006
    9105  0.25275E-006
    9106  0.25284E-006
    9107  0.25295E-006
    9108  0.25308E-006
    9109  0.25322E-006
    9110  0.25337E-006
    9111  0.25352E-006
    9112  0.25368E-006
    9113  0.25385E-006
    9114  0.25403E-006
    9115  0.25421E-006
    9116  0.25439E-006
    9117  0.25458E-006
    9118  0.25478E-006
    9119  0.25499E-006
    9120  0.25520E-006
    9121  0.25006E-006
    9122  0.25007E-006
    9123  0.25010E-006
    9124  0.25013E-006
    9125  0.25017E-006
    9126  0.25022E-006
    9127  0.25028E-006
    9128  0.25034E-006
    9129  0.25040E-006
    9130  0.25047E-006
    9131  0.25054E-006
    9132  0.25062E-006
    9133  0.25069E-006
    9134  0.25077E-006
    9135  0.25085E-006
    9136  0.25094E-006
    9137  0.25102E-006
    9138  0.25110E-006
    9139  0.25119E-006
    9140  0.25128E-006
    9141  0.25137E-006
    9142  0.25146E-006
    9143  0.25156E-006
    9144  0.25165E-006
    9145  0.25175E-006
    9146  0.25184E-006
    9147  0.25194E-006
    9148  0.25204E-006
    9149  0.25215E-006
    9150  0.25225E-006
    9151  0.25235E-006
    9152  0.25246E-006
    9153  0.25257E-006
    9154  0.25268E-006
    9155  0.25279E-006
    9156  0.24743E-006
    9157  0.24749E-006
    9158  0.24759E-006
    9159  0.24771E-006
    9160  0.24785E-006
    9161  0.24800E-006
    9162  0.24817E-006
    9163  0.24834E-006
    9164  0.24851E-006
    9165  0.24870E-006
    9166  0.24889E-006
    9167  0.24908E-006
    9168  0.24928E-006
    9169  0.24949E-006
    9170  0.24971E-006
    9171  0.24993E-006
    9172  0.25015E-006
    9173  0.24476E-006
    9174  0.24477E-006
    9175  0.24480E-006
    9176  0.24484E-006
    9177  0.24489E-006
    9178  0.24494E-006
    9179  0.24500E-006
    9180  0.24507E-006
    9181  0.24514E-006
    9182  0.24522E-006
    9183  0.24529E-006
    9184  0.24538E-006
    9185  0.24546E-006
    9186  0.24555E-006
    9187  0.24563E-006
    9188  0.24572E-006
    9189  0.24582E-006
    9190  0.24591E-006
    9191  0.24600E-006
    9192  0.24610E-006
    9193  0.24620E-006
    9194  0.24630E-006
    9195  0.24640E-006
    9196  0.24650E-006
    9197  0.24661E-006
    9198  0.24671E-006
    9199  0.24682E-006
    9200  0.24693E-006
    9201  0.24704E-006
    9202  0.24715E-006
    9203  0.24726E-006
    9204  0.24738E-006
    9205  0.24749E-006
    9206  0.24761E-006
    9207  0.24773E-006
    9208  0.24210E-006
    9209  0.24217E-006
    9210  0.24227E-006
    9211  0.24241E-006
    9212  0.24256E-006
    9213  0.24273E-006
    9214  0.24291E-006
    9215  0.24310E-006
    9216  0.24329E-006
    9217  0.24349E-006
    9218  0.24370E-006
    9219  0.24391E-006
    9220  0.24413E-006
    9221  0.24435E-006
    9222  0.24458E-006
    9223  0.24482E-006
    9224  0.24506E-006
    9225  0.23939E-006
    9226  0.23941E-006
    9227  0.23944E-006
    9228  0.23948E-006
    9229  0.23953E-006
    9230  0.23959E-006
    9231  0.23966E-006
    9232  0.23974E-006
    9233  0.23981E-006
    9234  0.23990E-006
    9235  0.23998E-006
    9236  0.24007E-006
    9237  0.24017E-006
    9238  0.24026E-006
    9239  0.24036E-006
    9240  0.24046E-006
    9241  0.24056E-006
    9242  0.24066E-006
    9243  0.24076E-006
    9244  0.24087E-006
    9245  0.24097E-006
    9246  0.24108E-006
    9247  0.24119E-006
    9248  0.24130E-006
    9249  0.24141E-006
    9250  0.24153E-006
    9251  0.24165E-006
    9252  0.24176E-006
    9253  0.24188E-006
    9254  0.24200E-006
    9255  0.24212E-006
    9256  0.24225E-006
    9257  0.24237E-006
    9258  0.24250E-006
    9259  0.24263E-006
    9260  0.23670E-006
    9261  0.23678E-006
    9262  0.23690E-006
    9263  0.23705E-006
    9264  0.23722E-006
    9265  0.23740E-006
    9266  0.23760E-006
    9267  0.23780E-006
    9268  0.23801E-006
    9269  0.23823E-006
    9270  0.23845E-006
    9271  0.23868E-006
    9272  0.23892E-006
    9273  0.23916E-006
    9274  0.23941E-006
    9275  0.23967E-006
    9276  0.23993E-006
    9277  0.23396E-006
    9278  0.23398E-006
    9279  0.23401E-006
    9280  0.23406E-006
    9281  0.23412E-006
    9282  0.23418E-006
    9283  0.23426E-006
    9284  0.23434E-006
    9285  0.23443E-006
    9286  0.23452E-006
    9287  0.23462E-006
    9288  0.23471E-006
    9289  0.23481E-006
    9290  0.23492E-006
    9291  0.23502E-006
    9292  0.23513E-006
    9293  0.23524E-006
    9294  0.23535E-006
    9295  0.23546E-006
    9296  0.23558E-006
    9297  0.23569E-006
    9298  0.23581E-006
    9299  0.23593E-006
    9300  0.23605E-006
    9301  0.23617E-006
    9302  0.23630E-006
    9303  0.23642E-006
    9304  0.23655E-006
    9305  0.23668E-006
    9306  0.23681E-006
    9307  0.23694E-006
    9308  0.23707E-006
    9309  0.23721E-006
    9310  0.23734E-006
    9311  0.23748E-006
    9312  0.23124E-006
    9313  0.23132E-006
    9314  0.23145E-006
    9315  0.23162E-006
    9316  0.23181E-006
    9317  0.23201E-006
    9318  0.23223E-006
    9319  0.23245E-006
    9320  0.23268E-006
    9321  0.23291E-006
    9322  0.23316E-006
    9323  0.23341E-006
    9324  0.23366E-006
    9325  0.23393E-006
    9326  0.23419E-006
    9327  0.23447E-006
    9328  0.23475E-006
    9329  0.22846E-006
    9330  0.22848E-006
    9331  0.22852E-006
    9332  0.22857E-006
    9333  0.22864E-006
    9334  0.22871E-006
    9335  0.22879E-006
    9336  0.22888E-006
    9337  0.22898E-006
    9338  0.22908E-006
    9339  0.22918E-006
    9340  0.22929E-006
    9341  0.22940E-006
    9342  0.22952E-006
    9343  0.22963E-006
    9344  0.22975E-006
    9345  0.22987E-006
    9346  0.22999E-006
    9347  0.23011E-006
    9348  0.23024E-006
    9349  0.23036E-006
    9350  0.23049E-006
    9351  0.23062E-006
    9352  0.23075E-006
    9353  0.23088E-006
    9354  0.23102E-006
    9355  0.23115E-006
    9356  0.23129E-006
    9357  0.23143E-006
    9358  0.23157E-006
    9359  0.23171E-006
    9360  0.23185E-006
    9361  0.23200E-006
    9362  0.23214E-006
    9363  0.23229E-006
    9364  0.22571E-006
    9365  0.22580E-006
    9366  0.22595E-006
    9367  0.22613E-006
    9368  0.22634E-006
    9369  0.22656E-006
    9370  0.22679E-006
    9371  0.22704E-006
    9372  0.22729E-006
    9373  0.22755E-006
    9374  0.22781E-006
    9375  0.22808E-006
    9376  0.22836E-006
    9377  0.22864E-006
    9378  0.22893E-006
    9379  0.22923E-006
    9380  0.22953E-006
    9381  0.22290E-006
    9382  0.22292E-006
    9383  0.22296E-006
    9384  0.22302E-006
    9385  0.22309E-006
    9386  0.22317E-006
    9387  0.22326E-006
    9388  0.22336E-006
    9389  0.22347E-006
    9390  0.22358E-006
    9391  0.22369E-006
    9392  0.22381E-006
    9393  0.22393E-006
    9394  0.22406E-006
    9395  0.22418E-006
    9396  0.22431E-006
    9397  0.22444E-006
    9398  0.22457E-006
    9399  0.22471E-006
    9400  0.22484E-006
    9401  0.22498E-006
    9402  0.22512E-006
    9403  0.22526E-006
    9404  0.22540E-006
    9405  0.22554E-006
    9406  0.22569E-006
    9407  0.22583E-006
    9408  0.22598E-006
    9409  0.22613E-006
    9410  0.22628E-006
    9411  0.22643E-006
    9412  0.22659E-006
    9413  0.22674E-006
    9414  0.22690E-006
    9415  0.22706E-006
    9416  0.22011E-006
    9417  0.22022E-006
    9418  0.22038E-006
    9419  0.22058E-006
    9420  0.22080E-006
    9421  0.22105E-006
    9422  0.22131E-006
    9423  0.22157E-006
    9424  0.22185E-006
    9425  0.22213E-006
    9426  0.22241E-006
    9427  0.22271E-006
    9428  0.22301E-006
    9429  0.22331E-006
    9430  0.22362E-006
    9431  0.22394E-006
    9432  0.22426E-006
    9433  0.21726E-006
    9434  0.21729E-006
    9435  0.21734E-006
    9436  0.21740E-006
    9437  0.21748E-006
    9438  0.21757E-006
    9439  0.21767E-006
    9440  0.21778E-006
    9441  0.21789E-006
    9442  0.21802E-006
    9443  0.21814E-006
    9444  0.21827E-006
    9445  0.21840E-006
    9446  0.21854E-006
    9447  0.21868E-006
    9448  0.21882E-006
    9449  0.21896E-006
    9450  0.21910E-006
    9451  0.21925E-006
    9452  0.21940E-006
    9453  0.21954E-006
    9454  0.21969E-006
    9455  0.21985E-006
    9456  0.22000E-006
    9457  0.22015E-006
    9458  0.22031E-006
    9459  0.22047E-006
    9460  0.22063E-006
    9461  0.22079E-006
    9462  0.22095E-006
    9463  0.22112E-006
    9464  0.22128E-006
    9465  0.22145E-006
    9466  0.22162E-006
    9467  0.22179E-006
    9468  0.21445E-006
    9469  0.21457E-006
    9470  0.21474E-006
    9471  0.21496E-006
    9472  0.21521E-006
    9473  0.21548E-006
    9474  0.21576E-006
    9475  0.21605E-006
    9476  0.21635E-006
    9477  0.21665E-006
    9478  0.21696E-006
    9479  0.21728E-006
    9480  0.21760E-006
    9481  0.21793E-006
    9482  0.21827E-006
    9483  0.21861E-006
    9484  0.21896E-006
    9485  0.21157E-006
    9486  0.21160E-006
    9487  0.21165E-006
    9488  0.21172E-006
    9489  0.21180E-006
    9490  0.21190E-006
    9491  0.21201E-006
    9492  0.21213E-006
    9493  0.21226E-006
    9494  0.21239E-006
    9495  0.21253E-006
    9496  0.21267E-006
    9497  0.21282E-006
    9498  0.21297E-006
    9499  0.21312E-006
    9500  0.21327E-006
    9501  0.21342E-006
    9502  0.21358E-006
    9503  0.21374E-006
    9504  0.21390E-006
    9505  0.21406E-006
    9506  0.21422E-006
    9507  0.21438E-006
    9508  0.21455E-006
    9509  0.21472E-006
    9510  0.21489E-006
    9511  0.21506E-006
    9512  0.21523E-006
    9513  0.21540E-006
    9514  0.21558E-006
    9515  0.21575E-006
    9516  0.21593E-006
    9517  0.21611E-006
    9518  0.21629E-006
    9519  0.21648E-006
    9520  0.20872E-006
    9521  0.20885E-006
    9522  0.20904E-006
    9523  0.20928E-006
    9524  0.20956E-006
    9525  0.20985E-006
    9526  0.21016E-006
    9527  0.21047E-006
    9528  0.21080E-006
    9529  0.21113E-006
    9530  0.21146E-006
    9531  0.21181E-006
    9532  0.21216E-006
    9533  0.21251E-006
    9534  0.21288E-006
    9535  0.21324E-006
    9536  0.21362E-006
    9537  0.20580E-006
    9538  0.20583E-006
    9539  0.20589E-006
    9540  0.20597E-006
    9541  0.20606E-006
    9542  0.20617E-006
    9543  0.20629E-006
    9544  0.20642E-006
    9545  0.20656E-006
    9546  0.20671E-006
    9547  0.20686E-006
    9548  0.20701E-006
    9549  0.20717E-006
    9550  0.20733E-006
    9551  0.20750E-006
    9552  0.20766E-006
    9553  0.20783E-006
    9554  0.20800E-006
    9555  0.20817E-006
    9556  0.20835E-006
    9557  0.20852E-006
    9558  0.20870E-006
    9559  0.20887E-006
    9560  0.20905E-006
    9561  0.20923E-006
    9562  0.20942E-006
    9563  0.20960E-006
    9564  0.20979E-006
    9565  0.20997E-006
    9566  0.21016E-006
    9567  0.21035E-006
    9568  0.21054E-006
    9569  0.21074E-006
    9570  0.21093E-006
    9571  0.21113E-006
    9572  0.20293E-006
    9573  0.20307E-006
    9574  0.20328E-006
    9575  0.20354E-006
    9576  0.20384E-006
    9577  0.20416E-006
    9578  0.20450E-006
    9579  0.20484E-006
    9580  0.20519E-006
    9581  0.20555E-006
    9582  0.20592E-006
    9583  0.20629E-006
    9584  0.20667E-006
    9585  0.20705E-006
    9586  0.20744E-006
    9587  0.20783E-006
    9588  0.20824E-006
    9589  0.19997E-006
    9590  0.20001E-006
    9591  0.20007E-006
    9592  0.20015E-006
    9593  0.20025E-006
    9594  0.20037E-006
    9595  0.20051E-006
    9596  0.20065E-006
    9597  0.20080E-006
    9598  0.20096E-006
    9599  0.20113E-006
    9600  0.20130E-006
    9601  0.20147E-006
    9602  0.20165E-006
    9603  0.20183E-006
    9604  0.20201E-006
    9605  0.20219E-006
    9606  0.20237E-006
    9607  0.20256E-006
    9608  0.20275E-006
    9609  0.20294E-006
    9610  0.20313E-006
    9611  0.20332E-006
    9612  0.20351E-006
    9613  0.20371E-006
    9614  0.20390E-006
    9615  0.20410E-006
    9616  0.20430E-006
    9617  0.20450E-006
    9618  0.20471E-006
    9619  0.20491E-006
    9620  0.20512E-006
    9621  0.20532E-006
    9622  0.20553E-006
    9623  0.20574E-006
    9624  0.19707E-006
    9625  0.19722E-006
    9626  0.19745E-006
    9627  0.19774E-006
    9628  0.19807E-006
    9629  0.19842E-006
    9630  0.19879E-006
    9631  0.19916E-006
    9632  0.19954E-006
    9633  0.19993E-006
    9634  0.20032E-006
    9635  0.20072E-006
    9636  0.20113E-006
    9637  0.20155E-006
    9638  0.20196E-006
    9639  0.20239E-006
    9640  0.20282E-006
    9641  0.19408E-006
    9642  0.19412E-006
    9643  0.19419E-006
    9644  0.19428E-006
    9645  0.19439E-006
    9646  0.19452E-006
    9647  0.19466E-006
    9648  0.19482E-006
    9649  0.19499E-006
    9650  0.19516E-006
    9651  0.19534E-006
    9652  0.19553E-006
    9653  0.19572E-006
    9654  0.19591E-006
    9655  0.19610E-006
    9656  0.19630E-006
    9657  0.19650E-006
    9658  0.19670E-006
    9659  0.19690E-006
    9660  0.19710E-006
    9661  0.19730E-006
    9662  0.19751E-006
    9663  0.19772E-006
    9664  0.19793E-006
    9665  0.19814E-006
    9666  0.19835E-006
    9667  0.19856E-006
    9668  0.19878E-006
    9669  0.19899E-006
    9670  0.19921E-006
    9671  0.19943E-006
    9672  0.19965E-006
    9673  0.19987E-006
    9674  0.20010E-006
    9675  0.20032E-006
    9676  0.19115E-006
    9677  0.19131E-006
    9678  0.19157E-006
    9679  0.19188E-006
    9680  0.19224E-006
    9681  0.19262E-006
    9682  0.19302E-006
    9683  0.19343E-006
    9684  0.19384E-006
    9685  0.19426E-006
    9686  0.19469E-006
    9687  0.19512E-006
    9688  0.19556E-006
    9689  0.19600E-006
    9690  0.19645E-006
    9691  0.19691E-006
    9692  0.19737E-006
    9693  0.18812E-006
    9694  0.18817E-006
    9695  0.18824E-006
    9696  0.18834E-006
    9697  0.18846E-006
    9698  0.18860E-006
    9699  0.18876E-006
    9700  0.18893E-006
    9701  0.18912E-006
    9702  0.18931E-006
    9703  0.18950E-006
    9704  0.18971E-006
    9705  0.18991E-006
    9706  0.19012E-006
    9707  0.19033E-006
    9708  0.19054E-006
    9709  0.19076E-006
    9710  0.19097E-006
    9711  0.19119E-006
    9712  0.19141E-006
    9713  0.19163E-006
    9714  0.19185E-006
    9715  0.19208E-006
    9716  0.19230E-006
    9717  0.19253E-006
    9718  0.19276E-006
    9719  0.19299E-006
    9720  0.19322E-006
    9721  0.19345E-006
    9722  0.19368E-006
    9723  0.19392E-006
    9724  0.19415E-006
    9725  0.19439E-006
    9726  0.19463E-006
    9727  0.19487E-006
    9728  0.18517E-006
    9729  0.18535E-006
    9730  0.18562E-006
    9731  0.18597E-006
    9732  0.18636E-006
    9733  0.18677E-006
    9734  0.18720E-006
    9735  0.18764E-006
    9736  0.18809E-006
    9737  0.18855E-006
    9738  0.18901E-006
    9739  0.18947E-006
    9740  0.18995E-006
    9741  0.19042E-006
    9742  0.19091E-006
    9743  0.19139E-006
    9744  0.19189E-006
    9745  0.18211E-006
    9746  0.18215E-006
    9747  0.18223E-006
    9748  0.18234E-006
    9749  0.18248E-006
    9750  0.18263E-006
    9751  0.18281E-006
    9752  0.18299E-006
    9753  0.18319E-006
    9754  0.18340E-006
    9755  0.18361E-006
    9756  0.18383E-006
    9757  0.18405E-006
    9758  0.18428E-006
    9759  0.18451E-006
    9760  0.18474E-006
    9761  0.18497E-006
    9762  0.18520E-006
    9763  0.18544E-006
    9764  0.18567E-006
    9765  0.18591E-006
    9766  0.18615E-006
    9767  0.18639E-006
    9768  0.18664E-006
    9769  0.18688E-006
    9770  0.18713E-006
    9771  0.18737E-006
    9772  0.18762E-006
    9773  0.18787E-006
    9774  0.18812E-006
    9775  0.18837E-006
    9776  0.18863E-006
    9777  0.18888E-006
    9778  0.18914E-006
    9779  0.18939E-006
    9780  0.17913E-006
    9781  0.17932E-006
    9782  0.17963E-006
    9783  0.18000E-006
    9784  0.18043E-006
    9785  0.18088E-006
    9786  0.18134E-006
    9787  0.18182E-006
    9788  0.18230E-006
    9789  0.18279E-006
    9790  0.18329E-006
    9791  0.18379E-006
    9792  0.18430E-006
    9793  0.18481E-006
    9794  0.18533E-006
    9795  0.18585E-006
    9796  0.18638E-006
    9797  0.17603E-006
    9798  0.17609E-006
    9799  0.17617E-006
    9800  0.17629E-006
    9801  0.17644E-006
    9802  0.17661E-006
    9803  0.17680E-006
    9804  0.17700E-006
    9805  0.17721E-006
    9806  0.17744E-006
    9807  0.17767E-006
    9808  0.17791E-006
    9809  0.17815E-006
    9810  0.17839E-006
    9811  0.17864E-006
    9812  0.17889E-006
    9813  0.17914E-006
    9814  0.17939E-006
    9815  0.17965E-006
    9816  0.17990E-006
    9817  0.18016E-006
    9818  0.18042E-006
    9819  0.18068E-006
    9820  0.18094E-006
    9821  0.18120E-006
    9822  0.18146E-006
    9823  0.18173E-006
    9824  0.18199E-006
    9825  0.18226E-006
    9826  0.18253E-006
    9827  0.18280E-006
    9828  0.18307E-006
    9829  0.18334E-006
    9830  0.18362E-006
    9831  0.18389E-006
    9832  0.17303E-006
    9833  0.17325E-006
    9834  0.17358E-006
    9835  0.17398E-006
    9836  0.17444E-006
    9837  0.17493E-006
    9838  0.17544E-006
    9839  0.17595E-006
    9840  0.17647E-006
    9841  0.17700E-006
    9842  0.17754E-006
    9843  0.17808E-006
    9844  0.17862E-006
    9845  0.17917E-006
    9846  0.17973E-006
    9847  0.18028E-006
    9848  0.18085E-006
    9849  0.16991E-006
    9850  0.16997E-006
    9851  0.17006E-006
    9852  0.17019E-006
    9853  0.17035E-006
    9854  0.17053E-006
    9855  0.17074E-006
    9856  0.17096E-006
    9857  0.17119E-006
    9858  0.17144E-006
    9859  0.17169E-006
    9860  0.17194E-006
    9861  0.17221E-006
    9862  0.17247E-006
    9863  0.17274E-006
    9864  0.17300E-006
    9865  0.17328E-006
    9866  0.17355E-006
    9867  0.17382E-006
    9868  0.17410E-006
    9869  0.17437E-006
    9870  0.17465E-006
    9871  0.17493E-006
    9872  0.17521E-006
    9873  0.17549E-006
    9874  0.17577E-006
    9875  0.17606E-006
    9876  0.17634E-006
    9877  0.17663E-006
    9878  0.17691E-006
    9879  0.17720E-006
    9880  0.17749E-006
    9881  0.17778E-006
    9882  0.17808E-006
    9883  0.17837E-006
    9884  0.16689E-006
    9885  0.16712E-006
    9886  0.16748E-006
    9887  0.16792E-006
    9888  0.16842E-006
    9889  0.16895E-006
    9890  0.16949E-006
    9891  0.17005E-006
    9892  0.17061E-006
    9893  0.17118E-006
    9894  0.17175E-006
    9895  0.17233E-006
    9896  0.17292E-006
    9897  0.17351E-006
    9898  0.17410E-006
    9899  0.17470E-006
    9900  0.17530E-006
    9901  0.16374E-006
    9902  0.16380E-006
    9903  0.16390E-006
    9904  0.16404E-006
    9905  0.16421E-006
    9906  0.16441E-006
    9907  0.16463E-006
    9908  0.16487E-006
    9909  0.16513E-006
    9910  0.16539E-006
    9911  0.16566E-006
    9912  0.16594E-006
    9913  0.16622E-006
    9914  0.16651E-006
    9915  0.16679E-006
    9916  0.16708E-006
    9917  0.16738E-006
    9918  0.16767E-006
    9919  0.16796E-006
    9920  0.16826E-006
    9921  0.16855E-006
    9922  0.16885E-006
    9923  0.16915E-006
    9924  0.16945E-006
    9925  0.16975E-006
    9926  0.17006E-006
    9927  0.17036E-006
    9928  0.17067E-006
    9929  0.17097E-006
    9930  0.17128E-006
    9931  0.17159E-006
    9932  0.17190E-006
    9933  0.17221E-006
    9934  0.17252E-006
    9935  0.17283E-006
    9936  0.16070E-006
    9937  0.16095E-006
    9938  0.16134E-006
    9939  0.16182E-006
    9940  0.16235E-006
    9941  0.16293E-006
    9942  0.16351E-006
    9943  0.16411E-006
    9944  0.16472E-006
    9945  0.16533E-006
    9946  0.16595E-006
    9947  0.16657E-006
    9948  0.16719E-006
    9949  0.16782E-006
    9950  0.16846E-006
    9951  0.16909E-006
    9952  0.16973E-006
    9953  0.15752E-006
    9954  0.15759E-006
    9955  0.15770E-006
    9956  0.15785E-006
    9957  0.15804E-006
    9958  0.15825E-006
    9959  0.15849E-006
    9960  0.15875E-006
    9961  0.15902E-006
    9962  0.15931E-006
    9963  0.15960E-006
    9964  0.15990E-006
    9965  0.16021E-006
    9966  0.16051E-006
    9967  0.16082E-006
    9968  0.16113E-006
    9969  0.16145E-006
    9970  0.16176E-006
    9971  0.16208E-006
    9972  0.16240E-006
    9973  0.16271E-006
    9974  0.16303E-006
    9975  0.16335E-006
    9976  0.16368E-006
    9977  0.16400E-006
    9978  0.16432E-006
    9979  0.16465E-006
    9980  0.16497E-006
    9981  0.16530E-006
    9982  0.16563E-006
    9983  0.16596E-006
    9984  0.16629E-006
    9985  0.16662E-006
    9986  0.16695E-006
    9987  0.16728E-006
    9988  0.15447E-006
    9989  0.15474E-006
    9990  0.15516E-006
    9991  0.15568E-006
    9992  0.15626E-006
    9993  0.15687E-006
    9994  0.15751E-006
    9995  0.15815E-006
    9996  0.15880E-006
    9997  0.15946E-006
    9998  0.16012E-006
    9999  0.16078E-006
   10000  0.16145E-006
   10001  0.16212E-006
   10002  0.16280E-006
   10003  0.16348E-006
   10004  0.16416E-006
   10005  0.15126E-006
   10006  0.15134E-006
   10007  0.15146E-006
   10008  0.15162E-006
   10009  0.15182E-006
   10010  0.15206E-006
   10011  0.15231E-006
   10012  0.15259E-006
   10013  0.15289E-006
   10014  0.15320E-006
   10015  0.15351E-006
   10016  0.15384E-006
   10017  0.15416E-006
   10018  0.15449E-006
   10019  0.15483E-006
   10020  0.15516E-006
   10021  0.15550E-006
   10022  0.15584E-006
   10023  0.15617E-006
   10024  0.15651E-006
   10025  0.15686E-006
   10026  0.15720E-006
   10027  0.15754E-006
   10028  0.15788E-006
   10029  0.15823E-006
   10030  0.15857E-006
   10031  0.15892E-006
   10032  0.15927E-006
   10033  0.15962E-006
   10034  0.15997E-006
   10035  0.16032E-006
   10036  0.16067E-006
   10037  0.16102E-006
   10038  0.16137E-006
   10039  0.16173E-006
   10040  0.14820E-006
   10041  0.14850E-006
   10042  0.14895E-006
   10043  0.14951E-006
   10044  0.15013E-006
   10045  0.15079E-006
   10046  0.15148E-006
   10047  0.15217E-006
   10048  0.15287E-006
   10049  0.15357E-006
   10050  0.15427E-006
   10051  0.15498E-006
   10052  0.15570E-006
   10053  0.15642E-006
   10054  0.15714E-006
   10055  0.15786E-006
   10056  0.15859E-006
   10057  0.14498E-006
   10058  0.14506E-006
   10059  0.14519E-006
   10060  0.14537E-006
   10061  0.14558E-006
   10062  0.14583E-006
   10063  0.14611E-006
   10064  0.14641E-006
   10065  0.14673E-006
   10066  0.14706E-006
   10067  0.14740E-006
   10068  0.14775E-006
   10069  0.14810E-006
   10070  0.14845E-006
   10071  0.14881E-006
   10072  0.14917E-006
   10073  0.14953E-006
   10074  0.14989E-006
   10075  0.15026E-006
   10076  0.15062E-006
   10077  0.15098E-006
   10078  0.15135E-006
   10079  0.15172E-006
   10080  0.15208E-006
   10081  0.15245E-006
   10082  0.15282E-006
   10083  0.15319E-006
   10084  0.15356E-006
   10085  0.15393E-006
   10086  0.15430E-006
   10087  0.15468E-006
   10088  0.15505E-006
   10089  0.15542E-006
   10090  0.15580E-006
   10091  0.15618E-006
   10092  0.14191E-006
   10093  0.14223E-006
   10094  0.14271E-006
   10095  0.14331E-006
   10096  0.14399E-006
   10097  0.14470E-006
   10098  0.14543E-006
   10099  0.14617E-006
   10100  0.14692E-006
   10101  0.14767E-006
   10102  0.14842E-006
   10103  0.14918E-006
   10104  0.14994E-006
   10105  0.15071E-006
   10106  0.15147E-006
   10107  0.15224E-006
   10108  0.15301E-006
   10109  0.13867E-006
   10110  0.13876E-006
   10111  0.13890E-006
   10112  0.13909E-006
   10113  0.13932E-006
   10114  0.13959E-006
   10115  0.13989E-006
   10116  0.14021E-006
   10117  0.14055E-006
   10118  0.14091E-006
   10119  0.14127E-006
   10120  0.14165E-006
   10121  0.14202E-006
   10122  0.14240E-006
   10123  0.14279E-006
   10124  0.14317E-006
   10125  0.14356E-006
   10126  0.14394E-006
   10127  0.14433E-006
   10128  0.14472E-006
   10129  0.14511E-006
   10130  0.14550E-006
   10131  0.14589E-006
   10132  0.14628E-006
   10133  0.14667E-006
   10134  0.14706E-006
   10135  0.14746E-006
   10136  0.14785E-006
   10137  0.14825E-006
   10138  0.14864E-006
   10139  0.14904E-006
   10140  0.14943E-006
   10141  0.14983E-006
   10142  0.15023E-006
   10143  0.15063E-006
   10144  0.13560E-006
   10145  0.13594E-006
   10146  0.13646E-006
   10147  0.13711E-006
   10148  0.13783E-006
   10149  0.13859E-006
   10150  0.13937E-006
   10151  0.14017E-006
   10152  0.14097E-006
   10153  0.14177E-006
   10154  0.14257E-006
   10155  0.14338E-006
   10156  0.14419E-006
   10157  0.14500E-006
   10158  0.14581E-006
   10159  0.14663E-006
   10160  0.14745E-006
   10161  0.13235E-006
   10162  0.13244E-006
   10163  0.13259E-006
   10164  0.13279E-006
   10165  0.13304E-006
   10166  0.13333E-006
   10167  0.13365E-006
   10168  0.13400E-006
   10169  0.13437E-006
   10170  0.13475E-006
   10171  0.13514E-006
   10172  0.13554E-006
   10173  0.13594E-006
   10174  0.13635E-006
   10175  0.13676E-006
   10176  0.13717E-006
   10177  0.13758E-006
   10178  0.13799E-006
   10179  0.13840E-006
   10180  0.13882E-006
   10181  0.13923E-006
   10182  0.13965E-006
   10183  0.14007E-006
   10184  0.14048E-006
   10185  0.14090E-006
   10186  0.14132E-006
   10187  0.14173E-006
   10188  0.14215E-006
   10189  0.14257E-006
   10190  0.14299E-006
   10191  0.14341E-006
   10192  0.14383E-006
   10193  0.14425E-006
   10194  0.14467E-006
   10195  0.14510E-006
   10196  0.12928E-006
   10197  0.12964E-006
   10198  0.13020E-006
   10199  0.13089E-006
   10200  0.13167E-006
   10201  0.13248E-006
   10202  0.13332E-006
   10203  0.13417E-006
   10204  0.13502E-006
   10205  0.13587E-006
   10206  0.13673E-006
   10207  0.13759E-006
   10208  0.13845E-006
   10209  0.13931E-006
   10210  0.14017E-006
   10211  0.14104E-006
   10212  0.14190E-006
   10213  0.12601E-006
   10214  0.12611E-006
   10215  0.12627E-006
   10216  0.12649E-006
   10217  0.12676E-006
   10218  0.12707E-006
   10219  0.12741E-006
   10220  0.12779E-006
   10221  0.12818E-006
   10222  0.12859E-006
   10223  0.12900E-006
   10224  0.12943E-006
   10225  0.12986E-006
   10226  0.13029E-006
   10227  0.13073E-006
   10228  0.13117E-006
   10229  0.13161E-006
   10230  0.13205E-006
   10231  0.13249E-006
   10232  0.13293E-006
   10233  0.13337E-006
   10234  0.13381E-006
   10235  0.13425E-006
   10236  0.13470E-006
   10237  0.13514E-006
   10238  0.13558E-006
   10239  0.13603E-006
   10240  0.13647E-006
   10241  0.13692E-006
   10242  0.13736E-006
   10243  0.13780E-006
   10244  0.13825E-006
   10245  0.13869E-006
   10246  0.13914E-006
   10247  0.13959E-006
   10248  0.12295E-006
   10249  0.12334E-006
   10250  0.12394E-006
   10251  0.12468E-006
   10252  0.12551E-006
   10253  0.12638E-006
   10254  0.12727E-006
   10255  0.12818E-006
   10256  0.12908E-006
   10257  0.12999E-006
   10258  0.13090E-006
   10259  0.13181E-006
   10260  0.13273E-006
   10261  0.13364E-006
   10262  0.13455E-006
   10263  0.13547E-006
   10264  0.13638E-006
   10265  0.11969E-006
   10266  0.11979E-006
   10267  0.11996E-006
   10268  0.12020E-006
   10269  0.12048E-006
   10270  0.12081E-006
   10271  0.12118E-006
   10272  0.12158E-006
   10273  0.12200E-006
   10274  0.12243E-006
   10275  0.12288E-006
   10276  0.12333E-006
   10277  0.12379E-006
   10278  0.12426E-006
   10279  0.12472E-006
   10280  0.12519E-006
   10281  0.12565E-006
   10282  0.12612E-006
   10283  0.12659E-006
   10284  0.12706E-006
   10285  0.12753E-006
   10286  0.12800E-006
   10287  0.12847E-006
   10288  0.12893E-006
   10289  0.12940E-006
   10290  0.12987E-006
   10291  0.13034E-006
   10292  0.13081E-006
   10293  0.13128E-006
   10294  0.13175E-006
   10295  0.13222E-006
   10296  0.13270E-006
   10297  0.13317E-006
   10298  0.13364E-006
   10299  0.13411E-006
   10300  0.11664E-006
   10301  0.11705E-006
   10302  0.11769E-006
   10303  0.11848E-006
   10304  0.11936E-006
   10305  0.12029E-006
   10306  0.12124E-006
   10307  0.12220E-006
   10308  0.12317E-006
   10309  0.12413E-006
   10310  0.12510E-006
   10311  0.12606E-006
   10312  0.12703E-006
   10313  0.12800E-006
   10314  0.12896E-006
   10315  0.12993E-006
   10316  0.13090E-006
   10317  0.11337E-006
   10318  0.11348E-006
   10319  0.11367E-006
   10320  0.11392E-006
   10321  0.11422E-006
   10322  0.11458E-006
   10323  0.11497E-006
   10324  0.11539E-006
   10325  0.11584E-006
   10326  0.11630E-006
   10327  0.11678E-006
   10328  0.11726E-006
   10329  0.11775E-006
   10330  0.11824E-006
   10331  0.11873E-006
   10332  0.11923E-006
   10333  0.11973E-006
   10334  0.12022E-006
   10335  0.12072E-006
   10336  0.12122E-006
   10337  0.12171E-006
   10338  0.12221E-006
   10339  0.12271E-006
   10340  0.12320E-006
   10341  0.12370E-006
   10342  0.12420E-006
   10343  0.12469E-006
   10344  0.12519E-006
   10345  0.12569E-006
   10346  0.12618E-006
   10347  0.12668E-006
   10348  0.12718E-006
   10349  0.12767E-006
   10350  0.12817E-006
   10351  0.12867E-006
   10352  0.11034E-006
   10353  0.11079E-006
   10354  0.11147E-006
   10355  0.11231E-006
   10356  0.11324E-006
   10357  0.11423E-006
   10358  0.11524E-006
   10359  0.11626E-006
   10360  0.11729E-006
   10361  0.11831E-006
   10362  0.11933E-006
   10363  0.12035E-006
   10364  0.12137E-006
   10365  0.12240E-006
   10366  0.12342E-006
   10367  0.12444E-006
   10368  0.12546E-006
   10369  0.10708E-006
   10370  0.10720E-006
   10371  0.10740E-006
   10372  0.10766E-006
   10373  0.10799E-006
   10374  0.10836E-006
   10375  0.10878E-006
   10376  0.10923E-006
   10377  0.10971E-006
   10378  0.11020E-006
   10379  0.11070E-006
   10380  0.11122E-006
   10381  0.11174E-006
   10382  0.11226E-006
   10383  0.11278E-006
   10384  0.11331E-006
   10385  0.11383E-006
   10386  0.11436E-006
   10387  0.11489E-006
   10388  0.11541E-006
   10389  0.11594E-006
   10390  0.11646E-006
   10391  0.11699E-006
   10392  0.11751E-006
   10393  0.11804E-006
   10394  0.11856E-006
   10395  0.11909E-006
   10396  0.11961E-006
   10397  0.12014E-006
   10398  0.12066E-006
   10399  0.12118E-006
   10400  0.12171E-006
   10401  0.12223E-006
   10402  0.12275E-006
   10403  0.12328E-006
   10404  0.10407E-006
   10405  0.10455E-006
   10406  0.10527E-006
   10407  0.10617E-006
   10408  0.10716E-006
   10409  0.10821E-006
   10410  0.10928E-006
   10411  0.11036E-006
   10412  0.11144E-006
   10413  0.11253E-006
   10414  0.11361E-006
   10415  0.11469E-006
   10416  0.11577E-006
   10417  0.11684E-006
   10418  0.11792E-006
   10419  0.11899E-006
   10420  0.12006E-006
   10421  0.10083E-006
   10422  0.10096E-006
   10423  0.10117E-006
   10424  0.10145E-006
   10425  0.10179E-006
   10426  0.10219E-006
   10427  0.10263E-006
   10428  0.10311E-006
   10429  0.10361E-006
   10430  0.10414E-006
   10431  0.10467E-006
   10432  0.10522E-006
   10433  0.10577E-006
   10434  0.10632E-006
   10435  0.10688E-006
   10436  0.10743E-006
   10437  0.10799E-006
   10438  0.10854E-006
   10439  0.10910E-006
   10440  0.10966E-006
   10441  0.11021E-006
   10442  0.11077E-006
   10443  0.11132E-006
   10444  0.11188E-006
   10445  0.11243E-006
   10446  0.11298E-006
   10447  0.11353E-006
   10448  0.11409E-006
   10449  0.11464E-006
   10450  0.11519E-006
   10451  0.11574E-006
   10452  0.11629E-006
   10453  0.11684E-006
   10454  0.11739E-006
   10455  0.11794E-006
   10456  0.97852E-007
   10457  0.98356E-007
   10458  0.99123E-007
   10459  0.10007E-006
   10460  0.10113E-006
   10461  0.10224E-006
   10462  0.10337E-006
   10463  0.10451E-006
   10464  0.10566E-006
   10465  0.10680E-006
   10466  0.10794E-006
   10467  0.10908E-006
   10468  0.11021E-006
   10469  0.11135E-006
   10470  0.11248E-006
   10471  0.11361E-006
   10472  0.11474E-006
   10473  0.94627E-007
   10474  0.94762E-007
   10475  0.94983E-007
   10476  0.95281E-007
   10477  0.95647E-007
   10478  0.96070E-007
   10479  0.96539E-007
   10480  0.97045E-007
   10481  0.97578E-007
   10482  0.98132E-007
   10483  0.98698E-007
   10484  0.99274E-007
   10485  0.99855E-007
   10486  0.10044E-006
   10487  0.10103E-006
   10488  0.10161E-006
   10489  0.10220E-006
   10490  0.10279E-006
   10491  0.10337E-006
   10492  0.10396E-006
   10493  0.10455E-006
   10494  0.10513E-006
   10495  0.10572E-006
   10496  0.10630E-006
   10497  0.10688E-006
   10498  0.10746E-006
   10499  0.10805E-006
   10500  0.10863E-006
   10501  0.10921E-006
   10502  0.10979E-006
   10503  0.11037E-006
   10504  0.11094E-006
   10505  0.11152E-006
   10506  0.11210E-006
   10507  0.11268E-006
   10508  0.91688E-007
   10509  0.92222E-007
   10510  0.93033E-007
   10511  0.94036E-007
   10512  0.95153E-007
   10513  0.96327E-007
   10514  0.97525E-007
   10515  0.98731E-007
   10516  0.99936E-007
   10517  0.10114E-006
   10518  0.10234E-006
   10519  0.10354E-006
   10520  0.10473E-006
   10521  0.10592E-006
   10522  0.10711E-006
   10523  0.10830E-006
   10524  0.10948E-006
   10525  0.88489E-007
   10526  0.88632E-007
   10527  0.88866E-007
   10528  0.89180E-007
   10529  0.89567E-007
   10530  0.90014E-007
   10531  0.90511E-007
   10532  0.91045E-007
   10533  0.91608E-007
   10534  0.92193E-007
   10535  0.92791E-007
   10536  0.93399E-007
   10537  0.94012E-007
   10538  0.94629E-007
   10539  0.95247E-007
   10540  0.95867E-007
   10541  0.96485E-007
   10542  0.97104E-007
   10543  0.97722E-007
   10544  0.98339E-007
   10545  0.98955E-007
   10546  0.99570E-007
   10547  0.10018E-006
   10548  0.10080E-006
   10549  0.10141E-006
   10550  0.10202E-006
   10551  0.10263E-006
   10552  0.10324E-006
   10553  0.10385E-006
   10554  0.10446E-006
   10555  0.10507E-006
   10556  0.10567E-006
   10557  0.10628E-006
   10558  0.10688E-006
   10559  0.10749E-006
   10560  0.85595E-007
   10561  0.86158E-007
   10562  0.87015E-007
   10563  0.88075E-007
   10564  0.89253E-007
   10565  0.90491E-007
   10566  0.91754E-007
   10567  0.93023E-007
   10568  0.94292E-007
   10569  0.95558E-007
   10570  0.96821E-007
   10571  0.98079E-007
   10572  0.99332E-007
   10573  0.10058E-006
   10574  0.10183E-006
   10575  0.10307E-006
   10576  0.10431E-006
   10577  0.82428E-007
   10578  0.82579E-007
   10579  0.82826E-007
   10580  0.83158E-007
   10581  0.83566E-007
   10582  0.84038E-007
   10583  0.84561E-007
   10584  0.85125E-007
   10585  0.85719E-007
   10586  0.86335E-007
   10587  0.86965E-007
   10588  0.87605E-007
   10589  0.88251E-007
   10590  0.88901E-007
   10591  0.89551E-007
   10592  0.90203E-007
   10593  0.90853E-007
   10594  0.91504E-007
   10595  0.92153E-007
   10596  0.92801E-007
   10597  0.93448E-007
   10598  0.94094E-007
   10599  0.94739E-007
   10600  0.95382E-007
   10601  0.96025E-007
   10602  0.96666E-007
   10603  0.97306E-007
   10604  0.97945E-007
   10605  0.98582E-007
   10606  0.99219E-007
   10607  0.99854E-007
   10608  0.10049E-006
   10609  0.10112E-006
   10610  0.10176E-006
   10611  0.10239E-006
   10612  0.79586E-007
   10613  0.80181E-007
   10614  0.81084E-007
   10615  0.82200E-007
   10616  0.83441E-007
   10617  0.84744E-007
   10618  0.86072E-007
   10619  0.87406E-007
   10620  0.88739E-007
   10621  0.90068E-007
   10622  0.91392E-007
   10623  0.92710E-007
   10624  0.94024E-007
   10625  0.95332E-007
   10626  0.96635E-007
   10627  0.97934E-007
   10628  0.99228E-007
   10629  0.76461E-007
   10630  0.76619E-007
   10631  0.76879E-007
   10632  0.77229E-007
   10633  0.77659E-007
   10634  0.78155E-007
   10635  0.78706E-007
   10636  0.79300E-007
   10637  0.79924E-007
   10638  0.80572E-007
   10639  0.81234E-007
   10640  0.81907E-007
   10641  0.82586E-007
   10642  0.83268E-007
   10643  0.83951E-007
   10644  0.84635E-007
   10645  0.85318E-007
   10646  0.86000E-007
   10647  0.86681E-007
   10648  0.87361E-007
   10649  0.88039E-007
   10650  0.88716E-007
   10651  0.89391E-007
   10652  0.90065E-007
   10653  0.90737E-007
   10654  0.91408E-007
   10655  0.92078E-007
   10656  0.92746E-007
   10657  0.93412E-007
   10658  0.94078E-007
   10659  0.94742E-007
   10660  0.95404E-007
   10661  0.96066E-007
   10662  0.96726E-007
   10663  0.97386E-007
   10664  0.73679E-007
   10665  0.74304E-007
   10666  0.75254E-007
   10667  0.76427E-007
   10668  0.77730E-007
   10669  0.79099E-007
   10670  0.80492E-007
   10671  0.81892E-007
   10672  0.83289E-007
   10673  0.84681E-007
   10674  0.86067E-007
   10675  0.87447E-007
   10676  0.88820E-007
   10677  0.90187E-007
   10678  0.91548E-007
   10679  0.92903E-007
   10680  0.94253E-007
   10681  0.70601E-007
   10682  0.70768E-007
   10683  0.71041E-007
   10684  0.71408E-007
   10685  0.71860E-007
   10686  0.72381E-007
   10687  0.72960E-007
   10688  0.73583E-007
   10689  0.74238E-007
   10690  0.74918E-007
   10691  0.75613E-007
   10692  0.76319E-007
   10693  0.77031E-007
   10694  0.77746E-007
   10695  0.78462E-007
   10696  0.79178E-007
   10697  0.79893E-007
   10698  0.80607E-007
   10699  0.81320E-007
   10700  0.82031E-007
   10701  0.82740E-007
   10702  0.83448E-007
   10703  0.84154E-007
   10704  0.84858E-007
   10705  0.85561E-007
   10706  0.86262E-007
   10707  0.86961E-007
   10708  0.87658E-007
   10709  0.88354E-007
   10710  0.89048E-007
   10711  0.89741E-007
   10712  0.90432E-007
   10713  0.91121E-007
   10714  0.91810E-007
   10715  0.92499E-007
   10716  0.67888E-007
   10717  0.68544E-007
   10718  0.69540E-007
   10719  0.70770E-007
   10720  0.72137E-007
   10721  0.73571E-007
   10722  0.75030E-007
   10723  0.76495E-007
   10724  0.77957E-007
   10725  0.79412E-007
   10726  0.80860E-007
   10727  0.82301E-007
   10728  0.83734E-007
   10729  0.85160E-007
   10730  0.86579E-007
   10731  0.87991E-007
   10732  0.89397E-007
   10733  0.64866E-007
   10734  0.65041E-007
   10735  0.65327E-007
   10736  0.65712E-007
   10737  0.66185E-007
   10738  0.66732E-007
   10739  0.67338E-007
   10740  0.67990E-007
   10741  0.68677E-007
   10742  0.69389E-007
   10743  0.70116E-007
   10744  0.70855E-007
   10745  0.71600E-007
   10746  0.72348E-007
   10747  0.73096E-007
   10748  0.73845E-007
   10749  0.74593E-007
   10750  0.75339E-007
   10751  0.76083E-007
   10752  0.76826E-007
   10753  0.77566E-007
   10754  0.78305E-007
   10755  0.79041E-007
   10756  0.79776E-007
   10757  0.80508E-007
   10758  0.81239E-007
   10759  0.81968E-007
   10760  0.82694E-007
   10761  0.83419E-007
   10762  0.84142E-007
   10763  0.84863E-007
   10764  0.85583E-007
   10765  0.86300E-007
   10766  0.87016E-007
   10767  0.87731E-007
   10768  0.62229E-007
   10769  0.62915E-007
   10770  0.63958E-007
   10771  0.65246E-007
   10772  0.66675E-007
   10773  0.68174E-007
   10774  0.69700E-007
   10775  0.71230E-007
   10776  0.72755E-007
   10777  0.74274E-007
   10778  0.75784E-007
   10779  0.77285E-007
   10780  0.78778E-007
   10781  0.80263E-007
   10782  0.81739E-007
   10783  0.83208E-007
   10784  0.84670E-007
   10785  0.59271E-007
   10786  0.59454E-007
   10787  0.59753E-007
   10788  0.60156E-007
   10789  0.60651E-007
   10790  0.61222E-007
   10791  0.61855E-007
   10792  0.62538E-007
   10793  0.63255E-007
   10794  0.63999E-007
   10795  0.64759E-007
   10796  0.65531E-007
   10797  0.66308E-007
   10798  0.67089E-007
   10799  0.67870E-007
   10800  0.68651E-007
   10801  0.69430E-007
   10802  0.70209E-007
   10803  0.70984E-007
   10804  0.71758E-007
   10805  0.72530E-007
   10806  0.73299E-007
   10807  0.74066E-007
   10808  0.74831E-007
   10809  0.75593E-007
   10810  0.76353E-007
   10811  0.77111E-007
   10812  0.77867E-007
   10813  0.78621E-007
   10814  0.79372E-007
   10815  0.80121E-007
   10816  0.80869E-007
   10817  0.81614E-007
   10818  0.82359E-007
   10819  0.83102E-007
   10820  0.56718E-007
   10821  0.57435E-007
   10822  0.58525E-007
   10823  0.59869E-007
   10824  0.61361E-007
   10825  0.62925E-007
   10826  0.64516E-007
   10827  0.66110E-007
   10828  0.67700E-007
   10829  0.69281E-007
   10830  0.70852E-007
   10831  0.72414E-007
   10832  0.73966E-007
   10833  0.75508E-007
   10834  0.77042E-007
   10835  0.78566E-007
   10836  0.80083E-007
   10837  0.53833E-007
   10838  0.54023E-007
   10839  0.54336E-007
   10840  0.54756E-007
   10841  0.55272E-007
   10842  0.55868E-007
   10843  0.56529E-007
   10844  0.57241E-007
   10845  0.57989E-007
   10846  0.58764E-007
   10847  0.59556E-007
   10848  0.60360E-007
   10849  0.61170E-007
   10850  0.61983E-007
   10851  0.62797E-007
   10852  0.63610E-007
   10853  0.64421E-007
   10854  0.65231E-007
   10855  0.66038E-007
   10856  0.66843E-007
   10857  0.67645E-007
   10858  0.68444E-007
   10859  0.69241E-007
   10860  0.70036E-007
   10861  0.70828E-007
   10862  0.71617E-007
   10863  0.72404E-007
   10864  0.73189E-007
   10865  0.73971E-007
   10866  0.74750E-007
   10867  0.75527E-007
   10868  0.76302E-007
   10869  0.77075E-007
   10870  0.77846E-007
   10871  0.78615E-007
   10872  0.51372E-007
   10873  0.52120E-007
   10874  0.53255E-007
   10875  0.54655E-007
   10876  0.56210E-007
   10877  0.57838E-007
   10878  0.59493E-007
   10879  0.61151E-007
   10880  0.62804E-007
   10881  0.64446E-007
   10882  0.66078E-007
   10883  0.67699E-007
   10884  0.69309E-007
   10885  0.70909E-007
   10886  0.72499E-007
   10887  0.74078E-007
   10888  0.75649E-007
   10889  0.48568E-007
   10890  0.48766E-007
   10891  0.49092E-007
   10892  0.49529E-007
   10893  0.50066E-007
   10894  0.50687E-007
   10895  0.51375E-007
   10896  0.52115E-007
   10897  0.52893E-007
   10898  0.53700E-007
   10899  0.54524E-007
   10900  0.55360E-007
   10901  0.56201E-007
   10902  0.57047E-007
   10903  0.57892E-007
   10904  0.58737E-007
   10905  0.59579E-007
   10906  0.60420E-007
   10907  0.61258E-007
   10908  0.62093E-007
   10909  0.62925E-007
   10910  0.63755E-007
   10911  0.64581E-007
   10912  0.65405E-007
   10913  0.66226E-007
   10914  0.67044E-007
   10915  0.67859E-007
   10916  0.68672E-007
   10917  0.69482E-007
   10918  0.70289E-007
   10919  0.71094E-007
   10920  0.71896E-007
   10921  0.72696E-007
   10922  0.73494E-007
   10923  0.74291E-007
   10924  0.46208E-007
   10925  0.46986E-007
   10926  0.48166E-007
   10927  0.49621E-007
   10928  0.51236E-007
   10929  0.52928E-007
   10930  0.54646E-007
   10931  0.56368E-007
   10932  0.58081E-007
   10933  0.59785E-007
   10934  0.61476E-007
   10935  0.63155E-007
   10936  0.64823E-007
   10937  0.66478E-007
   10938  0.68123E-007
   10939  0.69756E-007
   10940  0.71380E-007
   10941  0.43493E-007
   10942  0.43699E-007
   10943  0.44037E-007
   10944  0.44491E-007
   10945  0.45050E-007
   10946  0.45694E-007
   10947  0.46408E-007
   10948  0.47177E-007
   10949  0.47984E-007
   10950  0.48822E-007
   10951  0.49677E-007
   10952  0.50544E-007
   10953  0.51417E-007
   10954  0.52294E-007
   10955  0.53170E-007
   10956  0.54046E-007
   10957  0.54919E-007
   10958  0.55790E-007
   10959  0.56658E-007
   10960  0.57523E-007
   10961  0.58385E-007
   10962  0.59243E-007
   10963  0.60099E-007
   10964  0.60951E-007
   10965  0.61801E-007
   10966  0.62647E-007
   10967  0.63490E-007
   10968  0.64330E-007
   10969  0.65167E-007
   10970  0.66002E-007
   10971  0.66833E-007
   10972  0.67661E-007
   10973  0.68487E-007
   10974  0.69311E-007
   10975  0.70133E-007
   10976  0.41242E-007
   10977  0.42049E-007
   10978  0.43273E-007
   10979  0.44783E-007
   10980  0.46457E-007
   10981  0.48210E-007
   10982  0.49991E-007
   10983  0.51773E-007
   10984  0.53548E-007
   10985  0.55310E-007
   10986  0.57059E-007
   10987  0.58795E-007
   10988  0.60518E-007
   10989  0.62229E-007
   10990  0.63927E-007
   10991  0.65613E-007
   10992  0.67289E-007
   10993  0.38625E-007
   10994  0.38838E-007
   10995  0.39189E-007
   10996  0.39659E-007
   10997  0.40238E-007
   10998  0.40906E-007
   10999  0.41645E-007
   11000  0.42442E-007
   11001  0.43278E-007
   11002  0.44145E-007
   11003  0.45030E-007
   11004  0.45929E-007
   11005  0.46832E-007
   11006  0.47739E-007
   11007  0.48646E-007
   11008  0.49552E-007
   11009  0.50455E-007
   11010  0.51356E-007
   11011  0.52253E-007
   11012  0.53147E-007
   11013  0.54037E-007
   11014  0.54924E-007
   11015  0.55808E-007
   11016  0.56688E-007
   11017  0.57565E-007
   11018  0.58439E-007
   11019  0.59309E-007
   11020  0.60176E-007
   11021  0.61040E-007
   11022  0.61901E-007
   11023  0.62758E-007
   11024  0.63613E-007
   11025  0.64464E-007
   11026  0.65314E-007
   11027  0.66163E-007
   11028  0.36491E-007
   11029  0.37326E-007
   11030  0.38593E-007
   11031  0.40155E-007
   11032  0.41888E-007
   11033  0.43701E-007
   11034  0.45541E-007
   11035  0.47383E-007
   11036  0.49216E-007
   11037  0.51036E-007
   11038  0.52841E-007
   11039  0.54633E-007
   11040  0.56410E-007
   11041  0.58174E-007
   11042  0.59924E-007
   11043  0.61661E-007
   11044  0.63387E-007
   11045  0.33980E-007
   11046  0.34201E-007
   11047  0.34563E-007
   11048  0.35050E-007
   11049  0.35648E-007
   11050  0.36338E-007
   11051  0.37103E-007
   11052  0.37926E-007
   11053  0.38790E-007
   11054  0.39686E-007
   11055  0.40601E-007
   11056  0.41528E-007
   11057  0.42462E-007
   11058  0.43398E-007
   11059  0.44334E-007
   11060  0.45269E-007
   11061  0.46201E-007
   11062  0.47131E-007
   11063  0.48056E-007
   11064  0.48978E-007
   11065  0.49896E-007
   11066  0.50811E-007
   11067  0.51722E-007
   11068  0.52629E-007
   11069  0.53533E-007
   11070  0.54433E-007
   11071  0.55330E-007
   11072  0.56223E-007
   11073  0.57112E-007
   11074  0.57998E-007
   11075  0.58881E-007
   11076  0.59760E-007
   11077  0.60636E-007
   11078  0.61510E-007
   11079  0.62381E-007
   11080  0.31971E-007
   11081  0.32833E-007
   11082  0.34142E-007
   11083  0.35755E-007
   11084  0.37543E-007
   11085  0.39414E-007
   11086  0.41312E-007
   11087  0.43212E-007
   11088  0.45101E-007
   11089  0.46976E-007
   11090  0.48836E-007
   11091  0.50680E-007
   11092  0.52510E-007
   11093  0.54325E-007
   11094  0.56125E-007
   11095  0.57911E-007
   11096  0.59685E-007
   11097  0.29574E-007
   11098  0.29802E-007
   11099  0.30176E-007
   11100  0.30678E-007
   11101  0.31295E-007
   11102  0.32007E-007
   11103  0.32795E-007
   11104  0.33644E-007
   11105  0.34536E-007
   11106  0.35459E-007
   11107  0.36402E-007
   11108  0.37358E-007
   11109  0.38320E-007
   11110  0.39285E-007
   11111  0.40249E-007
   11112  0.41212E-007
   11113  0.42172E-007
   11114  0.43129E-007
   11115  0.44082E-007
   11116  0.45031E-007
   11117  0.45976E-007
   11118  0.46917E-007
   11119  0.47854E-007
   11120  0.48787E-007
   11121  0.49716E-007
   11122  0.50642E-007
   11123  0.51564E-007
   11124  0.52481E-007
   11125  0.53396E-007
   11126  0.54306E-007
   11127  0.55213E-007
   11128  0.56117E-007
   11129  0.57017E-007
   11130  0.57915E-007
   11131  0.58811E-007
   11132  0.27697E-007
   11133  0.28586E-007
   11134  0.29934E-007
   11135  0.31596E-007
   11136  0.33437E-007
   11137  0.35364E-007
   11138  0.37318E-007
   11139  0.39272E-007
   11140  0.41216E-007
   11141  0.43144E-007
   11142  0.45056E-007
   11143  0.46951E-007
   11144  0.48831E-007
   11145  0.50694E-007
   11146  0.52543E-007
   11147  0.54377E-007
   11148  0.56197E-007
   11149  0.25423E-007
   11150  0.25658E-007
   11151  0.26043E-007
   11152  0.26559E-007
   11153  0.27194E-007
   11154  0.27927E-007
   11155  0.28738E-007
   11156  0.29612E-007
   11157  0.30529E-007
   11158  0.31479E-007
   11159  0.32449E-007
   11160  0.33432E-007
   11161  0.34421E-007
   11162  0.35413E-007
   11163  0.36404E-007
   11164  0.37394E-007
   11165  0.38380E-007
   11166  0.39363E-007
   11167  0.40342E-007
   11168  0.41317E-007
   11169  0.42287E-007
   11170  0.43254E-007
   11171  0.44216E-007
   11172  0.45174E-007
   11173  0.46128E-007
   11174  0.47077E-007
   11175  0.48023E-007
   11176  0.48965E-007
   11177  0.49902E-007
   11178  0.50836E-007
   11179  0.51766E-007
   11180  0.52692E-007
   11181  0.53615E-007
   11182  0.54535E-007
   11183  0.55451E-007
   11184  0.23686E-007
   11185  0.24600E-007
   11186  0.25986E-007
   11187  0.27694E-007
   11188  0.29586E-007
   11189  0.31565E-007
   11190  0.33572E-007
   11191  0.35579E-007
   11192  0.37573E-007
   11193  0.39552E-007
   11194  0.41513E-007
   11195  0.43457E-007
   11196  0.45383E-007
   11197  0.47294E-007
   11198  0.49187E-007
   11199  0.51066E-007
   11200  0.52929E-007
   11201  0.21543E-007
   11202  0.21784E-007
   11203  0.22179E-007
   11204  0.22709E-007
   11205  0.23361E-007
   11206  0.24113E-007
   11207  0.24947E-007
   11208  0.25843E-007
   11209  0.26785E-007
   11210  0.27760E-007
   11211  0.28755E-007
   11212  0.29764E-007
   11213  0.30778E-007
   11214  0.31796E-007
   11215  0.32813E-007
   11216  0.33828E-007
   11217  0.34839E-007
   11218  0.35847E-007
   11219  0.36850E-007
   11220  0.37850E-007
   11221  0.38844E-007
   11222  0.39834E-007
   11223  0.40820E-007
   11224  0.41801E-007
   11225  0.42778E-007
   11226  0.43751E-007
   11227  0.44719E-007
   11228  0.45683E-007
   11229  0.46643E-007
   11230  0.47598E-007
   11231  0.48550E-007
   11232  0.49498E-007
   11233  0.50442E-007
   11234  0.51383E-007
   11235  0.52322E-007
   11236  0.19952E-007
   11237  0.20889E-007
   11238  0.22311E-007
   11239  0.24062E-007
   11240  0.26002E-007
   11241  0.28031E-007
   11242  0.30088E-007
   11243  0.32143E-007
   11244  0.34186E-007
   11245  0.36212E-007
   11246  0.38219E-007
   11247  0.40209E-007
   11248  0.42180E-007
   11249  0.44134E-007
   11250  0.46070E-007
   11251  0.47990E-007
   11252  0.49895E-007
   11253  0.17946E-007
   11254  0.18193E-007
   11255  0.18598E-007
   11256  0.19142E-007
   11257  0.19809E-007
   11258  0.20580E-007
   11259  0.21434E-007
   11260  0.22352E-007
   11261  0.23316E-007
   11262  0.24315E-007
   11263  0.25334E-007
   11264  0.26367E-007
   11265  0.27405E-007
   11266  0.28447E-007
   11267  0.29488E-007
   11268  0.30526E-007
   11269  0.31561E-007
   11270  0.32592E-007
   11271  0.33618E-007
   11272  0.34640E-007
   11273  0.35657E-007
   11274  0.36670E-007
   11275  0.37677E-007
   11276  0.38680E-007
   11277  0.39679E-007
   11278  0.40673E-007
   11279  0.41662E-007
   11280  0.42647E-007
   11281  0.43628E-007
   11282  0.44604E-007
   11283  0.45576E-007
   11284  0.46544E-007
   11285  0.47508E-007
   11286  0.48468E-007
   11287  0.49425E-007
   11288  0.16509E-007
   11289  0.17468E-007
   11290  0.18923E-007
   11291  0.20714E-007
   11292  0.22699E-007
   11293  0.24774E-007
   11294  0.26877E-007
   11295  0.28978E-007
   11296  0.31066E-007
   11297  0.33136E-007
   11298  0.35186E-007
   11299  0.37218E-007
   11300  0.39230E-007
   11301  0.41225E-007
   11302  0.43201E-007
   11303  0.45160E-007
   11304  0.47104E-007
   11305  0.14648E-007
   11306  0.14900E-007
   11307  0.15314E-007
   11308  0.15870E-007
   11309  0.16552E-007
   11310  0.17340E-007
   11311  0.18212E-007
   11312  0.19151E-007
   11313  0.20136E-007
   11314  0.21156E-007
   11315  0.22197E-007
   11316  0.23253E-007
   11317  0.24314E-007
   11318  0.25378E-007
   11319  0.26440E-007
   11320  0.27501E-007
   11321  0.28557E-007
   11322  0.29610E-007
   11323  0.30657E-007
   11324  0.31700E-007
   11325  0.32738E-007
   11326  0.33771E-007
   11327  0.34799E-007
   11328  0.35822E-007
   11329  0.36840E-007
   11330  0.37854E-007
   11331  0.38863E-007
   11332  0.39867E-007
   11333  0.40867E-007
   11334  0.41862E-007
   11335  0.42853E-007
   11336  0.43840E-007
   11337  0.44822E-007
   11338  0.45801E-007
   11339  0.46779E-007
   11340  0.13370E-007
   11341  0.14349E-007
   11342  0.15834E-007
   11343  0.17663E-007
   11344  0.19689E-007
   11345  0.21806E-007
   11346  0.23951E-007
   11347  0.26095E-007
   11348  0.28224E-007
   11349  0.30334E-007
   11350  0.32424E-007
   11351  0.34494E-007
   11352  0.36545E-007
   11353  0.38576E-007
   11354  0.40589E-007
   11355  0.42584E-007
   11356  0.44562E-007
   11357  0.11660E-007
   11358  0.11918E-007
   11359  0.12340E-007
   11360  0.12906E-007
   11361  0.13602E-007
   11362  0.14406E-007
   11363  0.15295E-007
   11364  0.16252E-007
   11365  0.17257E-007
   11366  0.18297E-007
   11367  0.19358E-007
   11368  0.20433E-007
   11369  0.21515E-007
   11370  0.22599E-007
   11371  0.23682E-007
   11372  0.24762E-007
   11373  0.25838E-007
   11374  0.26910E-007
   11375  0.27977E-007
   11376  0.29039E-007
   11377  0.30096E-007
   11378  0.31148E-007
   11379  0.32194E-007
   11380  0.33236E-007
   11381  0.34273E-007
   11382  0.35304E-007
   11383  0.36331E-007
   11384  0.37353E-007
   11385  0.38370E-007
   11386  0.39382E-007
   11387  0.40390E-007
   11388  0.41393E-007
   11389  0.42392E-007
   11390  0.43387E-007
   11391  0.44380E-007
   11392  0.10546E-007
   11393  0.11544E-007
   11394  0.13057E-007
   11395  0.14919E-007
   11396  0.16982E-007
   11397  0.19138E-007
   11398  0.21322E-007
   11399  0.23504E-007
   11400  0.25670E-007
   11401  0.27817E-007
   11402  0.29943E-007
   11403  0.32048E-007
   11404  0.34133E-007
   11405  0.36198E-007
   11406  0.38243E-007
   11407  0.40270E-007
   11408  0.42280E-007
   11409  0.89951E-008
   11410  0.92569E-008
   11411  0.96862E-008
   11412  0.10263E-007
   11413  0.10971E-007
   11414  0.11788E-007
   11415  0.12693E-007
   11416  0.13666E-007
   11417  0.14688E-007
   11418  0.15746E-007
   11419  0.16826E-007
   11420  0.17919E-007
   11421  0.19019E-007
   11422  0.20121E-007
   11423  0.21222E-007
   11424  0.22321E-007
   11425  0.23415E-007
   11426  0.24504E-007
   11427  0.25589E-007
   11428  0.26668E-007
   11429  0.27742E-007
   11430  0.28810E-007
   11431  0.29874E-007
   11432  0.30932E-007
   11433  0.31985E-007
   11434  0.33032E-007
   11435  0.34075E-007
   11436  0.35113E-007
   11437  0.36145E-007
   11438  0.37173E-007
   11439  0.38196E-007
   11440  0.39215E-007
   11441  0.40229E-007
   11442  0.41240E-007
   11443  0.42249E-007
   11444  0.80507E-008
   11445  0.90644E-008
   11446  0.10602E-007
   11447  0.12495E-007
   11448  0.14590E-007
   11449  0.16780E-007
   11450  0.18999E-007
   11451  0.21214E-007
   11452  0.23414E-007
   11453  0.25593E-007
   11454  0.27751E-007
   11455  0.29888E-007
   11456  0.32003E-007
   11457  0.34098E-007
   11458  0.36173E-007
   11459  0.38228E-007
   11460  0.40266E-007
   11461  0.66629E-008
   11462  0.69287E-008
   11463  0.73644E-008
   11464  0.79498E-008
   11465  0.86688E-008
   11466  0.94982E-008
   11467  0.10417E-007
   11468  0.11405E-007
   11469  0.12442E-007
   11470  0.13516E-007
   11471  0.14611E-007
   11472  0.15721E-007
   11473  0.16836E-007
   11474  0.17955E-007
   11475  0.19071E-007
   11476  0.20186E-007
   11477  0.21295E-007
   11478  0.22400E-007
   11479  0.23500E-007
   11480  0.24594E-007
   11481  0.25683E-007
   11482  0.26767E-007
   11483  0.27844E-007
   11484  0.28917E-007
   11485  0.29984E-007
   11486  0.31046E-007
   11487  0.32103E-007
   11488  0.33154E-007
   11489  0.34201E-007
   11490  0.35242E-007
   11491  0.36279E-007
   11492  0.37310E-007
   11493  0.38337E-007
   11494  0.39360E-007
   11495  0.40380E-007
   11496  0.58923E-008
   11497  0.69202E-008
   11498  0.84789E-008
   11499  0.10398E-007
   11500  0.12523E-007
   11501  0.14742E-007
   11502  0.16990E-007
   11503  0.19236E-007
   11504  0.21464E-007
   11505  0.23672E-007
   11506  0.25857E-007
   11507  0.28021E-007
   11508  0.30163E-007
   11509  0.32283E-007
   11510  0.34383E-007
   11511  0.36464E-007
   11512  0.38525E-007
   11513  0.46732E-008
   11514  0.49425E-008
   11515  0.53838E-008
   11516  0.59766E-008
   11517  0.67047E-008
   11518  0.75448E-008
   11519  0.84749E-008
   11520  0.94753E-008
   11521  0.10526E-007
   11522  0.11613E-007
   11523  0.12722E-007
   11524  0.13845E-007
   11525  0.14975E-007
   11526  0.16107E-007
   11527  0.17237E-007
   11528  0.18365E-007
   11529  0.19488E-007
   11530  0.20606E-007
   11531  0.21719E-007
   11532  0.22827E-007
   11533  0.23928E-007
   11534  0.25024E-007
   11535  0.26115E-007
   11536  0.27200E-007
   11537  0.28279E-007
   11538  0.29353E-007
   11539  0.30422E-007
   11540  0.31485E-007
   11541  0.32544E-007
   11542  0.33597E-007
   11543  0.34645E-007
   11544  0.35688E-007
   11545  0.36726E-007
   11546  0.37761E-007
   11547  0.38794E-007
   11548  0.40802E-008
   11549  0.51200E-008
   11550  0.66968E-008
   11551  0.86379E-008
   11552  0.10787E-007
   11553  0.13031E-007
   11554  0.15305E-007
   11555  0.17575E-007
   11556  0.19828E-007
   11557  0.22059E-007
   11558  0.24268E-007
   11559  0.26455E-007
   11560  0.28619E-007
   11561  0.30761E-007
   11562  0.32883E-007
   11563  0.34984E-007
   11564  0.37067E-007
   11565  0.30342E-008
   11566  0.33063E-008
   11567  0.37522E-008
   11568  0.43513E-008
   11569  0.50870E-008
   11570  0.59358E-008
   11571  0.68755E-008
   11572  0.78863E-008
   11573  0.89474E-008
   11574  0.10046E-007
   11575  0.11166E-007
   11576  0.12301E-007
   11577  0.13442E-007
   11578  0.14585E-007
   11579  0.15727E-007
   11580  0.16866E-007
   11581  0.18000E-007
   11582  0.19130E-007
   11583  0.20253E-007
   11584  0.21371E-007
   11585  0.22484E-007
   11586  0.23590E-007
   11587  0.24691E-007
   11588  0.25786E-007
   11589  0.26876E-007
   11590  0.27960E-007
   11591  0.29039E-007
   11592  0.30112E-007
   11593  0.31180E-007
   11594  0.32242E-007
   11595  0.33300E-007
   11596  0.34352E-007
   11597  0.35400E-007
   11598  0.36443E-007
   11599  0.37482E-007
   11600  0.26217E-008
   11601  0.36712E-008
   11602  0.52625E-008
   11603  0.72215E-008
   11604  0.93901E-008
   11605  0.11655E-007
   11606  0.13949E-007
   11607  0.16239E-007
   11608  0.18512E-007
   11609  0.20763E-007
   11610  0.22990E-007
   11611  0.25195E-007
   11612  0.27377E-007
   11613  0.29538E-007
   11614  0.31676E-007
   11615  0.33794E-007
   11616  0.35892E-007
   11617  0.17526E-008
   11618  0.20269E-008
   11619  0.24764E-008
   11620  0.30803E-008
   11621  0.38220E-008
   11622  0.46777E-008
   11623  0.56250E-008
   11624  0.66440E-008
   11625  0.77135E-008
   11626  0.88206E-008
   11627  0.99496E-008
   11628  0.11094E-007
   11629  0.12243E-007
   11630  0.13396E-007
   11631  0.14547E-007
   11632  0.15694E-007
   11633  0.16837E-007
   11634  0.17975E-007
   11635  0.19107E-007
   11636  0.20234E-007
   11637  0.21355E-007
   11638  0.22470E-007
   11639  0.23579E-007
   11640  0.24682E-007
   11641  0.25780E-007
   11642  0.26872E-007
   11643  0.27958E-007
   11644  0.29039E-007
   11645  0.30114E-007
   11646  0.31185E-007
   11647  0.32249E-007
   11648  0.33309E-007
   11649  0.34364E-007
   11650  0.35414E-007
   11651  0.36461E-007
   11652  0.15226E-008
   11653  0.25794E-008
   11654  0.41819E-008
   11655  0.61543E-008
   11656  0.83378E-008
   11657  0.10618E-007
   11658  0.12927E-007
   11659  0.15233E-007
   11660  0.17520E-007
   11661  0.19786E-007
   11662  0.22028E-007
   11663  0.24247E-007
   11664  0.26443E-007
   11665  0.28616E-007
   11666  0.30768E-007
   11667  0.32898E-007
   11668  0.35008E-007
   11669  0.83344E-009
   11670  0.11093E-008
   11671  0.15615E-008
   11672  0.21689E-008
   11673  0.29149E-008
   11674  0.37755E-008
   11675  0.47282E-008
   11676  0.57530E-008
   11677  0.68287E-008
   11678  0.79421E-008
   11679  0.90775E-008
   11680  0.10228E-007
   11681  0.11384E-007
   11682  0.12543E-007
   11683  0.13700E-007
   11684  0.14854E-007
   11685  0.16004E-007
   11686  0.17148E-007
   11687  0.18286E-007
   11688  0.19419E-007
   11689  0.20545E-007
   11690  0.21666E-007
   11691  0.22781E-007
   11692  0.23890E-007
   11693  0.24994E-007
   11694  0.26091E-007
   11695  0.27183E-007
   11696  0.28270E-007
   11697  0.29350E-007
   11698  0.30426E-007
   11699  0.31496E-007
   11700  0.32560E-007
   11701  0.33619E-007
   11702  0.34674E-007
   11703  0.35723E-007
   11704  0.78747E-009
   11705  0.18492E-008
   11706  0.34590E-008
   11707  0.54405E-008
   11708  0.76340E-008
   11709  0.99245E-008
   11710  0.12244E-007
   11711  0.14560E-007
   11712  0.16857E-007
   11713  0.19133E-007
   11714  0.21384E-007
   11715  0.23612E-007
   11716  0.25817E-007
   11717  0.27999E-007
   11718  0.30159E-007
   11719  0.32297E-007
   11720  0.34414E-007
   11721  0.28047E-009
   11722  0.55731E-009
   11723  0.10111E-008
   11724  0.16206E-008
   11725  0.23691E-008
   11726  0.32327E-008
   11727  0.41888E-008
   11728  0.52171E-008
   11729  0.62964E-008
   11730  0.74137E-008
   11731  0.85529E-008
   11732  0.97074E-008
   11733  0.10867E-007
   11734  0.12030E-007
   11735  0.13191E-007
   11736  0.14349E-007
   11737  0.15502E-007
   11738  0.16650E-007
   11739  0.17792E-007
   11740  0.18928E-007
   11741  0.20058E-007
   11742  0.21183E-007
   11743  0.22301E-007
   11744  0.23414E-007
   11745  0.24520E-007
   11746  0.25621E-007
   11747  0.26717E-007
   11748  0.27806E-007
   11749  0.28890E-007
   11750  0.29969E-007
   11751  0.31042E-007
   11752  0.32109E-007
   11753  0.33171E-007
   11754  0.34228E-007
   11755  0.35279E-007
   11756  0.41915E-009
   11757  0.14833E-008
   11758  0.30969E-008
   11759  0.50829E-008
   11760  0.72814E-008
   11761  0.95770E-008
   11762  0.11902E-007
   11763  0.14223E-007
   11764  0.16525E-007
   11765  0.18805E-007
   11766  0.21062E-007
   11767  0.23294E-007
   11768  0.25504E-007
   11769  0.27690E-007
   11770  0.29854E-007
   11771  0.31996E-007
   11772  0.34117E-007
