       1  0.36291E-008
      20  0.26492E-008
      21  0.26503E-008
      22  0.26537E-008
      23  0.26594E-008
      24  0.26672E-008
      25  0.26773E-008
      26  0.26895E-008
      27  0.27038E-008
      28  0.27200E-008
      29  0.27382E-008
      30  0.27583E-008
      31  0.27802E-008
      32  0.28037E-008
      33  0.28288E-008
      34  0.28554E-008
      35  0.28833E-008
      36  0.29126E-008
      37  0.29430E-008
      38  0.29745E-008
      39  0.30070E-008
      40  0.30404E-008
      41  0.30745E-008
      42  0.31094E-008
      43  0.31448E-008
      44  0.31808E-008
      45  0.32172E-008
      46  0.32540E-008
      47  0.32911E-008
      48  0.33284E-008
      49  0.33659E-008
      50  0.34035E-008
      51  0.34412E-008
      52  0.34789E-008
      53  0.35166E-008
      54  0.35542E-008
      55  0.35917E-008
     579   0.0000     
     597  0.31395E-008
     598  0.71374E-011
     599  0.28227E-010
     600  0.63123E-010
     601  0.11107E-009
     602  0.17149E-009
     603  0.24328E-009
     604  0.32550E-009
     605  0.41685E-009
     606  0.51616E-009
     607  0.62207E-009
     608  0.73329E-009
     609  0.84857E-009
     610  0.96664E-009
     611  0.10864E-008
     612  0.12068E-008
     613  0.13270E-008
     614  0.14459E-008
     615  0.15632E-008
     616  0.16781E-008
     617  0.17902E-008
     618  0.18992E-008
     619  0.20048E-008
     620  0.21069E-008
     621  0.22054E-008
     622  0.23003E-008
     623  0.23917E-008
     624  0.24797E-008
     625  0.25643E-008
     626  0.26457E-008
     627  0.27241E-008
     628  0.27995E-008
     629  0.28723E-008
     630  0.29425E-008
     631  0.30103E-008
     632  0.30759E-008
    2054  0.25981E-008
    2055  0.25457E-008
    2056  0.24922E-008
    2057  0.24373E-008
    2058  0.23810E-008
    2059  0.23233E-008
    2060  0.22641E-008
    2061  0.22033E-008
    2062  0.21408E-008
    2063  0.20766E-008
    2064  0.20105E-008
    2065  0.19425E-008
    2066  0.18724E-008
    2067  0.18001E-008
    2068  0.17256E-008
    2069  0.16486E-008
    2070  0.15690E-008
    2071  0.14868E-008
    2072  0.14017E-008
    2073  0.13137E-008
    2074  0.12225E-008
    2075  0.11283E-008
    2076  0.10310E-008
    2077  0.93100E-009
    2078  0.82840E-009
    2079  0.72428E-009
    2080  0.61931E-009
    2081  0.51538E-009
    2082  0.41403E-009
    2083  0.31792E-009
    2084  0.22956E-009
    2085  0.15184E-009
    2086  0.87838E-010
    2087  0.39741E-010
    2088  0.10272E-010
    2089  0.31400E-008
    2090  0.31415E-008
    2091  0.31443E-008
    2092  0.31480E-008
    2093  0.31528E-008
    2094  0.31586E-008
    2095  0.31654E-008
    2096  0.31731E-008
    2097  0.31818E-008
    2098  0.31912E-008
    2099  0.32016E-008
    2100  0.32127E-008
    2101  0.32246E-008
    2102  0.32371E-008
    2103  0.32504E-008
    2104  0.32643E-008
    2105  0.32788E-008
    2106  0.32939E-008
    2107  0.33095E-008
    2108  0.33256E-008
    2109  0.33422E-008
    2110  0.33593E-008
    2111  0.33767E-008
    2112  0.33945E-008
    2113  0.34127E-008
    2114  0.34312E-008
    2115  0.34500E-008
    2116  0.34691E-008
    2117  0.34884E-008
    2118  0.35080E-008
    2119  0.35278E-008
    2120  0.35477E-008
    2121  0.35679E-008
    2122  0.35882E-008
    2123  0.36086E-008
    2124  0.30783E-008
    2125  0.30853E-008
    2126  0.30968E-008
    2127  0.31124E-008
    2128  0.31319E-008
    2129  0.31548E-008
    2130  0.31809E-008
    2131  0.32098E-008
    2132  0.32411E-008
    2133  0.32747E-008
    2134  0.33101E-008
    2135  0.33471E-008
    2136  0.33856E-008
    2137  0.34252E-008
    2138  0.34658E-008
    2139  0.35072E-008
    2140  0.35492E-008
    2141  0.30110E-008
    2142  0.30129E-008
    2143  0.30161E-008
    2144  0.30205E-008
    2145  0.30262E-008
    2146  0.30330E-008
    2147  0.30409E-008
    2148  0.30499E-008
    2149  0.30599E-008
    2150  0.30709E-008
    2151  0.30827E-008
    2152  0.30955E-008
    2153  0.31090E-008
    2154  0.31233E-008
    2155  0.31384E-008
    2156  0.31541E-008
    2157  0.31704E-008
    2158  0.31873E-008
    2159  0.32048E-008
    2160  0.32228E-008
    2161  0.32413E-008
    2162  0.32602E-008
    2163  0.32795E-008
    2164  0.32991E-008
    2165  0.33191E-008
    2166  0.33395E-008
    2167  0.33601E-008
    2168  0.33809E-008
    2169  0.34020E-008
    2170  0.34233E-008
    2171  0.34448E-008
    2172  0.34664E-008
    2173  0.34882E-008
    2174  0.35101E-008
    2175  0.35321E-008
    2176  0.29453E-008
    2177  0.29537E-008
    2178  0.29672E-008
    2179  0.29855E-008
    2180  0.30082E-008
    2181  0.30346E-008
    2182  0.30644E-008
    2183  0.30972E-008
    2184  0.31326E-008
    2185  0.31701E-008
    2186  0.32095E-008
    2187  0.32505E-008
    2188  0.32928E-008
    2189  0.33362E-008
    2190  0.33805E-008
    2191  0.34254E-008
    2192  0.34708E-008
    2193  0.28731E-008
    2194  0.28754E-008
    2195  0.28792E-008
    2196  0.28845E-008
    2197  0.28912E-008
    2198  0.28993E-008
    2199  0.29087E-008
    2200  0.29192E-008
    2201  0.29309E-008
    2202  0.29437E-008
    2203  0.29575E-008
    2204  0.29722E-008
    2205  0.29878E-008
    2206  0.30042E-008
    2207  0.30213E-008
    2208  0.30392E-008
    2209  0.30577E-008
    2210  0.30767E-008
    2211  0.30964E-008
    2212  0.31165E-008
    2213  0.31371E-008
    2214  0.31581E-008
    2215  0.31795E-008
    2216  0.32013E-008
    2217  0.32234E-008
    2218  0.32457E-008
    2219  0.32683E-008
    2220  0.32911E-008
    2221  0.33142E-008
    2222  0.33373E-008
    2223  0.33607E-008
    2224  0.33842E-008
    2225  0.34077E-008
    2226  0.34314E-008
    2227  0.34551E-008
    2228  0.28029E-008
    2229  0.28130E-008
    2230  0.28292E-008
    2231  0.28509E-008
    2232  0.28774E-008
    2233  0.29082E-008
    2234  0.29425E-008
    2235  0.29799E-008
    2236  0.30199E-008
    2237  0.30621E-008
    2238  0.31060E-008
    2239  0.31515E-008
    2240  0.31981E-008
    2241  0.32457E-008
    2242  0.32940E-008
    2243  0.33428E-008
    2244  0.33919E-008
    2245  0.27250E-008
    2246  0.27278E-008
    2247  0.27325E-008
    2248  0.27389E-008
    2249  0.27470E-008
    2250  0.27566E-008
    2251  0.27678E-008
    2252  0.27804E-008
    2253  0.27942E-008
    2254  0.28093E-008
    2255  0.28254E-008
    2256  0.28425E-008
    2257  0.28606E-008
    2258  0.28794E-008
    2259  0.28991E-008
    2260  0.29195E-008
    2261  0.29405E-008
    2262  0.29621E-008
    2263  0.29842E-008
    2264  0.30068E-008
    2265  0.30299E-008
    2266  0.30533E-008
    2267  0.30771E-008
    2268  0.31012E-008
    2269  0.31256E-008
    2270  0.31502E-008
    2271  0.31750E-008
    2272  0.32000E-008
    2273  0.32252E-008
    2274  0.32504E-008
    2275  0.32758E-008
    2276  0.33013E-008
    2277  0.33268E-008
    2278  0.33524E-008
    2279  0.33779E-008
    2280  0.26499E-008
    2281  0.26621E-008
    2282  0.26817E-008
    2283  0.27077E-008
    2284  0.27392E-008
    2285  0.27752E-008
    2286  0.28149E-008
    2287  0.28578E-008
    2288  0.29032E-008
    2289  0.29507E-008
    2290  0.29999E-008
    2291  0.30504E-008
    2292  0.31019E-008
    2293  0.31541E-008
    2294  0.32067E-008
    2295  0.32597E-008
    2296  0.33128E-008
    2297  0.25655E-008
    2298  0.25689E-008
    2299  0.25746E-008
    2300  0.25825E-008
    2301  0.25923E-008
    2302  0.26041E-008
    2303  0.26176E-008
    2304  0.26327E-008
    2305  0.26492E-008
    2306  0.26671E-008
    2307  0.26861E-008
    2308  0.27061E-008
    2309  0.27271E-008
    2310  0.27490E-008
    2311  0.27716E-008
    2312  0.27950E-008
    2313  0.28189E-008
    2314  0.28435E-008
    2315  0.28685E-008
    2316  0.28939E-008
    2317  0.29198E-008
    2318  0.29459E-008
    2319  0.29724E-008
    2320  0.29992E-008
    2321  0.30261E-008
    2322  0.30532E-008
    2323  0.30805E-008
    2324  0.31079E-008
    2325  0.31354E-008
    2326  0.31630E-008
    2327  0.31905E-008
    2328  0.32182E-008
    2329  0.32458E-008
    2330  0.32734E-008
    2331  0.33009E-008
    2332  0.24848E-008
    2333  0.24999E-008
    2334  0.25239E-008
    2335  0.25553E-008
    2336  0.25929E-008
    2337  0.26354E-008
    2338  0.26817E-008
    2339  0.27310E-008
    2340  0.27828E-008
    2341  0.28364E-008
    2342  0.28915E-008
    2343  0.29476E-008
    2344  0.30044E-008
    2345  0.30616E-008
    2346  0.31191E-008
    2347  0.31766E-008
    2348  0.32340E-008
    2349  0.23932E-008
    2350  0.23975E-008
    2351  0.24046E-008
    2352  0.24143E-008
    2353  0.24264E-008
    2354  0.24409E-008
    2355  0.24573E-008
    2356  0.24756E-008
    2357  0.24954E-008
    2358  0.25167E-008
    2359  0.25393E-008
    2360  0.25629E-008
    2361  0.25875E-008
    2362  0.26129E-008
    2363  0.26391E-008
    2364  0.26659E-008
    2365  0.26933E-008
    2366  0.27212E-008
    2367  0.27495E-008
    2368  0.27782E-008
    2369  0.28072E-008
    2370  0.28365E-008
    2371  0.28660E-008
    2372  0.28957E-008
    2373  0.29254E-008
    2374  0.29553E-008
    2375  0.29853E-008
    2376  0.30153E-008
    2377  0.30453E-008
    2378  0.30753E-008
    2379  0.31053E-008
    2380  0.31352E-008
    2381  0.31651E-008
    2382  0.31948E-008
    2383  0.32245E-008
    2384  0.23068E-008
    2385  0.23255E-008
    2386  0.23550E-008
    2387  0.23933E-008
    2388  0.24385E-008
    2389  0.24888E-008
    2390  0.25429E-008
    2391  0.25998E-008
    2392  0.26589E-008
    2393  0.27195E-008
    2394  0.27812E-008
    2395  0.28435E-008
    2396  0.29062E-008
    2397  0.29690E-008
    2398  0.30317E-008
    2399  0.30940E-008
    2400  0.31559E-008
    2401  0.22073E-008
    2402  0.22126E-008
    2403  0.22215E-008
    2404  0.22335E-008
    2405  0.22486E-008
    2406  0.22664E-008
    2407  0.22865E-008
    2408  0.23087E-008
    2409  0.23327E-008
    2410  0.23582E-008
    2411  0.23851E-008
    2412  0.24130E-008
    2413  0.24419E-008
    2414  0.24716E-008
    2415  0.25019E-008
    2416  0.25328E-008
    2417  0.25641E-008
    2418  0.25959E-008
    2419  0.26280E-008
    2420  0.26603E-008
    2421  0.26929E-008
    2422  0.27256E-008
    2423  0.27584E-008
    2424  0.27913E-008
    2425  0.28242E-008
    2426  0.28571E-008
    2427  0.28900E-008
    2428  0.29228E-008
    2429  0.29556E-008
    2430  0.29882E-008
    2431  0.30207E-008
    2432  0.30531E-008
    2433  0.30853E-008
    2434  0.31173E-008
    2435  0.31491E-008
    2436  0.21149E-008
    2437  0.21383E-008
    2438  0.21748E-008
    2439  0.22217E-008
    2440  0.22761E-008
    2441  0.23358E-008
    2442  0.23991E-008
    2443  0.24649E-008
    2444  0.25323E-008
    2445  0.26008E-008
    2446  0.26698E-008
    2447  0.27390E-008
    2448  0.28081E-008
    2449  0.28768E-008
    2450  0.29450E-008
    2451  0.30125E-008
    2452  0.30791E-008
    2453  0.20071E-008
    2454  0.20138E-008
    2455  0.20249E-008
    2456  0.20399E-008
    2457  0.20586E-008
    2458  0.20805E-008
    2459  0.21052E-008
    2460  0.21323E-008
    2461  0.21614E-008
    2462  0.21920E-008
    2463  0.22240E-008
    2464  0.22571E-008
    2465  0.22910E-008
    2466  0.23256E-008
    2467  0.23607E-008
    2468  0.23963E-008
    2469  0.24322E-008
    2470  0.24683E-008
    2471  0.25046E-008
    2472  0.25410E-008
    2473  0.25775E-008
    2474  0.26140E-008
    2475  0.26505E-008
    2476  0.26869E-008
    2477  0.27232E-008
    2478  0.27593E-008
    2479  0.27953E-008
    2480  0.28312E-008
    2481  0.28668E-008
    2482  0.29022E-008
    2483  0.29374E-008
    2484  0.29723E-008
    2485  0.30070E-008
    2486  0.30414E-008
    2487  0.30755E-008
    2488  0.19093E-008
    2489  0.19384E-008
    2490  0.19836E-008
    2491  0.20408E-008
    2492  0.21063E-008
    2493  0.21772E-008
    2494  0.22512E-008
    2495  0.23271E-008
    2496  0.24040E-008
    2497  0.24812E-008
    2498  0.25583E-008
    2499  0.26350E-008
    2500  0.27109E-008
    2501  0.27859E-008
    2502  0.28599E-008
    2503  0.29327E-008
    2504  0.30043E-008
    2505  0.17931E-008
    2506  0.18015E-008
    2507  0.18153E-008
    2508  0.18340E-008
    2509  0.18571E-008
    2510  0.18841E-008
    2511  0.19143E-008
    2512  0.19473E-008
    2513  0.19823E-008
    2514  0.20191E-008
    2515  0.20571E-008
    2516  0.20962E-008
    2517  0.21359E-008
    2518  0.21762E-008
    2519  0.22168E-008
    2520  0.22576E-008
    2521  0.22986E-008
    2522  0.23396E-008
    2523  0.23806E-008
    2524  0.24215E-008
    2525  0.24623E-008
    2526  0.25029E-008
    2527  0.25433E-008
    2528  0.25834E-008
    2529  0.26233E-008
    2530  0.26630E-008
    2531  0.27023E-008
    2532  0.27413E-008
    2533  0.27799E-008
    2534  0.28182E-008
    2535  0.28562E-008
    2536  0.28938E-008
    2537  0.29310E-008
    2538  0.29678E-008
    2539  0.30043E-008
    2540  0.16907E-008
    2541  0.17268E-008
    2542  0.17824E-008
    2543  0.18520E-008
    2544  0.19306E-008
    2545  0.20144E-008
    2546  0.21007E-008
    2547  0.21880E-008
    2548  0.22753E-008
    2549  0.23621E-008
    2550  0.24479E-008
    2551  0.25325E-008
    2552  0.26156E-008
    2553  0.26973E-008
    2554  0.27773E-008
    2555  0.28556E-008
    2556  0.29321E-008
    2557  0.15668E-008
    2558  0.15772E-008
    2559  0.15943E-008
    2560  0.16173E-008
    2561  0.16458E-008
    2562  0.16788E-008
    2563  0.17155E-008
    2564  0.17553E-008
    2565  0.17974E-008
    2566  0.18412E-008
    2567  0.18862E-008
    2568  0.19321E-008
    2569  0.19785E-008
    2570  0.20251E-008
    2571  0.20718E-008
    2572  0.21185E-008
    2573  0.21651E-008
    2574  0.22114E-008
    2575  0.22575E-008
    2576  0.23032E-008
    2577  0.23486E-008
    2578  0.23935E-008
    2579  0.24381E-008
    2580  0.24822E-008
    2581  0.25259E-008
    2582  0.25691E-008
    2583  0.26119E-008
    2584  0.26541E-008
    2585  0.26959E-008
    2586  0.27372E-008
    2587  0.27780E-008
    2588  0.28183E-008
    2589  0.28581E-008
    2590  0.28974E-008
    2591  0.29362E-008
    2592  0.14615E-008
    2593  0.15059E-008
    2594  0.15736E-008
    2595  0.16576E-008
    2596  0.17513E-008
    2597  0.18497E-008
    2598  0.19497E-008
    2599  0.20494E-008
    2600  0.21481E-008
    2601  0.22450E-008
    2602  0.23400E-008
    2603  0.24329E-008
    2604  0.25236E-008
    2605  0.26120E-008
    2606  0.26981E-008
    2607  0.27819E-008
    2608  0.28636E-008
    2609  0.13314E-008
    2610  0.13441E-008
    2611  0.13650E-008
    2612  0.13931E-008
    2613  0.14276E-008
    2614  0.14675E-008
    2615  0.15117E-008
    2616  0.15593E-008
    2617  0.16094E-008
    2618  0.16612E-008
    2619  0.17140E-008
    2620  0.17675E-008
    2621  0.18211E-008
    2622  0.18747E-008
    2623  0.19281E-008
    2624  0.19811E-008
    2625  0.20336E-008
    2626  0.20856E-008
    2627  0.21371E-008
    2628  0.21879E-008
    2629  0.22381E-008
    2630  0.22876E-008
    2631  0.23365E-008
    2632  0.23847E-008
    2633  0.24323E-008
    2634  0.24792E-008
    2635  0.25254E-008
    2636  0.25710E-008
    2637  0.26159E-008
    2638  0.26601E-008
    2639  0.27038E-008
    2640  0.27468E-008
    2641  0.27891E-008
    2642  0.28309E-008
    2643  0.28720E-008
    2644  0.12257E-008
    2645  0.12795E-008
    2646  0.13610E-008
    2647  0.14611E-008
    2648  0.15714E-008
    2649  0.16859E-008
    2650  0.18007E-008
    2651  0.19138E-008
    2652  0.20244E-008
    2653  0.21320E-008
    2654  0.22365E-008
    2655  0.23379E-008
    2656  0.24361E-008
    2657  0.25313E-008
    2658  0.26235E-008
    2659  0.27128E-008
    2660  0.27994E-008
    2661  0.10917E-008
    2662  0.11071E-008
    2663  0.11322E-008
    2664  0.11659E-008
    2665  0.12072E-008
    2666  0.12548E-008
    2667  0.13073E-008
    2668  0.13635E-008
    2669  0.14222E-008
    2670  0.14826E-008
    2671  0.15439E-008
    2672  0.16055E-008
    2673  0.16670E-008
    2674  0.17280E-008
    2675  0.17884E-008
    2676  0.18481E-008
    2677  0.19068E-008
    2678  0.19647E-008
    2679  0.20217E-008
    2680  0.20777E-008
    2681  0.21328E-008
    2682  0.21870E-008
    2683  0.22402E-008
    2684  0.22925E-008
    2685  0.23440E-008
    2686  0.23945E-008
    2687  0.24442E-008
    2688  0.24931E-008
    2689  0.25411E-008
    2690  0.25883E-008
    2691  0.26347E-008
    2692  0.26803E-008
    2693  0.27252E-008
    2694  0.27693E-008
    2695  0.28127E-008
    2696  0.98916E-009
    2697  0.10532E-008
    2698  0.11497E-008
    2699  0.12672E-008
    2700  0.13954E-008
    2701  0.15269E-008
    2702  0.16572E-008
    2703  0.17841E-008
    2704  0.19069E-008
    2705  0.20253E-008
    2706  0.21392E-008
    2707  0.22490E-008
    2708  0.23547E-008
    2709  0.24565E-008
    2710  0.25546E-008
    2711  0.26493E-008
    2712  0.27406E-008
    2713  0.85486E-009
    2714  0.87298E-009
    2715  0.90264E-009
    2716  0.94234E-009
    2717  0.99087E-009
    2718  0.10465E-008
    2719  0.11077E-008
    2720  0.11730E-008
    2721  0.12409E-008
    2722  0.13104E-008
    2723  0.13804E-008
    2724  0.14505E-008
    2725  0.15199E-008
    2726  0.15886E-008
    2727  0.16561E-008
    2728  0.17225E-008
    2729  0.17875E-008
    2730  0.18513E-008
    2731  0.19138E-008
    2732  0.19750E-008
    2733  0.20349E-008
    2734  0.20936E-008
    2735  0.21511E-008
    2736  0.22075E-008
    2737  0.22627E-008
    2738  0.23168E-008
    2739  0.23698E-008
    2740  0.24218E-008
    2741  0.24727E-008
    2742  0.25227E-008
    2743  0.25718E-008
    2744  0.26199E-008
    2745  0.26671E-008
    2746  0.27135E-008
    2747  0.27590E-008
    2748  0.75962E-009
    2749  0.83433E-009
    2750  0.94631E-009
    2751  0.10818E-008
    2752  0.12283E-008
    2753  0.13770E-008
    2754  0.15229E-008
    2755  0.16636E-008
    2756  0.17984E-008
    2757  0.19272E-008
    2758  0.20504E-008
    2759  0.21682E-008
    2760  0.22810E-008
    2761  0.23890E-008
    2762  0.24927E-008
    2763  0.25923E-008
    2764  0.26880E-008
    2765  0.62935E-009
    2766  0.65030E-009
    2767  0.68455E-009
    2768  0.73031E-009
    2769  0.78615E-009
    2770  0.85001E-009
    2771  0.91997E-009
    2772  0.99435E-009
    2773  0.10713E-008
    2774  0.11499E-008
    2775  0.12286E-008
    2776  0.13070E-008
    2777  0.13844E-008
    2778  0.14605E-008
    2779  0.15350E-008
    2780  0.16078E-008
    2781  0.16789E-008
    2782  0.17484E-008
    2783  0.18161E-008
    2784  0.18822E-008
    2785  0.19468E-008
    2786  0.20098E-008
    2787  0.20713E-008
    2788  0.21314E-008
    2789  0.21901E-008
    2790  0.22475E-008
    2791  0.23036E-008
    2792  0.23585E-008
    2793  0.24122E-008
    2794  0.24647E-008
    2795  0.25162E-008
    2796  0.25666E-008
    2797  0.26160E-008
    2798  0.26644E-008
    2799  0.27118E-008
    2800  0.54625E-009
    2801  0.63145E-009
    2802  0.75866E-009
    2803  0.91165E-009
    2804  0.10759E-008
    2805  0.12412E-008
    2806  0.14020E-008
    2807  0.15557E-008
    2808  0.17018E-008
    2809  0.18404E-008
    2810  0.19720E-008
    2811  0.20972E-008
    2812  0.22165E-008
    2813  0.23302E-008
    2814  0.24389E-008
    2815  0.25429E-008
    2816  0.26426E-008
    2817  0.42508E-009
    2818  0.44872E-009
    2819  0.48736E-009
    2820  0.53890E-009
    2821  0.60167E-009
    2822  0.67331E-009
    2823  0.75159E-009
    2824  0.83456E-009
    2825  0.92016E-009
    2826  0.10072E-008
    2827  0.10940E-008
    2828  0.11803E-008
    2829  0.12649E-008
    2830  0.13479E-008
    2831  0.14288E-008
    2832  0.15077E-008
    2833  0.15843E-008
    2834  0.16589E-008
    2835  0.17314E-008
    2836  0.18020E-008
    2837  0.18706E-008
    2838  0.19375E-008
    2839  0.20026E-008
    2840  0.20660E-008
    2841  0.21279E-008
    2842  0.21882E-008
    2843  0.22470E-008
    2844  0.23045E-008
    2845  0.23606E-008
    2846  0.24154E-008
    2847  0.24690E-008
    2848  0.25214E-008
    2849  0.25727E-008
    2850  0.26228E-008
    2851  0.26719E-008
    2852  0.35904E-009
    2853  0.45387E-009
    2854  0.59503E-009
    2855  0.76401E-009
    2856  0.94438E-009
    2857  0.11247E-008
    2858  0.12988E-008
    2859  0.14641E-008
    2860  0.16201E-008
    2861  0.17673E-008
    2862  0.19064E-008
    2863  0.20380E-008
    2864  0.21628E-008
    2865  0.22814E-008
    2866  0.23944E-008
    2867  0.25021E-008
    2868  0.26051E-008
    2869  0.25234E-009
    2870  0.27835E-009
    2871  0.32084E-009
    2872  0.37745E-009
    2873  0.44632E-009
    2874  0.52478E-009
    2875  0.61034E-009
    2876  0.70082E-009
    2877  0.79392E-009
    2878  0.88828E-009
    2879  0.98225E-009
    2880  0.10752E-008
    2881  0.11662E-008
    2882  0.12551E-008
    2883  0.13415E-008
    2884  0.14254E-008
    2885  0.15068E-008
    2886  0.15858E-008
    2887  0.16623E-008
    2888  0.17366E-008
    2889  0.18088E-008
    2890  0.18789E-008
    2891  0.19470E-008
    2892  0.20132E-008
    2893  0.20776E-008
    2894  0.21404E-008
    2895  0.22015E-008
    2896  0.22611E-008
    2897  0.23192E-008
    2898  0.23759E-008
    2899  0.24312E-008
    2900  0.24852E-008
    2901  0.25380E-008
    2902  0.25896E-008
    2903  0.26401E-008
    2904  0.20792E-009
    2905  0.31079E-009
    2906  0.46357E-009
    2907  0.64586E-009
    2908  0.83957E-009
    2909  0.10323E-008
    2910  0.12173E-008
    2911  0.13920E-008
    2912  0.15561E-008
    2913  0.17102E-008
    2914  0.18552E-008
    2915  0.19919E-008
    2916  0.21212E-008
    2917  0.22437E-008
    2918  0.23600E-008
    2919  0.24708E-008
    2920  0.25764E-008
    2921  0.12079E-009
    2922  0.14866E-009
    2923  0.19417E-009
    2924  0.25476E-009
    2925  0.32839E-009
    2926  0.41218E-009
    2927  0.50342E-009
    2928  0.59977E-009
    2929  0.69871E-009
    2930  0.79880E-009
    2931  0.89825E-009
    2932  0.99641E-009
    2933  0.10923E-008
    2934  0.11858E-008
    2935  0.12764E-008
    2936  0.13642E-008
    2937  0.14492E-008
    2938  0.15315E-008
    2939  0.16111E-008
    2940  0.16883E-008
    2941  0.17631E-008
    2942  0.18356E-008
    2943  0.19060E-008
    2944  0.19743E-008
    2945  0.20407E-008
    2946  0.21053E-008
    2947  0.21681E-008
    2948  0.22293E-008
    2949  0.22888E-008
    2950  0.23469E-008
    2951  0.24035E-008
    2952  0.24588E-008
    2953  0.25127E-008
    2954  0.25654E-008
    2955  0.26169E-008
    2956  0.10163E-009
    2957  0.21030E-009
    2958  0.37145E-009
    2959  0.56327E-009
    2960  0.76654E-009
    2961  0.96808E-009
    2962  0.11609E-008
    2963  0.13423E-008
    2964  0.15121E-008
    2965  0.16710E-008
    2966  0.18202E-008
    2967  0.19605E-008
    2968  0.20928E-008
    2969  0.22180E-008
    2970  0.23366E-008
    2971  0.24494E-008
    2972  0.25568E-008
    2973  0.38356E-010
    2974  0.67416E-010
    2975  0.11485E-009
    2976  0.17798E-009
    2977  0.25465E-009
    2978  0.34185E-009
    2979  0.43671E-009
    2980  0.53678E-009
    2981  0.63944E-009
    2982  0.74316E-009
    2983  0.84609E-009
    2984  0.94756E-009
    2985  0.10465E-008
    2986  0.11429E-008
    2987  0.12361E-008
    2988  0.13264E-008
    2989  0.14137E-008
    2990  0.14981E-008
    2991  0.15797E-008
    2992  0.16586E-008
    2993  0.17350E-008
    2994  0.18091E-008
    2995  0.18808E-008
    2996  0.19505E-008
    2997  0.20181E-008
    2998  0.20838E-008
    2999  0.21477E-008
    3000  0.22098E-008
    3001  0.22703E-008
    3002  0.23293E-008
    3003  0.23867E-008
    3004  0.24427E-008
    3005  0.24973E-008
    3006  0.25507E-008
    3007  0.26028E-008
    3008  0.46737E-010
    3009  0.15844E-009
    3010  0.32396E-009
    3011  0.52078E-009
    3012  0.72904E-009
    3013  0.93517E-009
    3014  0.11320E-008
    3015  0.13169E-008
    3016  0.14896E-008
    3017  0.16511E-008
    3018  0.18024E-008
    3019  0.19445E-008
    3020  0.20784E-008
    3021  0.22049E-008
    3022  0.23248E-008
    3023  0.24386E-008
    3024  0.25470E-008
