       1  0.10192E-005
      20  0.68042E-007
      21  0.68133E-007
      22  0.68487E-007
      23  0.69028E-007
      24  0.69799E-007
      25  0.70787E-007
      26  0.72015E-007
      27  0.73429E-007
      28  0.75071E-007
      29  0.76931E-007
      30  0.79014E-007
      31  0.81288E-007
      32  0.83769E-007
      33  0.86460E-007
      34  0.89361E-007
      35  0.92446E-007
      36  0.95739E-007
      37  0.99234E-007
      38  0.10293E-006
      39  0.10680E-006
      40  0.11087E-006
      41  0.11512E-006
      42  0.11956E-006
      43  0.12417E-006
      44  0.12894E-006
      45  0.13390E-006
      46  0.13903E-006
      47  0.14430E-006
      48  0.14973E-006
      49  0.15532E-006
      50  0.16107E-006
      51  0.16694E-006
      52  0.17296E-006
      53  0.17912E-006
      54  0.18543E-006
      55  0.19185E-006
      56  0.19839E-006
      57  0.20505E-006
      58  0.21184E-006
      59  0.21873E-006
      60  0.22572E-006
      61  0.23281E-006
      62  0.24001E-006
      63  0.24730E-006
      64  0.25466E-006
      65  0.26212E-006
      66  0.26967E-006
      67  0.27728E-006
      68  0.28497E-006
      69  0.29272E-006
      70  0.30054E-006
      71  0.30842E-006
      72  0.31635E-006
      73  0.32433E-006
      74  0.33237E-006
      75  0.34045E-006
      76  0.34856E-006
      77  0.35672E-006
      78  0.36491E-006
      79  0.37313E-006
      80  0.38137E-006
      81  0.38964E-006
      82  0.39793E-006
      83  0.40624E-006
      84  0.41456E-006
      85  0.42289E-006
      86  0.43124E-006
      87  0.43959E-006
      88  0.44794E-006
      89  0.45630E-006
      90  0.46466E-006
      91  0.47301E-006
      92  0.48136E-006
      93  0.48970E-006
      94  0.49804E-006
      95  0.50636E-006
      96  0.51466E-006
      97  0.52296E-006
      98  0.53124E-006
      99  0.53950E-006
     100  0.54775E-006
     101  0.55597E-006
     102  0.56418E-006
     103  0.57236E-006
     104  0.58052E-006
     105  0.58866E-006
     106  0.59677E-006
     107  0.60486E-006
     108  0.61291E-006
     109  0.62094E-006
     110  0.62895E-006
     111  0.63692E-006
     112  0.64487E-006
     113  0.65279E-006
     114  0.66068E-006
     115  0.66853E-006
     116  0.67636E-006
     117  0.68416E-006
     118  0.69193E-006
     119  0.69966E-006
     120  0.70737E-006
     121  0.71504E-006
     122  0.72269E-006
     123  0.73030E-006
     124  0.73788E-006
     125  0.74543E-006
     126  0.75295E-006
     127  0.76043E-006
     128  0.76789E-006
     129  0.77532E-006
     130  0.78272E-006
     131  0.79008E-006
     132  0.79742E-006
     133  0.80473E-006
     134  0.81201E-006
     135  0.81926E-006
     136  0.82649E-006
     137  0.83368E-006
     138  0.84085E-006
     139  0.84799E-006
     140  0.85511E-006
     141  0.86219E-006
     142  0.86926E-006
     143  0.87630E-006
     144  0.88331E-006
     145  0.89030E-006
     146  0.89726E-006
     147  0.90421E-006
     148  0.91112E-006
     149  0.91802E-006
     150  0.92490E-006
     151  0.93175E-006
     152  0.93858E-006
     153  0.94540E-006
     154  0.95219E-006
     155  0.95897E-006
     156  0.96573E-006
     157  0.97247E-006
     158  0.97919E-006
     159  0.98589E-006
     160  0.99258E-006
     161  0.99926E-006
     162  0.10059E-005
     163  0.10126E-005
    2253   0.0000     
    2271  0.10183E-005
    2272  0.12907E-009
    2273  0.51602E-009
    2274  0.11606E-008
    2275  0.20621E-008
    2276  0.32198E-008
    2277  0.46322E-008
    2278  0.62982E-008
    2279  0.82160E-008
    2280  0.10384E-007
    2281  0.12799E-007
    2282  0.15460E-007
    2283  0.18363E-007
    2284  0.21507E-007
    2285  0.24887E-007
    2286  0.28500E-007
    2287  0.32344E-007
    2288  0.36414E-007
    2289  0.40707E-007
    2290  0.45219E-007
    2291  0.49946E-007
    2292  0.54882E-007
    2293  0.60024E-007
    2294  0.65366E-007
    2295  0.70905E-007
    2296  0.76634E-007
    2297  0.82549E-007
    2298  0.88644E-007
    2299  0.94915E-007
    2300  0.10136E-006
    2301  0.10796E-006
    2302  0.11473E-006
    2303  0.12165E-006
    2304  0.12872E-006
    2305  0.13593E-006
    2306  0.14328E-006
    2307  0.15076E-006
    2308  0.15837E-006
    2309  0.16610E-006
    2310  0.17394E-006
    2311  0.18189E-006
    2312  0.18995E-006
    2313  0.19810E-006
    2314  0.20635E-006
    2315  0.21468E-006
    2316  0.22310E-006
    2317  0.23159E-006
    2318  0.24016E-006
    2319  0.24879E-006
    2320  0.25749E-006
    2321  0.26624E-006
    2322  0.27504E-006
    2323  0.28389E-006
    2324  0.29278E-006
    2325  0.30171E-006
    2326  0.31067E-006
    2327  0.31967E-006
    2328  0.32868E-006
    2329  0.33772E-006
    2330  0.34678E-006
    2331  0.35585E-006
    2332  0.36493E-006
    2333  0.37401E-006
    2334  0.38310E-006
    2335  0.39219E-006
    2336  0.40127E-006
    2337  0.41035E-006
    2338  0.41942E-006
    2339  0.42848E-006
    2340  0.43752E-006
    2341  0.44655E-006
    2342  0.45556E-006
    2343  0.46454E-006
    2344  0.47351E-006
    2345  0.48245E-006
    2346  0.49136E-006
    2347  0.50024E-006
    2348  0.50909E-006
    2349  0.51791E-006
    2350  0.52670E-006
    2351  0.53545E-006
    2352  0.54417E-006
    2353  0.55285E-006
    2354  0.56149E-006
    2355  0.57009E-006
    2356  0.57866E-006
    2357  0.58719E-006
    2358  0.59567E-006
    2359  0.60412E-006
    2360  0.61252E-006
    2361  0.62088E-006
    2362  0.62921E-006
    2363  0.63749E-006
    2364  0.64572E-006
    2365  0.65392E-006
    2366  0.66207E-006
    2367  0.67018E-006
    2368  0.67825E-006
    2369  0.68628E-006
    2370  0.69426E-006
    2371  0.70221E-006
    2372  0.71011E-006
    2373  0.71797E-006
    2374  0.72579E-006
    2375  0.73357E-006
    2376  0.74131E-006
    2377  0.74901E-006
    2378  0.75667E-006
    2379  0.76430E-006
    2380  0.77188E-006
    2381  0.77943E-006
    2382  0.78694E-006
    2383  0.79442E-006
    2384  0.80186E-006
    2385  0.80926E-006
    2386  0.81663E-006
    2387  0.82397E-006
    2388  0.83127E-006
    2389  0.83854E-006
    2390  0.84577E-006
    2391  0.85298E-006
    2392  0.86016E-006
    2393  0.86730E-006
    2394  0.87442E-006
    2395  0.88150E-006
    2396  0.88856E-006
    2397  0.89559E-006
    2398  0.90260E-006
    2399  0.90958E-006
    2400  0.91653E-006
    2401  0.92346E-006
    2402  0.93037E-006
    2403  0.93725E-006
    2404  0.94411E-006
    2405  0.95094E-006
    2406  0.95776E-006
    2407  0.96456E-006
    2408  0.97133E-006
    2409  0.97809E-006
    2410  0.98483E-006
    2411  0.99155E-006
    2412  0.99826E-006
    2413  0.10049E-005
    2414  0.10116E-005
    7994  0.66017E-007
    7995  0.63986E-007
    7996  0.61959E-007
    7997  0.59925E-007
    7998  0.57882E-007
    7999  0.55831E-007
    8000  0.53773E-007
    8001  0.51707E-007
    8002  0.49634E-007
    8003  0.47552E-007
    8004  0.45463E-007
    8005  0.43366E-007
    8006  0.41261E-007
    8007  0.39148E-007
    8008  0.37026E-007
    8009  0.34897E-007
    8010  0.32760E-007
    8011  0.30614E-007
    8012  0.28461E-007
    8013  0.26302E-007
    8014  0.24136E-007
    8015  0.21968E-007
    8016  0.19799E-007
    8017  0.17639E-007
    8018  0.15492E-007
    8019  0.13375E-007
    8020  0.11303E-007
    8021  0.93021E-008
    8022  0.73982E-008
    8023  0.56296E-008
    8024  0.40333E-008
    8025  0.26505E-008
    8026  0.15250E-008
    8027  0.68757E-009
    8028  0.17669E-009
    8029  0.10183E-005
    8030  0.10183E-005
    8031  0.10183E-005
    8032  0.10183E-005
    8033  0.10183E-005
    8034  0.10183E-005
    8035  0.10183E-005
    8036  0.10183E-005
    8037  0.10184E-005
    8038  0.10184E-005
    8039  0.10184E-005
    8040  0.10184E-005
    8041  0.10184E-005
    8042  0.10184E-005
    8043  0.10185E-005
    8044  0.10185E-005
    8045  0.10185E-005
    8046  0.10185E-005
    8047  0.10186E-005
    8048  0.10186E-005
    8049  0.10186E-005
    8050  0.10186E-005
    8051  0.10187E-005
    8052  0.10187E-005
    8053  0.10187E-005
    8054  0.10188E-005
    8055  0.10188E-005
    8056  0.10188E-005
    8057  0.10189E-005
    8058  0.10189E-005
    8059  0.10190E-005
    8060  0.10190E-005
    8061  0.10191E-005
    8062  0.10191E-005
    8063  0.10191E-005
    8064  0.10116E-005
    8065  0.10116E-005
    8066  0.10117E-005
    8067  0.10117E-005
    8068  0.10117E-005
    8069  0.10117E-005
    8070  0.10118E-005
    8071  0.10118E-005
    8072  0.10119E-005
    8073  0.10119E-005
    8074  0.10120E-005
    8075  0.10121E-005
    8076  0.10121E-005
    8077  0.10122E-005
    8078  0.10123E-005
    8079  0.10124E-005
    8080  0.10125E-005
    8081  0.10049E-005
    8082  0.10050E-005
    8083  0.10050E-005
    8084  0.10050E-005
    8085  0.10050E-005
    8086  0.10050E-005
    8087  0.10050E-005
    8088  0.10050E-005
    8089  0.10050E-005
    8090  0.10050E-005
    8091  0.10051E-005
    8092  0.10051E-005
    8093  0.10051E-005
    8094  0.10051E-005
    8095  0.10051E-005
    8096  0.10052E-005
    8097  0.10052E-005
    8098  0.10052E-005
    8099  0.10052E-005
    8100  0.10053E-005
    8101  0.10053E-005
    8102  0.10053E-005
    8103  0.10054E-005
    8104  0.10054E-005
    8105  0.10054E-005
    8106  0.10055E-005
    8107  0.10055E-005
    8108  0.10056E-005
    8109  0.10056E-005
    8110  0.10056E-005
    8111  0.10057E-005
    8112  0.10057E-005
    8113  0.10058E-005
    8114  0.10058E-005
    8115  0.10059E-005
    8116  0.99826E-006
    8117  0.99827E-006
    8118  0.99829E-006
    8119  0.99832E-006
    8120  0.99835E-006
    8121  0.99839E-006
    8122  0.99844E-006
    8123  0.99849E-006
    8124  0.99854E-006
    8125  0.99860E-006
    8126  0.99867E-006
    8127  0.99874E-006
    8128  0.99881E-006
    8129  0.99889E-006
    8130  0.99897E-006
    8131  0.99906E-006
    8132  0.99916E-006
    8133  0.99155E-006
    8134  0.99156E-006
    8135  0.99156E-006
    8136  0.99157E-006
    8137  0.99158E-006
    8138  0.99159E-006
    8139  0.99160E-006
    8140  0.99162E-006
    8141  0.99164E-006
    8142  0.99165E-006
    8143  0.99167E-006
    8144  0.99169E-006
    8145  0.99172E-006
    8146  0.99174E-006
    8147  0.99177E-006
    8148  0.99179E-006
    8149  0.99182E-006
    8150  0.99185E-006
    8151  0.99188E-006
    8152  0.99191E-006
    8153  0.99194E-006
    8154  0.99198E-006
    8155  0.99201E-006
    8156  0.99205E-006
    8157  0.99209E-006
    8158  0.99212E-006
    8159  0.99216E-006
    8160  0.99221E-006
    8161  0.99225E-006
    8162  0.99229E-006
    8163  0.99234E-006
    8164  0.99238E-006
    8165  0.99243E-006
    8166  0.99248E-006
    8167  0.99253E-006
    8168  0.98483E-006
    8169  0.98485E-006
    8170  0.98487E-006
    8171  0.98490E-006
    8172  0.98494E-006
    8173  0.98498E-006
    8174  0.98503E-006
    8175  0.98508E-006
    8176  0.98514E-006
    8177  0.98520E-006
    8178  0.98527E-006
    8179  0.98534E-006
    8180  0.98542E-006
    8181  0.98551E-006
    8182  0.98560E-006
    8183  0.98569E-006
    8184  0.98579E-006
    8185  0.97809E-006
    8186  0.97810E-006
    8187  0.97810E-006
    8188  0.97811E-006
    8189  0.97812E-006
    8190  0.97813E-006
    8191  0.97815E-006
    8192  0.97816E-006
    8193  0.97818E-006
    8194  0.97820E-006
    8195  0.97822E-006
    8196  0.97825E-006
    8197  0.97827E-006
    8198  0.97830E-006
    8199  0.97832E-006
    8200  0.97835E-006
    8201  0.97838E-006
    8202  0.97841E-006
    8203  0.97844E-006
    8204  0.97848E-006
    8205  0.97851E-006
    8206  0.97855E-006
    8207  0.97859E-006
    8208  0.97862E-006
    8209  0.97866E-006
    8210  0.97871E-006
    8211  0.97875E-006
    8212  0.97879E-006
    8213  0.97884E-006
    8214  0.97888E-006
    8215  0.97893E-006
    8216  0.97898E-006
    8217  0.97903E-006
    8218  0.97908E-006
    8219  0.97913E-006
    8220  0.97134E-006
    8221  0.97135E-006
    8222  0.97138E-006
    8223  0.97141E-006
    8224  0.97145E-006
    8225  0.97150E-006
    8226  0.97155E-006
    8227  0.97160E-006
    8228  0.97167E-006
    8229  0.97173E-006
    8230  0.97181E-006
    8231  0.97189E-006
    8232  0.97197E-006
    8233  0.97206E-006
    8234  0.97215E-006
    8235  0.97225E-006
    8236  0.97236E-006
    8237  0.96456E-006
    8238  0.96456E-006
    8239  0.96457E-006
    8240  0.96458E-006
    8241  0.96459E-006
    8242  0.96460E-006
    8243  0.96462E-006
    8244  0.96464E-006
    8245  0.96466E-006
    8246  0.96468E-006
    8247  0.96470E-006
    8248  0.96473E-006
    8249  0.96475E-006
    8250  0.96478E-006
    8251  0.96481E-006
    8252  0.96484E-006
    8253  0.96487E-006
    8254  0.96490E-006
    8255  0.96494E-006
    8256  0.96497E-006
    8257  0.96501E-006
    8258  0.96505E-006
    8259  0.96509E-006
    8260  0.96513E-006
    8261  0.96517E-006
    8262  0.96522E-006
    8263  0.96526E-006
    8264  0.96531E-006
    8265  0.96536E-006
    8266  0.96540E-006
    8267  0.96545E-006
    8268  0.96551E-006
    8269  0.96556E-006
    8270  0.96561E-006
    8271  0.96567E-006
    8272  0.95777E-006
    8273  0.95778E-006
    8274  0.95781E-006
    8275  0.95785E-006
    8276  0.95789E-006
    8277  0.95794E-006
    8278  0.95799E-006
    8279  0.95806E-006
    8280  0.95812E-006
    8281  0.95820E-006
    8282  0.95827E-006
    8283  0.95836E-006
    8284  0.95845E-006
    8285  0.95854E-006
    8286  0.95864E-006
    8287  0.95874E-006
    8288  0.95885E-006
    8289  0.95095E-006
    8290  0.95095E-006
    8291  0.95096E-006
    8292  0.95097E-006
    8293  0.95098E-006
    8294  0.95100E-006
    8295  0.95101E-006
    8296  0.95103E-006
    8297  0.95106E-006
    8298  0.95108E-006
    8299  0.95110E-006
    8300  0.95113E-006
    8301  0.95116E-006
    8302  0.95119E-006
    8303  0.95122E-006
    8304  0.95125E-006
    8305  0.95129E-006
    8306  0.95132E-006
    8307  0.95136E-006
    8308  0.95140E-006
    8309  0.95144E-006
    8310  0.95148E-006
    8311  0.95152E-006
    8312  0.95156E-006
    8313  0.95161E-006
    8314  0.95165E-006
    8315  0.95170E-006
    8316  0.95175E-006
    8317  0.95180E-006
    8318  0.95185E-006
    8319  0.95191E-006
    8320  0.95196E-006
    8321  0.95202E-006
    8322  0.95207E-006
    8323  0.95213E-006
    8324  0.94411E-006
    8325  0.94413E-006
    8326  0.94416E-006
    8327  0.94420E-006
    8328  0.94425E-006
    8329  0.94430E-006
    8330  0.94436E-006
    8331  0.94443E-006
    8332  0.94450E-006
    8333  0.94458E-006
    8334  0.94466E-006
    8335  0.94475E-006
    8336  0.94484E-006
    8337  0.94494E-006
    8338  0.94505E-006
    8339  0.94516E-006
    8340  0.94528E-006
    8341  0.93725E-006
    8342  0.93725E-006
    8343  0.93726E-006
    8344  0.93727E-006
    8345  0.93729E-006
    8346  0.93731E-006
    8347  0.93732E-006
    8348  0.93735E-006
    8349  0.93737E-006
    8350  0.93740E-006
    8351  0.93742E-006
    8352  0.93745E-006
    8353  0.93748E-006
    8354  0.93751E-006
    8355  0.93755E-006
    8356  0.93758E-006
    8357  0.93762E-006
    8358  0.93766E-006
    8359  0.93770E-006
    8360  0.93774E-006
    8361  0.93778E-006
    8362  0.93782E-006
    8363  0.93787E-006
    8364  0.93792E-006
    8365  0.93796E-006
    8366  0.93801E-006
    8367  0.93806E-006
    8368  0.93812E-006
    8369  0.93817E-006
    8370  0.93823E-006
    8371  0.93828E-006
    8372  0.93834E-006
    8373  0.93840E-006
    8374  0.93846E-006
    8375  0.93852E-006
    8376  0.93037E-006
    8377  0.93039E-006
    8378  0.93043E-006
    8379  0.93047E-006
    8380  0.93052E-006
    8381  0.93058E-006
    8382  0.93065E-006
    8383  0.93072E-006
    8384  0.93079E-006
    8385  0.93088E-006
    8386  0.93097E-006
    8387  0.93106E-006
    8388  0.93116E-006
    8389  0.93127E-006
    8390  0.93138E-006
    8391  0.93150E-006
    8392  0.93162E-006
    8393  0.92346E-006
    8394  0.92347E-006
    8395  0.92348E-006
    8396  0.92349E-006
    8397  0.92351E-006
    8398  0.92352E-006
    8399  0.92355E-006
    8400  0.92357E-006
    8401  0.92360E-006
    8402  0.92362E-006
    8403  0.92365E-006
    8404  0.92369E-006
    8405  0.92372E-006
    8406  0.92375E-006
    8407  0.92379E-006
    8408  0.92383E-006
    8409  0.92387E-006
    8410  0.92391E-006
    8411  0.92395E-006
    8412  0.92400E-006
    8413  0.92404E-006
    8414  0.92409E-006
    8415  0.92414E-006
    8416  0.92419E-006
    8417  0.92424E-006
    8418  0.92429E-006
    8419  0.92434E-006
    8420  0.92440E-006
    8421  0.92446E-006
    8422  0.92452E-006
    8423  0.92458E-006
    8424  0.92464E-006
    8425  0.92470E-006
    8426  0.92476E-006
    8427  0.92483E-006
    8428  0.91654E-006
    8429  0.91656E-006
    8430  0.91660E-006
    8431  0.91665E-006
    8432  0.91670E-006
    8433  0.91677E-006
    8434  0.91684E-006
    8435  0.91692E-006
    8436  0.91700E-006
    8437  0.91709E-006
    8438  0.91719E-006
    8439  0.91729E-006
    8440  0.91740E-006
    8441  0.91751E-006
    8442  0.91763E-006
    8443  0.91775E-006
    8444  0.91788E-006
    8445  0.90958E-006
    8446  0.90959E-006
    8447  0.90960E-006
    8448  0.90961E-006
    8449  0.90963E-006
    8450  0.90965E-006
    8451  0.90967E-006
    8452  0.90970E-006
    8453  0.90973E-006
    8454  0.90976E-006
    8455  0.90979E-006
    8456  0.90983E-006
    8457  0.90986E-006
    8458  0.90990E-006
    8459  0.90994E-006
    8460  0.90998E-006
    8461  0.91002E-006
    8462  0.91007E-006
    8463  0.91011E-006
    8464  0.91016E-006
    8465  0.91021E-006
    8466  0.91026E-006
    8467  0.91031E-006
    8468  0.91037E-006
    8469  0.91042E-006
    8470  0.91048E-006
    8471  0.91054E-006
    8472  0.91060E-006
    8473  0.91066E-006
    8474  0.91072E-006
    8475  0.91078E-006
    8476  0.91085E-006
    8477  0.91092E-006
    8478  0.91098E-006
    8479  0.91105E-006
    8480  0.90261E-006
    8481  0.90263E-006
    8482  0.90267E-006
    8483  0.90273E-006
    8484  0.90279E-006
    8485  0.90286E-006
    8486  0.90294E-006
    8487  0.90302E-006
    8488  0.90311E-006
    8489  0.90321E-006
    8490  0.90331E-006
    8491  0.90342E-006
    8492  0.90354E-006
    8493  0.90366E-006
    8494  0.90379E-006
    8495  0.90392E-006
    8496  0.90406E-006
    8497  0.89560E-006
    8498  0.89560E-006
    8499  0.89562E-006
    8500  0.89563E-006
    8501  0.89565E-006
    8502  0.89567E-006
    8503  0.89570E-006
    8504  0.89573E-006
    8505  0.89576E-006
    8506  0.89579E-006
    8507  0.89583E-006
    8508  0.89587E-006
    8509  0.89591E-006
    8510  0.89595E-006
    8511  0.89599E-006
    8512  0.89604E-006
    8513  0.89608E-006
    8514  0.89613E-006
    8515  0.89618E-006
    8516  0.89623E-006
    8517  0.89629E-006
    8518  0.89634E-006
    8519  0.89640E-006
    8520  0.89645E-006
    8521  0.89651E-006
    8522  0.89657E-006
    8523  0.89664E-006
    8524  0.89670E-006
    8525  0.89676E-006
    8526  0.89683E-006
    8527  0.89690E-006
    8528  0.89697E-006
    8529  0.89704E-006
    8530  0.89711E-006
    8531  0.89719E-006
    8532  0.88857E-006
    8533  0.88860E-006
    8534  0.88865E-006
    8535  0.88870E-006
    8536  0.88877E-006
    8537  0.88885E-006
    8538  0.88894E-006
    8539  0.88903E-006
    8540  0.88913E-006
    8541  0.88923E-006
    8542  0.88934E-006
    8543  0.88946E-006
    8544  0.88958E-006
    8545  0.88972E-006
    8546  0.88985E-006
    8547  0.88999E-006
    8548  0.89014E-006
    8549  0.88151E-006
    8550  0.88151E-006
    8551  0.88153E-006
    8552  0.88154E-006
    8553  0.88157E-006
    8554  0.88159E-006
    8555  0.88162E-006
    8556  0.88165E-006
    8557  0.88169E-006
    8558  0.88173E-006
    8559  0.88177E-006
    8560  0.88181E-006
    8561  0.88185E-006
    8562  0.88190E-006
    8563  0.88194E-006
    8564  0.88199E-006
    8565  0.88204E-006
    8566  0.88209E-006
    8567  0.88215E-006
    8568  0.88220E-006
    8569  0.88226E-006
    8570  0.88232E-006
    8571  0.88238E-006
    8572  0.88244E-006
    8573  0.88251E-006
    8574  0.88257E-006
    8575  0.88264E-006
    8576  0.88271E-006
    8577  0.88278E-006
    8578  0.88285E-006
    8579  0.88292E-006
    8580  0.88300E-006
    8581  0.88307E-006
    8582  0.88315E-006
    8583  0.88323E-006
    8584  0.87443E-006
    8585  0.87446E-006
    8586  0.87451E-006
    8587  0.87457E-006
    8588  0.87465E-006
    8589  0.87474E-006
    8590  0.87483E-006
    8591  0.87493E-006
    8592  0.87504E-006
    8593  0.87515E-006
    8594  0.87527E-006
    8595  0.87540E-006
    8596  0.87553E-006
    8597  0.87567E-006
    8598  0.87582E-006
    8599  0.87597E-006
    8600  0.87613E-006
    8601  0.86730E-006
    8602  0.86731E-006
    8603  0.86733E-006
    8604  0.86735E-006
    8605  0.86737E-006
    8606  0.86740E-006
    8607  0.86743E-006
    8608  0.86747E-006
    8609  0.86751E-006
    8610  0.86755E-006
    8611  0.86759E-006
    8612  0.86764E-006
    8613  0.86768E-006
    8614  0.86773E-006
    8615  0.86779E-006
    8616  0.86784E-006
    8617  0.86789E-006
    8618  0.86795E-006
    8619  0.86801E-006
    8620  0.86807E-006
    8621  0.86813E-006
    8622  0.86820E-006
    8623  0.86826E-006
    8624  0.86833E-006
    8625  0.86840E-006
    8626  0.86847E-006
    8627  0.86854E-006
    8628  0.86861E-006
    8629  0.86869E-006
    8630  0.86876E-006
    8631  0.86884E-006
    8632  0.86892E-006
    8633  0.86900E-006
    8634  0.86909E-006
    8635  0.86917E-006
    8636  0.86017E-006
    8637  0.86020E-006
    8638  0.86026E-006
    8639  0.86033E-006
    8640  0.86042E-006
    8641  0.86051E-006
    8642  0.86061E-006
    8643  0.86072E-006
    8644  0.86084E-006
    8645  0.86096E-006
    8646  0.86109E-006
    8647  0.86123E-006
    8648  0.86138E-006
    8649  0.86153E-006
    8650  0.86168E-006
    8651  0.86185E-006
    8652  0.86202E-006
    8653  0.85298E-006
    8654  0.85299E-006
    8655  0.85301E-006
    8656  0.85303E-006
    8657  0.85306E-006
    8658  0.85309E-006
    8659  0.85313E-006
    8660  0.85317E-006
    8661  0.85321E-006
    8662  0.85325E-006
    8663  0.85330E-006
    8664  0.85335E-006
    8665  0.85341E-006
    8666  0.85346E-006
    8667  0.85352E-006
    8668  0.85358E-006
    8669  0.85364E-006
    8670  0.85370E-006
    8671  0.85376E-006
    8672  0.85383E-006
    8673  0.85389E-006
    8674  0.85396E-006
    8675  0.85403E-006
    8676  0.85411E-006
    8677  0.85418E-006
    8678  0.85426E-006
    8679  0.85433E-006
    8680  0.85441E-006
    8681  0.85449E-006
    8682  0.85458E-006
    8683  0.85466E-006
    8684  0.85475E-006
    8685  0.85483E-006
    8686  0.85492E-006
    8687  0.85501E-006
    8688  0.84579E-006
    8689  0.84583E-006
    8690  0.84589E-006
    8691  0.84597E-006
    8692  0.84606E-006
    8693  0.84617E-006
    8694  0.84628E-006
    8695  0.84640E-006
    8696  0.84653E-006
    8697  0.84666E-006
    8698  0.84681E-006
    8699  0.84695E-006
    8700  0.84711E-006
    8701  0.84727E-006
    8702  0.84744E-006
    8703  0.84762E-006
    8704  0.84780E-006
    8705  0.83854E-006
    8706  0.83855E-006
    8707  0.83857E-006
    8708  0.83859E-006
    8709  0.83862E-006
    8710  0.83866E-006
    8711  0.83870E-006
    8712  0.83874E-006
    8713  0.83879E-006
    8714  0.83884E-006
    8715  0.83890E-006
    8716  0.83895E-006
    8717  0.83901E-006
    8718  0.83907E-006
    8719  0.83913E-006
    8720  0.83920E-006
    8721  0.83926E-006
    8722  0.83933E-006
    8723  0.83940E-006
    8724  0.83947E-006
    8725  0.83954E-006
    8726  0.83962E-006
    8727  0.83970E-006
    8728  0.83977E-006
    8729  0.83985E-006
    8730  0.83994E-006
    8731  0.84002E-006
    8732  0.84011E-006
    8733  0.84019E-006
    8734  0.84028E-006
    8735  0.84037E-006
    8736  0.84046E-006
    8737  0.84056E-006
    8738  0.84065E-006
    8739  0.84075E-006
    8740  0.83128E-006
    8741  0.83133E-006
    8742  0.83140E-006
    8743  0.83149E-006
    8744  0.83159E-006
    8745  0.83171E-006
    8746  0.83183E-006
    8747  0.83196E-006
    8748  0.83210E-006
    8749  0.83225E-006
    8750  0.83240E-006
    8751  0.83256E-006
    8752  0.83273E-006
    8753  0.83291E-006
    8754  0.83309E-006
    8755  0.83328E-006
    8756  0.83348E-006
    8757  0.82397E-006
    8758  0.82398E-006
    8759  0.82400E-006
    8760  0.82403E-006
    8761  0.82406E-006
    8762  0.82410E-006
    8763  0.82415E-006
    8764  0.82420E-006
    8765  0.82425E-006
    8766  0.82431E-006
    8767  0.82437E-006
    8768  0.82443E-006
    8769  0.82449E-006
    8770  0.82456E-006
    8771  0.82463E-006
    8772  0.82470E-006
    8773  0.82477E-006
    8774  0.82484E-006
    8775  0.82492E-006
    8776  0.82500E-006
    8777  0.82508E-006
    8778  0.82516E-006
    8779  0.82524E-006
    8780  0.82533E-006
    8781  0.82541E-006
    8782  0.82550E-006
    8783  0.82559E-006
    8784  0.82568E-006
    8785  0.82578E-006
    8786  0.82587E-006
    8787  0.82597E-006
    8788  0.82607E-006
    8789  0.82617E-006
    8790  0.82627E-006
    8791  0.82638E-006
    8792  0.81665E-006
    8793  0.81670E-006
    8794  0.81678E-006
    8795  0.81687E-006
    8796  0.81699E-006
    8797  0.81712E-006
    8798  0.81725E-006
    8799  0.81740E-006
    8800  0.81755E-006
    8801  0.81771E-006
    8802  0.81788E-006
    8803  0.81806E-006
    8804  0.81824E-006
    8805  0.81843E-006
    8806  0.81863E-006
    8807  0.81883E-006
    8808  0.81904E-006
    8809  0.80927E-006
    8810  0.80928E-006
    8811  0.80930E-006
    8812  0.80933E-006
    8813  0.80937E-006
    8814  0.80941E-006
    8815  0.80946E-006
    8816  0.80952E-006
    8817  0.80958E-006
    8818  0.80964E-006
    8819  0.80971E-006
    8820  0.80977E-006
    8821  0.80985E-006
    8822  0.80992E-006
    8823  0.80999E-006
    8824  0.81007E-006
    8825  0.81015E-006
    8826  0.81023E-006
    8827  0.81031E-006
    8828  0.81040E-006
    8829  0.81049E-006
    8830  0.81057E-006
    8831  0.81067E-006
    8832  0.81076E-006
    8833  0.81085E-006
    8834  0.81095E-006
    8835  0.81105E-006
    8836  0.81115E-006
    8837  0.81125E-006
    8838  0.81135E-006
    8839  0.81146E-006
    8840  0.81156E-006
    8841  0.81167E-006
    8842  0.81178E-006
    8843  0.81190E-006
    8844  0.80188E-006
    8845  0.80193E-006
    8846  0.80202E-006
    8847  0.80213E-006
    8848  0.80226E-006
    8849  0.80240E-006
    8850  0.80255E-006
    8851  0.80271E-006
    8852  0.80288E-006
    8853  0.80305E-006
    8854  0.80324E-006
    8855  0.80343E-006
    8856  0.80363E-006
    8857  0.80383E-006
    8858  0.80405E-006
    8859  0.80427E-006
    8860  0.80449E-006
    8861  0.79442E-006
    8862  0.79444E-006
    8863  0.79446E-006
    8864  0.79450E-006
    8865  0.79454E-006
    8866  0.79459E-006
    8867  0.79464E-006
    8868  0.79471E-006
    8869  0.79477E-006
    8870  0.79484E-006
    8871  0.79491E-006
    8872  0.79499E-006
    8873  0.79507E-006
    8874  0.79515E-006
    8875  0.79523E-006
    8876  0.79532E-006
    8877  0.79540E-006
    8878  0.79549E-006
    8879  0.79558E-006
    8880  0.79568E-006
    8881  0.79577E-006
    8882  0.79587E-006
    8883  0.79597E-006
    8884  0.79607E-006
    8885  0.79617E-006
    8886  0.79627E-006
    8887  0.79638E-006
    8888  0.79649E-006
    8889  0.79660E-006
    8890  0.79671E-006
    8891  0.79682E-006
    8892  0.79694E-006
    8893  0.79706E-006
    8894  0.79718E-006
    8895  0.79730E-006
    8896  0.78696E-006
    8897  0.78703E-006
    8898  0.78712E-006
    8899  0.78725E-006
    8900  0.78739E-006
    8901  0.78755E-006
    8902  0.78771E-006
    8903  0.78789E-006
    8904  0.78807E-006
    8905  0.78827E-006
    8906  0.78847E-006
    8907  0.78867E-006
    8908  0.78889E-006
    8909  0.78911E-006
    8910  0.78935E-006
    8911  0.78958E-006
    8912  0.78983E-006
    8913  0.77944E-006
    8914  0.77945E-006
    8915  0.77948E-006
    8916  0.77952E-006
    8917  0.77957E-006
    8918  0.77962E-006
    8919  0.77969E-006
    8920  0.77975E-006
    8921  0.77983E-006
    8922  0.77990E-006
    8923  0.77998E-006
    8924  0.78007E-006
    8925  0.78015E-006
    8926  0.78024E-006
    8927  0.78033E-006
    8928  0.78043E-006
    8929  0.78052E-006
    8930  0.78062E-006
    8931  0.78072E-006
    8932  0.78082E-006
    8933  0.78093E-006
    8934  0.78103E-006
    8935  0.78114E-006
    8936  0.78125E-006
    8937  0.78136E-006
    8938  0.78148E-006
    8939  0.78159E-006
    8940  0.78171E-006
    8941  0.78183E-006
    8942  0.78195E-006
    8943  0.78207E-006
    8944  0.78220E-006
    8945  0.78232E-006
    8946  0.78245E-006
    8947  0.78258E-006
    8948  0.77191E-006
    8949  0.77198E-006
    8950  0.77209E-006
    8951  0.77222E-006
    8952  0.77238E-006
    8953  0.77255E-006
    8954  0.77274E-006
    8955  0.77293E-006
    8956  0.77314E-006
    8957  0.77335E-006
    8958  0.77357E-006
    8959  0.77379E-006
    8960  0.77403E-006
    8961  0.77427E-006
    8962  0.77452E-006
    8963  0.77478E-006
    8964  0.77505E-006
    8965  0.76430E-006
    8966  0.76432E-006
    8967  0.76435E-006
    8968  0.76440E-006
    8969  0.76445E-006
    8970  0.76451E-006
    8971  0.76458E-006
    8972  0.76466E-006
    8973  0.76474E-006
    8974  0.76482E-006
    8975  0.76491E-006
    8976  0.76501E-006
    8977  0.76510E-006
    8978  0.76520E-006
    8979  0.76530E-006
    8980  0.76540E-006
    8981  0.76551E-006
    8982  0.76562E-006
    8983  0.76573E-006
    8984  0.76584E-006
    8985  0.76595E-006
    8986  0.76607E-006
    8987  0.76618E-006
    8988  0.76630E-006
    8989  0.76642E-006
    8990  0.76655E-006
    8991  0.76667E-006
    8992  0.76680E-006
    8993  0.76693E-006
    8994  0.76706E-006
    8995  0.76720E-006
    8996  0.76733E-006
    8997  0.76747E-006
    8998  0.76761E-006
    8999  0.76775E-006
    9000  0.75670E-006
    9001  0.75678E-006
    9002  0.75690E-006
    9003  0.75705E-006
    9004  0.75723E-006
    9005  0.75742E-006
    9006  0.75763E-006
    9007  0.75784E-006
    9008  0.75806E-006
    9009  0.75829E-006
    9010  0.75853E-006
    9011  0.75878E-006
    9012  0.75904E-006
    9013  0.75930E-006
    9014  0.75957E-006
    9015  0.75985E-006
    9016  0.76014E-006
    9017  0.74902E-006
    9018  0.74904E-006
    9019  0.74908E-006
    9020  0.74912E-006
    9021  0.74918E-006
    9022  0.74925E-006
    9023  0.74933E-006
    9024  0.74941E-006
    9025  0.74950E-006
    9026  0.74960E-006
    9027  0.74970E-006
    9028  0.74980E-006
    9029  0.74991E-006
    9030  0.75001E-006
    9031  0.75013E-006
    9032  0.75024E-006
    9033  0.75035E-006
    9034  0.75047E-006
    9035  0.75059E-006
    9036  0.75071E-006
    9037  0.75084E-006
    9038  0.75097E-006
    9039  0.75109E-006
    9040  0.75122E-006
    9041  0.75136E-006
    9042  0.75149E-006
    9043  0.75163E-006
    9044  0.75177E-006
    9045  0.75191E-006
    9046  0.75205E-006
    9047  0.75219E-006
    9048  0.75234E-006
    9049  0.75249E-006
    9050  0.75264E-006
    9051  0.75279E-006
    9052  0.74134E-006
    9053  0.74143E-006
    9054  0.74156E-006
    9055  0.74173E-006
    9056  0.74193E-006
    9057  0.74214E-006
    9058  0.74237E-006
    9059  0.74260E-006
    9060  0.74285E-006
    9061  0.74310E-006
    9062  0.74336E-006
    9063  0.74363E-006
    9064  0.74391E-006
    9065  0.74420E-006
    9066  0.74450E-006
    9067  0.74480E-006
    9068  0.74511E-006
    9069  0.73358E-006
    9070  0.73360E-006
    9071  0.73364E-006
    9072  0.73369E-006
    9073  0.73376E-006
    9074  0.73384E-006
    9075  0.73392E-006
    9076  0.73402E-006
    9077  0.73412E-006
    9078  0.73422E-006
    9079  0.73433E-006
    9080  0.73445E-006
    9081  0.73456E-006
    9082  0.73468E-006
    9083  0.73481E-006
    9084  0.73493E-006
    9085  0.73506E-006
    9086  0.73519E-006
    9087  0.73532E-006
    9088  0.73545E-006
    9089  0.73559E-006
    9090  0.73573E-006
    9091  0.73587E-006
    9092  0.73601E-006
    9093  0.73615E-006
    9094  0.73630E-006
    9095  0.73645E-006
    9096  0.73660E-006
    9097  0.73675E-006
    9098  0.73691E-006
    9099  0.73706E-006
    9100  0.73722E-006
    9101  0.73738E-006
    9102  0.73755E-006
    9103  0.73771E-006
    9104  0.72582E-006
    9105  0.72592E-006
    9106  0.72607E-006
    9107  0.72626E-006
    9108  0.72648E-006
    9109  0.72671E-006
    9110  0.72696E-006
    9111  0.72722E-006
    9112  0.72749E-006
    9113  0.72777E-006
    9114  0.72806E-006
    9115  0.72835E-006
    9116  0.72866E-006
    9117  0.72897E-006
    9118  0.72929E-006
    9119  0.72962E-006
    9120  0.72995E-006
    9121  0.71798E-006
    9122  0.71801E-006
    9123  0.71805E-006
    9124  0.71811E-006
    9125  0.71818E-006
    9126  0.71827E-006
    9127  0.71836E-006
    9128  0.71847E-006
    9129  0.71858E-006
    9130  0.71870E-006
    9131  0.71882E-006
    9132  0.71894E-006
    9133  0.71907E-006
    9134  0.71921E-006
    9135  0.71934E-006
    9136  0.71948E-006
    9137  0.71962E-006
    9138  0.71976E-006
    9139  0.71990E-006
    9140  0.72005E-006
    9141  0.72020E-006
    9142  0.72035E-006
    9143  0.72050E-006
    9144  0.72066E-006
    9145  0.72082E-006
    9146  0.72098E-006
    9147  0.72114E-006
    9148  0.72130E-006
    9149  0.72147E-006
    9150  0.72164E-006
    9151  0.72181E-006
    9152  0.72198E-006
    9153  0.72215E-006
    9154  0.72233E-006
    9155  0.72251E-006
    9156  0.71015E-006
    9157  0.71025E-006
    9158  0.71042E-006
    9159  0.71063E-006
    9160  0.71087E-006
    9161  0.71113E-006
    9162  0.71141E-006
    9163  0.71170E-006
    9164  0.71199E-006
    9165  0.71230E-006
    9166  0.71261E-006
    9167  0.71293E-006
    9168  0.71326E-006
    9169  0.71360E-006
    9170  0.71395E-006
    9171  0.71431E-006
    9172  0.71467E-006
    9173  0.70222E-006
    9174  0.70225E-006
    9175  0.70229E-006
    9176  0.70236E-006
    9177  0.70244E-006
    9178  0.70254E-006
    9179  0.70264E-006
    9180  0.70276E-006
    9181  0.70288E-006
    9182  0.70301E-006
    9183  0.70315E-006
    9184  0.70329E-006
    9185  0.70343E-006
    9186  0.70358E-006
    9187  0.70372E-006
    9188  0.70388E-006
    9189  0.70403E-006
    9190  0.70419E-006
    9191  0.70434E-006
    9192  0.70450E-006
    9193  0.70467E-006
    9194  0.70483E-006
    9195  0.70500E-006
    9196  0.70517E-006
    9197  0.70534E-006
    9198  0.70552E-006
    9199  0.70569E-006
    9200  0.70587E-006
    9201  0.70605E-006
    9202  0.70623E-006
    9203  0.70642E-006
    9204  0.70660E-006
    9205  0.70679E-006
    9206  0.70698E-006
    9207  0.70717E-006
    9208  0.69430E-006
    9209  0.69443E-006
    9210  0.69461E-006
    9211  0.69485E-006
    9212  0.69511E-006
    9213  0.69540E-006
    9214  0.69570E-006
    9215  0.69602E-006
    9216  0.69634E-006
    9217  0.69668E-006
    9218  0.69702E-006
    9219  0.69737E-006
    9220  0.69773E-006
    9221  0.69810E-006
    9222  0.69848E-006
    9223  0.69887E-006
    9224  0.69926E-006
    9225  0.68629E-006
    9226  0.68632E-006
    9227  0.68638E-006
    9228  0.68645E-006
    9229  0.68654E-006
    9230  0.68665E-006
    9231  0.68676E-006
    9232  0.68689E-006
    9233  0.68703E-006
    9234  0.68717E-006
    9235  0.68732E-006
    9236  0.68748E-006
    9237  0.68763E-006
    9238  0.68779E-006
    9239  0.68796E-006
    9240  0.68812E-006
    9241  0.68829E-006
    9242  0.68847E-006
    9243  0.68864E-006
    9244  0.68881E-006
    9245  0.68899E-006
    9246  0.68917E-006
    9247  0.68936E-006
    9248  0.68954E-006
    9249  0.68973E-006
    9250  0.68992E-006
    9251  0.69011E-006
    9252  0.69030E-006
    9253  0.69050E-006
    9254  0.69070E-006
    9255  0.69090E-006
    9256  0.69110E-006
    9257  0.69130E-006
    9258  0.69151E-006
    9259  0.69172E-006
    9260  0.67830E-006
    9261  0.67843E-006
    9262  0.67864E-006
    9263  0.67890E-006
    9264  0.67919E-006
    9265  0.67951E-006
    9266  0.67985E-006
    9267  0.68019E-006
    9268  0.68055E-006
    9269  0.68092E-006
    9270  0.68129E-006
    9271  0.68167E-006
    9272  0.68207E-006
    9273  0.68247E-006
    9274  0.68288E-006
    9275  0.68330E-006
    9276  0.68372E-006
    9277  0.67019E-006
    9278  0.67023E-006
    9279  0.67029E-006
    9280  0.67037E-006
    9281  0.67047E-006
    9282  0.67059E-006
    9283  0.67072E-006
    9284  0.67086E-006
    9285  0.67102E-006
    9286  0.67117E-006
    9287  0.67134E-006
    9288  0.67151E-006
    9289  0.67168E-006
    9290  0.67186E-006
    9291  0.67204E-006
    9292  0.67222E-006
    9293  0.67241E-006
    9294  0.67260E-006
    9295  0.67279E-006
    9296  0.67298E-006
    9297  0.67317E-006
    9298  0.67337E-006
    9299  0.67357E-006
    9300  0.67377E-006
    9301  0.67398E-006
    9302  0.67418E-006
    9303  0.67439E-006
    9304  0.67460E-006
    9305  0.67481E-006
    9306  0.67503E-006
    9307  0.67525E-006
    9308  0.67546E-006
    9309  0.67569E-006
    9310  0.67591E-006
    9311  0.67613E-006
    9312  0.66212E-006
    9313  0.66227E-006
    9314  0.66250E-006
    9315  0.66279E-006
    9316  0.66312E-006
    9317  0.66347E-006
    9318  0.66384E-006
    9319  0.66422E-006
    9320  0.66461E-006
    9321  0.66501E-006
    9322  0.66542E-006
    9323  0.66584E-006
    9324  0.66626E-006
    9325  0.66670E-006
    9326  0.66715E-006
    9327  0.66760E-006
    9328  0.66806E-006
    9329  0.65393E-006
    9330  0.65397E-006
    9331  0.65404E-006
    9332  0.65413E-006
    9333  0.65424E-006
    9334  0.65437E-006
    9335  0.65452E-006
    9336  0.65467E-006
    9337  0.65484E-006
    9338  0.65502E-006
    9339  0.65520E-006
    9340  0.65539E-006
    9341  0.65558E-006
    9342  0.65577E-006
    9343  0.65597E-006
    9344  0.65617E-006
    9345  0.65638E-006
    9346  0.65658E-006
    9347  0.65679E-006
    9348  0.65700E-006
    9349  0.65721E-006
    9350  0.65743E-006
    9351  0.65765E-006
    9352  0.65787E-006
    9353  0.65809E-006
    9354  0.65831E-006
    9355  0.65854E-006
    9356  0.65877E-006
    9357  0.65900E-006
    9358  0.65923E-006
    9359  0.65947E-006
    9360  0.65970E-006
    9361  0.65994E-006
    9362  0.66018E-006
    9363  0.66043E-006
    9364  0.64578E-006
    9365  0.64595E-006
    9366  0.64620E-006
    9367  0.64652E-006
    9368  0.64688E-006
    9369  0.64727E-006
    9370  0.64767E-006
    9371  0.64809E-006
    9372  0.64852E-006
    9373  0.64896E-006
    9374  0.64940E-006
    9375  0.64986E-006
    9376  0.65033E-006
    9377  0.65080E-006
    9378  0.65128E-006
    9379  0.65178E-006
    9380  0.65228E-006
    9381  0.63750E-006
    9382  0.63755E-006
    9383  0.63762E-006
    9384  0.63772E-006
    9385  0.63784E-006
    9386  0.63799E-006
    9387  0.63815E-006
    9388  0.63832E-006
    9389  0.63851E-006
    9390  0.63870E-006
    9391  0.63890E-006
    9392  0.63911E-006
    9393  0.63932E-006
    9394  0.63953E-006
    9395  0.63975E-006
    9396  0.63997E-006
    9397  0.64019E-006
    9398  0.64042E-006
    9399  0.64065E-006
    9400  0.64088E-006
    9401  0.64111E-006
    9402  0.64135E-006
    9403  0.64158E-006
    9404  0.64182E-006
    9405  0.64206E-006
    9406  0.64231E-006
    9407  0.64255E-006
    9408  0.64280E-006
    9409  0.64305E-006
    9410  0.64331E-006
    9411  0.64356E-006
    9412  0.64382E-006
    9413  0.64408E-006
    9414  0.64434E-006
    9415  0.64460E-006
    9416  0.62927E-006
    9417  0.62945E-006
    9418  0.62973E-006
    9419  0.63009E-006
    9420  0.63048E-006
    9421  0.63091E-006
    9422  0.63136E-006
    9423  0.63182E-006
    9424  0.63228E-006
    9425  0.63276E-006
    9426  0.63325E-006
    9427  0.63375E-006
    9428  0.63426E-006
    9429  0.63477E-006
    9430  0.63530E-006
    9431  0.63583E-006
    9432  0.63637E-006
    9433  0.62090E-006
    9434  0.62095E-006
    9435  0.62103E-006
    9436  0.62114E-006
    9437  0.62128E-006
    9438  0.62144E-006
    9439  0.62162E-006
    9440  0.62181E-006
    9441  0.62201E-006
    9442  0.62223E-006
    9443  0.62245E-006
    9444  0.62268E-006
    9445  0.62291E-006
    9446  0.62314E-006
    9447  0.62338E-006
    9448  0.62362E-006
    9449  0.62387E-006
    9450  0.62411E-006
    9451  0.62436E-006
    9452  0.62461E-006
    9453  0.62487E-006
    9454  0.62513E-006
    9455  0.62538E-006
    9456  0.62564E-006
    9457  0.62591E-006
    9458  0.62617E-006
    9459  0.62644E-006
    9460  0.62671E-006
    9461  0.62698E-006
    9462  0.62726E-006
    9463  0.62753E-006
    9464  0.62781E-006
    9465  0.62809E-006
    9466  0.62837E-006
    9467  0.62866E-006
    9468  0.61259E-006
    9469  0.61280E-006
    9470  0.61311E-006
    9471  0.61349E-006
    9472  0.61393E-006
    9473  0.61440E-006
    9474  0.61489E-006
    9475  0.61539E-006
    9476  0.61591E-006
    9477  0.61643E-006
    9478  0.61696E-006
    9479  0.61751E-006
    9480  0.61806E-006
    9481  0.61862E-006
    9482  0.61919E-006
    9483  0.61976E-006
    9484  0.62035E-006
    9485  0.60414E-006
    9486  0.60419E-006
    9487  0.60428E-006
    9488  0.60440E-006
    9489  0.60456E-006
    9490  0.60473E-006
    9491  0.60493E-006
    9492  0.60514E-006
    9493  0.60536E-006
    9494  0.60560E-006
    9495  0.60584E-006
    9496  0.60609E-006
    9497  0.60634E-006
    9498  0.60660E-006
    9499  0.60686E-006
    9500  0.60713E-006
    9501  0.60740E-006
    9502  0.60767E-006
    9503  0.60794E-006
    9504  0.60821E-006
    9505  0.60849E-006
    9506  0.60877E-006
    9507  0.60905E-006
    9508  0.60933E-006
    9509  0.60962E-006
    9510  0.60991E-006
    9511  0.61020E-006
    9512  0.61049E-006
    9513  0.61079E-006
    9514  0.61108E-006
    9515  0.61138E-006
    9516  0.61168E-006
    9517  0.61199E-006
    9518  0.61229E-006
    9519  0.61260E-006
    9520  0.59575E-006
    9521  0.59597E-006
    9522  0.59632E-006
    9523  0.59674E-006
    9524  0.59723E-006
    9525  0.59774E-006
    9526  0.59828E-006
    9527  0.59883E-006
    9528  0.59939E-006
    9529  0.59996E-006
    9530  0.60054E-006
    9531  0.60113E-006
    9532  0.60173E-006
    9533  0.60234E-006
    9534  0.60295E-006
    9535  0.60358E-006
    9536  0.60421E-006
    9537  0.58721E-006
    9538  0.58727E-006
    9539  0.58737E-006
    9540  0.58750E-006
    9541  0.58767E-006
    9542  0.58786E-006
    9543  0.58808E-006
    9544  0.58831E-006
    9545  0.58856E-006
    9546  0.58882E-006
    9547  0.58908E-006
    9548  0.58936E-006
    9549  0.58963E-006
    9550  0.58992E-006
    9551  0.59020E-006
    9552  0.59049E-006
    9553  0.59078E-006
    9554  0.59108E-006
    9555  0.59138E-006
    9556  0.59168E-006
    9557  0.59198E-006
    9558  0.59228E-006
    9559  0.59259E-006
    9560  0.59290E-006
    9561  0.59321E-006
    9562  0.59352E-006
    9563  0.59383E-006
    9564  0.59415E-006
    9565  0.59447E-006
    9566  0.59479E-006
    9567  0.59512E-006
    9568  0.59544E-006
    9569  0.59577E-006
    9570  0.59610E-006
    9571  0.59643E-006
    9572  0.57875E-006
    9573  0.57899E-006
    9574  0.57937E-006
    9575  0.57984E-006
    9576  0.58037E-006
    9577  0.58093E-006
    9578  0.58152E-006
    9579  0.58212E-006
    9580  0.58274E-006
    9581  0.58336E-006
    9582  0.58399E-006
    9583  0.58463E-006
    9584  0.58528E-006
    9585  0.58594E-006
    9586  0.58660E-006
    9587  0.58728E-006
    9588  0.58796E-006
    9589  0.57012E-006
    9590  0.57018E-006
    9591  0.57029E-006
    9592  0.57044E-006
    9593  0.57063E-006
    9594  0.57084E-006
    9595  0.57107E-006
    9596  0.57133E-006
    9597  0.57160E-006
    9598  0.57188E-006
    9599  0.57218E-006
    9600  0.57248E-006
    9601  0.57278E-006
    9602  0.57309E-006
    9603  0.57340E-006
    9604  0.57372E-006
    9605  0.57404E-006
    9606  0.57436E-006
    9607  0.57468E-006
    9608  0.57501E-006
    9609  0.57534E-006
    9610  0.57567E-006
    9611  0.57600E-006
    9612  0.57633E-006
    9613  0.57667E-006
    9614  0.57701E-006
    9615  0.57735E-006
    9616  0.57770E-006
    9617  0.57804E-006
    9618  0.57839E-006
    9619  0.57874E-006
    9620  0.57909E-006
    9621  0.57945E-006
    9622  0.57980E-006
    9623  0.58016E-006
    9624  0.56158E-006
    9625  0.56185E-006
    9626  0.56227E-006
    9627  0.56278E-006
    9628  0.56336E-006
    9629  0.56398E-006
    9630  0.56463E-006
    9631  0.56528E-006
    9632  0.56595E-006
    9633  0.56663E-006
    9634  0.56731E-006
    9635  0.56801E-006
    9636  0.56871E-006
    9637  0.56943E-006
    9638  0.57015E-006
    9639  0.57088E-006
    9640  0.57161E-006
    9641  0.55287E-006
    9642  0.55295E-006
    9643  0.55307E-006
    9644  0.55323E-006
    9645  0.55343E-006
    9646  0.55366E-006
    9647  0.55392E-006
    9648  0.55420E-006
    9649  0.55450E-006
    9650  0.55481E-006
    9651  0.55513E-006
    9652  0.55546E-006
    9653  0.55579E-006
    9654  0.55613E-006
    9655  0.55647E-006
    9656  0.55681E-006
    9657  0.55716E-006
    9658  0.55751E-006
    9659  0.55786E-006
    9660  0.55821E-006
    9661  0.55857E-006
    9662  0.55893E-006
    9663  0.55929E-006
    9664  0.55965E-006
    9665  0.56002E-006
    9666  0.56039E-006
    9667  0.56076E-006
    9668  0.56113E-006
    9669  0.56150E-006
    9670  0.56188E-006
    9671  0.56226E-006
    9672  0.56264E-006
    9673  0.56302E-006
    9674  0.56340E-006
    9675  0.56379E-006
    9676  0.54427E-006
    9677  0.54457E-006
    9678  0.54502E-006
    9679  0.54558E-006
    9680  0.54622E-006
    9681  0.54690E-006
    9682  0.54760E-006
    9683  0.54831E-006
    9684  0.54904E-006
    9685  0.54977E-006
    9686  0.55052E-006
    9687  0.55127E-006
    9688  0.55204E-006
    9689  0.55281E-006
    9690  0.55359E-006
    9691  0.55437E-006
    9692  0.55517E-006
    9693  0.53548E-006
    9694  0.53556E-006
    9695  0.53569E-006
    9696  0.53587E-006
    9697  0.53609E-006
    9698  0.53634E-006
    9699  0.53662E-006
    9700  0.53693E-006
    9701  0.53726E-006
    9702  0.53760E-006
    9703  0.53795E-006
    9704  0.53830E-006
    9705  0.53867E-006
    9706  0.53903E-006
    9707  0.53941E-006
    9708  0.53978E-006
    9709  0.54016E-006
    9710  0.54054E-006
    9711  0.54092E-006
    9712  0.54131E-006
    9713  0.54169E-006
    9714  0.54208E-006
    9715  0.54247E-006
    9716  0.54287E-006
    9717  0.54326E-006
    9718  0.54366E-006
    9719  0.54406E-006
    9720  0.54446E-006
    9721  0.54486E-006
    9722  0.54527E-006
    9723  0.54568E-006
    9724  0.54609E-006
    9725  0.54650E-006
    9726  0.54691E-006
    9727  0.54733E-006
    9728  0.52681E-006
    9729  0.52713E-006
    9730  0.52763E-006
    9731  0.52825E-006
    9732  0.52894E-006
    9733  0.52968E-006
    9734  0.53044E-006
    9735  0.53122E-006
    9736  0.53201E-006
    9737  0.53281E-006
    9738  0.53362E-006
    9739  0.53443E-006
    9740  0.53526E-006
    9741  0.53609E-006
    9742  0.53693E-006
    9743  0.53778E-006
    9744  0.53864E-006
    9745  0.51794E-006
    9746  0.51803E-006
    9747  0.51817E-006
    9748  0.51837E-006
    9749  0.51861E-006
    9750  0.51889E-006
    9751  0.51919E-006
    9752  0.51953E-006
    9753  0.51988E-006
    9754  0.52026E-006
    9755  0.52064E-006
    9756  0.52103E-006
    9757  0.52142E-006
    9758  0.52182E-006
    9759  0.52223E-006
    9760  0.52263E-006
    9761  0.52304E-006
    9762  0.52346E-006
    9763  0.52387E-006
    9764  0.52429E-006
    9765  0.52471E-006
    9766  0.52513E-006
    9767  0.52555E-006
    9768  0.52598E-006
    9769  0.52640E-006
    9770  0.52683E-006
    9771  0.52727E-006
    9772  0.52770E-006
    9773  0.52813E-006
    9774  0.52857E-006
    9775  0.52901E-006
    9776  0.52945E-006
    9777  0.52990E-006
    9778  0.53034E-006
    9779  0.53079E-006
    9780  0.50921E-006
    9781  0.50957E-006
    9782  0.51011E-006
    9783  0.51078E-006
    9784  0.51154E-006
    9785  0.51234E-006
    9786  0.51317E-006
    9787  0.51402E-006
    9788  0.51488E-006
    9789  0.51574E-006
    9790  0.51662E-006
    9791  0.51750E-006
    9792  0.51839E-006
    9793  0.51929E-006
    9794  0.52019E-006
    9795  0.52111E-006
    9796  0.52203E-006
    9797  0.50027E-006
    9798  0.50037E-006
    9799  0.50052E-006
    9800  0.50074E-006
    9801  0.50100E-006
    9802  0.50130E-006
    9803  0.50164E-006
    9804  0.50201E-006
    9805  0.50239E-006
    9806  0.50280E-006
    9807  0.50321E-006
    9808  0.50363E-006
    9809  0.50406E-006
    9810  0.50450E-006
    9811  0.50494E-006
    9812  0.50538E-006
    9813  0.50582E-006
    9814  0.50627E-006
    9815  0.50672E-006
    9816  0.50717E-006
    9817  0.50763E-006
    9818  0.50808E-006
    9819  0.50854E-006
    9820  0.50900E-006
    9821  0.50946E-006
    9822  0.50992E-006
    9823  0.51039E-006
    9824  0.51086E-006
    9825  0.51132E-006
    9826  0.51180E-006
    9827  0.51227E-006
    9828  0.51274E-006
    9829  0.51322E-006
    9830  0.51370E-006
    9831  0.51418E-006
    9832  0.49149E-006
    9833  0.49188E-006
    9834  0.49247E-006
    9835  0.49320E-006
    9836  0.49402E-006
    9837  0.49490E-006
    9838  0.49580E-006
    9839  0.49672E-006
    9840  0.49764E-006
    9841  0.49858E-006
    9842  0.49953E-006
    9843  0.50048E-006
    9844  0.50144E-006
    9845  0.50241E-006
    9846  0.50338E-006
    9847  0.50436E-006
    9848  0.50536E-006
    9849  0.48248E-006
    9850  0.48259E-006
    9851  0.48276E-006
    9852  0.48299E-006
    9853  0.48327E-006
    9854  0.48360E-006
    9855  0.48397E-006
    9856  0.48437E-006
    9857  0.48479E-006
    9858  0.48523E-006
    9859  0.48568E-006
    9860  0.48614E-006
    9861  0.48660E-006
    9862  0.48708E-006
    9863  0.48755E-006
    9864  0.48803E-006
    9865  0.48851E-006
    9866  0.48900E-006
    9867  0.48948E-006
    9868  0.48997E-006
    9869  0.49046E-006
    9870  0.49095E-006
    9871  0.49144E-006
    9872  0.49194E-006
    9873  0.49244E-006
    9874  0.49294E-006
    9875  0.49344E-006
    9876  0.49394E-006
    9877  0.49445E-006
    9878  0.49495E-006
    9879  0.49546E-006
    9880  0.49597E-006
    9881  0.49648E-006
    9882  0.49700E-006
    9883  0.49751E-006
    9884  0.47365E-006
    9885  0.47407E-006
    9886  0.47472E-006
    9887  0.47551E-006
    9888  0.47641E-006
    9889  0.47736E-006
    9890  0.47833E-006
    9891  0.47932E-006
    9892  0.48033E-006
    9893  0.48134E-006
    9894  0.48236E-006
    9895  0.48339E-006
    9896  0.48442E-006
    9897  0.48546E-006
    9898  0.48651E-006
    9899  0.48757E-006
    9900  0.48863E-006
    9901  0.46458E-006
    9902  0.46470E-006
    9903  0.46488E-006
    9904  0.46514E-006
    9905  0.46545E-006
    9906  0.46580E-006
    9907  0.46620E-006
    9908  0.46663E-006
    9909  0.46709E-006
    9910  0.46757E-006
    9911  0.46805E-006
    9912  0.46855E-006
    9913  0.46906E-006
    9914  0.46957E-006
    9915  0.47008E-006
    9916  0.47060E-006
    9917  0.47112E-006
    9918  0.47164E-006
    9919  0.47217E-006
    9920  0.47269E-006
    9921  0.47322E-006
    9922  0.47375E-006
    9923  0.47428E-006
    9924  0.47482E-006
    9925  0.47535E-006
    9926  0.47589E-006
    9927  0.47643E-006
    9928  0.47697E-006
    9929  0.47751E-006
    9930  0.47806E-006
    9931  0.47860E-006
    9932  0.47915E-006
    9933  0.47970E-006
    9934  0.48025E-006
    9935  0.48080E-006
    9936  0.45572E-006
    9937  0.45617E-006
    9938  0.45687E-006
    9939  0.45773E-006
    9940  0.45870E-006
    9941  0.45973E-006
    9942  0.46079E-006
    9943  0.46186E-006
    9944  0.46294E-006
    9945  0.46403E-006
    9946  0.46513E-006
    9947  0.46624E-006
    9948  0.46735E-006
    9949  0.46847E-006
    9950  0.46959E-006
    9951  0.47072E-006
    9952  0.47186E-006
    9953  0.44659E-006
    9954  0.44672E-006
    9955  0.44692E-006
    9956  0.44719E-006
    9957  0.44753E-006
    9958  0.44792E-006
    9959  0.44835E-006
    9960  0.44882E-006
    9961  0.44931E-006
    9962  0.44982E-006
    9963  0.45035E-006
    9964  0.45089E-006
    9965  0.45144E-006
    9966  0.45199E-006
    9967  0.45254E-006
    9968  0.45310E-006
    9969  0.45366E-006
    9970  0.45423E-006
    9971  0.45479E-006
    9972  0.45536E-006
    9973  0.45593E-006
    9974  0.45650E-006
    9975  0.45707E-006
    9976  0.45764E-006
    9977  0.45822E-006
    9978  0.45880E-006
    9979  0.45938E-006
    9980  0.45996E-006
    9981  0.46054E-006
    9982  0.46112E-006
    9983  0.46170E-006
    9984  0.46229E-006
    9985  0.46288E-006
    9986  0.46347E-006
    9987  0.46406E-006
    9988  0.43770E-006
    9989  0.43819E-006
    9990  0.43895E-006
    9991  0.43988E-006
    9992  0.44093E-006
    9993  0.44204E-006
    9994  0.44318E-006
    9995  0.44434E-006
    9996  0.44550E-006
    9997  0.44668E-006
    9998  0.44786E-006
    9999  0.44905E-006
   10000  0.45024E-006
   10001  0.45144E-006
   10002  0.45264E-006
   10003  0.45385E-006
   10004  0.45507E-006
   10005  0.42853E-006
   10006  0.42866E-006
   10007  0.42888E-006
   10008  0.42917E-006
   10009  0.42954E-006
   10010  0.42996E-006
   10011  0.43043E-006
   10012  0.43093E-006
   10013  0.43146E-006
   10014  0.43202E-006
   10015  0.43259E-006
   10016  0.43317E-006
   10017  0.43376E-006
   10018  0.43436E-006
   10019  0.43496E-006
   10020  0.43556E-006
   10021  0.43616E-006
   10022  0.43677E-006
   10023  0.43738E-006
   10024  0.43799E-006
   10025  0.43860E-006
   10026  0.43921E-006
   10027  0.43982E-006
   10028  0.44044E-006
   10029  0.44106E-006
   10030  0.44168E-006
   10031  0.44230E-006
   10032  0.44292E-006
   10033  0.44354E-006
   10034  0.44416E-006
   10035  0.44479E-006
   10036  0.44542E-006
   10037  0.44604E-006
   10038  0.44667E-006
   10039  0.44731E-006
   10040  0.41961E-006
   10041  0.42014E-006
   10042  0.42096E-006
   10043  0.42197E-006
   10044  0.42310E-006
   10045  0.42430E-006
   10046  0.42553E-006
   10047  0.42677E-006
   10048  0.42803E-006
   10049  0.42929E-006
   10050  0.43056E-006
   10051  0.43183E-006
   10052  0.43311E-006
   10053  0.43439E-006
   10054  0.43568E-006
   10055  0.43698E-006
   10056  0.43828E-006
   10057  0.41040E-006
   10058  0.41055E-006
   10059  0.41078E-006
   10060  0.41110E-006
   10061  0.41149E-006
   10062  0.41195E-006
   10063  0.41245E-006
   10064  0.41300E-006
   10065  0.41357E-006
   10066  0.41417E-006
   10067  0.41479E-006
   10068  0.41541E-006
   10069  0.41605E-006
   10070  0.41669E-006
   10071  0.41733E-006
   10072  0.41798E-006
   10073  0.41863E-006
   10074  0.41928E-006
   10075  0.41993E-006
   10076  0.42059E-006
   10077  0.42124E-006
   10078  0.42190E-006
   10079  0.42256E-006
   10080  0.42322E-006
   10081  0.42388E-006
   10082  0.42454E-006
   10083  0.42521E-006
   10084  0.42587E-006
   10085  0.42654E-006
   10086  0.42720E-006
   10087  0.42787E-006
   10088  0.42854E-006
   10089  0.42921E-006
   10090  0.42989E-006
   10091  0.43056E-006
   10092  0.40148E-006
   10093  0.40205E-006
   10094  0.40293E-006
   10095  0.40402E-006
   10096  0.40524E-006
   10097  0.40653E-006
   10098  0.40785E-006
   10099  0.40919E-006
   10100  0.41053E-006
   10101  0.41189E-006
   10102  0.41325E-006
   10103  0.41461E-006
   10104  0.41598E-006
   10105  0.41735E-006
   10106  0.41873E-006
   10107  0.42011E-006
   10108  0.42150E-006
   10109  0.39224E-006
   10110  0.39240E-006
   10111  0.39265E-006
   10112  0.39300E-006
   10113  0.39342E-006
   10114  0.39391E-006
   10115  0.39445E-006
   10116  0.39504E-006
   10117  0.39566E-006
   10118  0.39630E-006
   10119  0.39696E-006
   10120  0.39764E-006
   10121  0.39832E-006
   10122  0.39901E-006
   10123  0.39970E-006
   10124  0.40039E-006
   10125  0.40109E-006
   10126  0.40179E-006
   10127  0.40249E-006
   10128  0.40319E-006
   10129  0.40389E-006
   10130  0.40459E-006
   10131  0.40530E-006
   10132  0.40600E-006
   10133  0.40671E-006
   10134  0.40742E-006
   10135  0.40813E-006
   10136  0.40884E-006
   10137  0.40955E-006
   10138  0.41026E-006
   10139  0.41097E-006
   10140  0.41169E-006
   10141  0.41240E-006
   10142  0.41312E-006
   10143  0.41384E-006
   10144  0.38332E-006
   10145  0.38394E-006
   10146  0.38488E-006
   10147  0.38606E-006
   10148  0.38736E-006
   10149  0.38875E-006
   10150  0.39017E-006
   10151  0.39160E-006
   10152  0.39304E-006
   10153  0.39449E-006
   10154  0.39595E-006
   10155  0.39740E-006
   10156  0.39887E-006
   10157  0.40033E-006
   10158  0.40180E-006
   10159  0.40327E-006
   10160  0.40475E-006
   10161  0.37407E-006
   10162  0.37424E-006
   10163  0.37451E-006
   10164  0.37488E-006
   10165  0.37533E-006
   10166  0.37586E-006
   10167  0.37644E-006
   10168  0.37707E-006
   10169  0.37774E-006
   10170  0.37843E-006
   10171  0.37914E-006
   10172  0.37986E-006
   10173  0.38059E-006
   10174  0.38133E-006
   10175  0.38207E-006
   10176  0.38282E-006
   10177  0.38356E-006
   10178  0.38431E-006
   10179  0.38506E-006
   10180  0.38581E-006
   10181  0.38656E-006
   10182  0.38731E-006
   10183  0.38806E-006
   10184  0.38882E-006
   10185  0.38957E-006
   10186  0.39032E-006
   10187  0.39108E-006
   10188  0.39184E-006
   10189  0.39260E-006
   10190  0.39335E-006
   10191  0.39411E-006
   10192  0.39487E-006
   10193  0.39563E-006
   10194  0.39640E-006
   10195  0.39716E-006
   10196  0.36516E-006
   10197  0.36583E-006
   10198  0.36684E-006
   10199  0.36810E-006
   10200  0.36950E-006
   10201  0.37099E-006
   10202  0.37250E-006
   10203  0.37404E-006
   10204  0.37558E-006
   10205  0.37713E-006
   10206  0.37868E-006
   10207  0.38024E-006
   10208  0.38180E-006
   10209  0.38336E-006
   10210  0.38492E-006
   10211  0.38649E-006
   10212  0.38806E-006
   10213  0.35591E-006
   10214  0.35609E-006
   10215  0.35638E-006
   10216  0.35678E-006
   10217  0.35727E-006
   10218  0.35783E-006
   10219  0.35846E-006
   10220  0.35913E-006
   10221  0.35984E-006
   10222  0.36058E-006
   10223  0.36134E-006
   10224  0.36212E-006
   10225  0.36290E-006
   10226  0.36369E-006
   10227  0.36448E-006
   10228  0.36528E-006
   10229  0.36607E-006
   10230  0.36687E-006
   10231  0.36767E-006
   10232  0.36847E-006
   10233  0.36927E-006
   10234  0.37007E-006
   10235  0.37088E-006
   10236  0.37168E-006
   10237  0.37248E-006
   10238  0.37329E-006
   10239  0.37409E-006
   10240  0.37490E-006
   10241  0.37570E-006
   10242  0.37651E-006
   10243  0.37732E-006
   10244  0.37813E-006
   10245  0.37893E-006
   10246  0.37974E-006
   10247  0.38056E-006
   10248  0.34703E-006
   10249  0.34774E-006
   10250  0.34883E-006
   10251  0.35018E-006
   10252  0.35168E-006
   10253  0.35326E-006
   10254  0.35489E-006
   10255  0.35653E-006
   10256  0.35818E-006
   10257  0.35983E-006
   10258  0.36148E-006
   10259  0.36314E-006
   10260  0.36480E-006
   10261  0.36646E-006
   10262  0.36812E-006
   10263  0.36978E-006
   10264  0.37145E-006
   10265  0.33779E-006
   10266  0.33798E-006
   10267  0.33830E-006
   10268  0.33872E-006
   10269  0.33924E-006
   10270  0.33984E-006
   10271  0.34051E-006
   10272  0.34124E-006
   10273  0.34200E-006
   10274  0.34279E-006
   10275  0.34360E-006
   10276  0.34443E-006
   10277  0.34526E-006
   10278  0.34611E-006
   10279  0.34695E-006
   10280  0.34780E-006
   10281  0.34865E-006
   10282  0.34950E-006
   10283  0.35035E-006
   10284  0.35121E-006
   10285  0.35206E-006
   10286  0.35291E-006
   10287  0.35377E-006
   10288  0.35462E-006
   10289  0.35547E-006
   10290  0.35633E-006
   10291  0.35718E-006
   10292  0.35804E-006
   10293  0.35890E-006
   10294  0.35975E-006
   10295  0.36061E-006
   10296  0.36147E-006
   10297  0.36233E-006
   10298  0.36319E-006
   10299  0.36405E-006
   10300  0.32895E-006
   10301  0.32971E-006
   10302  0.33088E-006
   10303  0.33231E-006
   10304  0.33392E-006
   10305  0.33561E-006
   10306  0.33735E-006
   10307  0.33909E-006
   10308  0.34085E-006
   10309  0.34261E-006
   10310  0.34437E-006
   10311  0.34613E-006
   10312  0.34789E-006
   10313  0.34965E-006
   10314  0.35141E-006
   10315  0.35318E-006
   10316  0.35495E-006
   10317  0.31974E-006
   10318  0.31994E-006
   10319  0.32028E-006
   10320  0.32073E-006
   10321  0.32129E-006
   10322  0.32193E-006
   10323  0.32265E-006
   10324  0.32342E-006
   10325  0.32423E-006
   10326  0.32507E-006
   10327  0.32594E-006
   10328  0.32682E-006
   10329  0.32771E-006
   10330  0.32861E-006
   10331  0.32951E-006
   10332  0.33041E-006
   10333  0.33132E-006
   10334  0.33222E-006
   10335  0.33313E-006
   10336  0.33404E-006
   10337  0.33494E-006
   10338  0.33585E-006
   10339  0.33676E-006
   10340  0.33766E-006
   10341  0.33857E-006
   10342  0.33948E-006
   10343  0.34039E-006
   10344  0.34129E-006
   10345  0.34220E-006
   10346  0.34311E-006
   10347  0.34402E-006
   10348  0.34492E-006
   10349  0.34583E-006
   10350  0.34674E-006
   10351  0.34765E-006
   10352  0.31096E-006
   10353  0.31177E-006
   10354  0.31301E-006
   10355  0.31455E-006
   10356  0.31626E-006
   10357  0.31806E-006
   10358  0.31990E-006
   10359  0.32176E-006
   10360  0.32363E-006
   10361  0.32550E-006
   10362  0.32736E-006
   10363  0.32923E-006
   10364  0.33110E-006
   10365  0.33297E-006
   10366  0.33484E-006
   10367  0.33670E-006
   10368  0.33857E-006
   10369  0.30179E-006
   10370  0.30200E-006
   10371  0.30236E-006
   10372  0.30284E-006
   10373  0.30344E-006
   10374  0.30412E-006
   10375  0.30488E-006
   10376  0.30571E-006
   10377  0.30657E-006
   10378  0.30747E-006
   10379  0.30839E-006
   10380  0.30933E-006
   10381  0.31028E-006
   10382  0.31123E-006
   10383  0.31219E-006
   10384  0.31315E-006
   10385  0.31411E-006
   10386  0.31507E-006
   10387  0.31603E-006
   10388  0.31699E-006
   10389  0.31795E-006
   10390  0.31892E-006
   10391  0.31988E-006
   10392  0.32084E-006
   10393  0.32180E-006
   10394  0.32276E-006
   10395  0.32372E-006
   10396  0.32468E-006
   10397  0.32564E-006
   10398  0.32660E-006
   10399  0.32756E-006
   10400  0.32852E-006
   10401  0.32948E-006
   10402  0.33044E-006
   10403  0.33141E-006
   10404  0.29308E-006
   10405  0.29395E-006
   10406  0.29527E-006
   10407  0.29690E-006
   10408  0.29872E-006
   10409  0.30064E-006
   10410  0.30260E-006
   10411  0.30457E-006
   10412  0.30655E-006
   10413  0.30853E-006
   10414  0.31051E-006
   10415  0.31249E-006
   10416  0.31446E-006
   10417  0.31644E-006
   10418  0.31841E-006
   10419  0.32038E-006
   10420  0.32236E-006
   10421  0.28397E-006
   10422  0.28420E-006
   10423  0.28458E-006
   10424  0.28509E-006
   10425  0.28573E-006
   10426  0.28645E-006
   10427  0.28726E-006
   10428  0.28814E-006
   10429  0.28906E-006
   10430  0.29001E-006
   10431  0.29099E-006
   10432  0.29199E-006
   10433  0.29299E-006
   10434  0.29400E-006
   10435  0.29502E-006
   10436  0.29603E-006
   10437  0.29705E-006
   10438  0.29807E-006
   10439  0.29909E-006
   10440  0.30011E-006
   10441  0.30113E-006
   10442  0.30214E-006
   10443  0.30316E-006
   10444  0.30418E-006
   10445  0.30519E-006
   10446  0.30621E-006
   10447  0.30722E-006
   10448  0.30824E-006
   10449  0.30925E-006
   10450  0.31027E-006
   10451  0.31128E-006
   10452  0.31229E-006
   10453  0.31331E-006
   10454  0.31432E-006
   10455  0.31533E-006
   10456  0.27536E-006
   10457  0.27628E-006
   10458  0.27768E-006
   10459  0.27942E-006
   10460  0.28135E-006
   10461  0.28338E-006
   10462  0.28545E-006
   10463  0.28755E-006
   10464  0.28964E-006
   10465  0.29174E-006
   10466  0.29383E-006
   10467  0.29592E-006
   10468  0.29801E-006
   10469  0.30009E-006
   10470  0.30217E-006
   10471  0.30425E-006
   10472  0.30633E-006
   10473  0.26632E-006
   10474  0.26657E-006
   10475  0.26697E-006
   10476  0.26752E-006
   10477  0.26819E-006
   10478  0.26896E-006
   10479  0.26982E-006
   10480  0.27074E-006
   10481  0.27172E-006
   10482  0.27273E-006
   10483  0.27377E-006
   10484  0.27482E-006
   10485  0.27588E-006
   10486  0.27696E-006
   10487  0.27803E-006
   10488  0.27911E-006
   10489  0.28018E-006
   10490  0.28126E-006
   10491  0.28234E-006
   10492  0.28341E-006
   10493  0.28449E-006
   10494  0.28556E-006
   10495  0.28664E-006
   10496  0.28771E-006
   10497  0.28878E-006
   10498  0.28986E-006
   10499  0.29093E-006
   10500  0.29200E-006
   10501  0.29307E-006
   10502  0.29413E-006
   10503  0.29520E-006
   10504  0.29627E-006
   10505  0.29734E-006
   10506  0.29840E-006
   10507  0.29947E-006
   10508  0.25783E-006
   10509  0.25880E-006
   10510  0.26029E-006
   10511  0.26212E-006
   10512  0.26417E-006
   10513  0.26632E-006
   10514  0.26851E-006
   10515  0.27072E-006
   10516  0.27294E-006
   10517  0.27515E-006
   10518  0.27736E-006
   10519  0.27956E-006
   10520  0.28176E-006
   10521  0.28396E-006
   10522  0.28615E-006
   10523  0.28834E-006
   10524  0.29053E-006
   10525  0.24888E-006
   10526  0.24914E-006
   10527  0.24957E-006
   10528  0.25015E-006
   10529  0.25086E-006
   10530  0.25167E-006
   10531  0.25258E-006
   10532  0.25356E-006
   10533  0.25459E-006
   10534  0.25566E-006
   10535  0.25676E-006
   10536  0.25787E-006
   10537  0.25900E-006
   10538  0.26013E-006
   10539  0.26126E-006
   10540  0.26240E-006
   10541  0.26354E-006
   10542  0.26467E-006
   10543  0.26581E-006
   10544  0.26694E-006
   10545  0.26808E-006
   10546  0.26921E-006
   10547  0.27034E-006
   10548  0.27147E-006
   10549  0.27260E-006
   10550  0.27373E-006
   10551  0.27486E-006
   10552  0.27598E-006
   10553  0.27711E-006
   10554  0.27823E-006
   10555  0.27936E-006
   10556  0.28048E-006
   10557  0.28160E-006
   10558  0.28272E-006
   10559  0.28384E-006
   10560  0.24052E-006
   10561  0.24155E-006
   10562  0.24312E-006
   10563  0.24506E-006
   10564  0.24722E-006
   10565  0.24949E-006
   10566  0.25181E-006
   10567  0.25414E-006
   10568  0.25647E-006
   10569  0.25880E-006
   10570  0.26113E-006
   10571  0.26345E-006
   10572  0.26577E-006
   10573  0.26808E-006
   10574  0.27038E-006
   10575  0.27268E-006
   10576  0.27498E-006
   10577  0.23169E-006
   10578  0.23197E-006
   10579  0.23242E-006
   10580  0.23303E-006
   10581  0.23377E-006
   10582  0.23464E-006
   10583  0.23560E-006
   10584  0.23663E-006
   10585  0.23772E-006
   10586  0.23885E-006
   10587  0.24000E-006
   10588  0.24118E-006
   10589  0.24236E-006
   10590  0.24356E-006
   10591  0.24475E-006
   10592  0.24595E-006
   10593  0.24715E-006
   10594  0.24834E-006
   10595  0.24954E-006
   10596  0.25073E-006
   10597  0.25193E-006
   10598  0.25312E-006
   10599  0.25431E-006
   10600  0.25550E-006
   10601  0.25668E-006
   10602  0.25787E-006
   10603  0.25905E-006
   10604  0.26024E-006
   10605  0.26142E-006
   10606  0.26260E-006
   10607  0.26378E-006
   10608  0.26496E-006
   10609  0.26613E-006
   10610  0.26731E-006
   10611  0.26849E-006
   10612  0.22348E-006
   10613  0.22457E-006
   10614  0.22622E-006
   10615  0.22827E-006
   10616  0.23054E-006
   10617  0.23294E-006
   10618  0.23538E-006
   10619  0.23783E-006
   10620  0.24029E-006
   10621  0.24274E-006
   10622  0.24518E-006
   10623  0.24762E-006
   10624  0.25005E-006
   10625  0.25248E-006
   10626  0.25489E-006
   10627  0.25731E-006
   10628  0.25971E-006
   10629  0.21478E-006
   10630  0.21507E-006
   10631  0.21555E-006
   10632  0.21619E-006
   10633  0.21698E-006
   10634  0.21789E-006
   10635  0.21890E-006
   10636  0.21999E-006
   10637  0.22113E-006
   10638  0.22232E-006
   10639  0.22354E-006
   10640  0.22477E-006
   10641  0.22602E-006
   10642  0.22728E-006
   10643  0.22853E-006
   10644  0.22979E-006
   10645  0.23105E-006
   10646  0.23231E-006
   10647  0.23357E-006
   10648  0.23482E-006
   10649  0.23607E-006
   10650  0.23732E-006
   10651  0.23857E-006
   10652  0.23982E-006
   10653  0.24107E-006
   10654  0.24231E-006
   10655  0.24355E-006
   10656  0.24479E-006
   10657  0.24603E-006
   10658  0.24727E-006
   10659  0.24850E-006
   10660  0.24974E-006
   10661  0.25097E-006
   10662  0.25220E-006
   10663  0.25343E-006
   10664  0.20675E-006
   10665  0.20790E-006
   10666  0.20964E-006
   10667  0.21179E-006
   10668  0.21418E-006
   10669  0.21670E-006
   10670  0.21926E-006
   10671  0.22184E-006
   10672  0.22442E-006
   10673  0.22699E-006
   10674  0.22955E-006
   10675  0.23211E-006
   10676  0.23465E-006
   10677  0.23719E-006
   10678  0.23973E-006
   10679  0.24225E-006
   10680  0.24477E-006
   10681  0.19821E-006
   10682  0.19851E-006
   10683  0.19901E-006
   10684  0.19969E-006
   10685  0.20051E-006
   10686  0.20147E-006
   10687  0.20253E-006
   10688  0.20368E-006
   10689  0.20488E-006
   10690  0.20613E-006
   10691  0.20741E-006
   10692  0.20870E-006
   10693  0.21001E-006
   10694  0.21133E-006
   10695  0.21265E-006
   10696  0.21397E-006
   10697  0.21529E-006
   10698  0.21661E-006
   10699  0.21793E-006
   10700  0.21924E-006
   10701  0.22056E-006
   10702  0.22187E-006
   10703  0.22318E-006
   10704  0.22448E-006
   10705  0.22579E-006
   10706  0.22709E-006
   10707  0.22839E-006
   10708  0.22969E-006
   10709  0.23098E-006
   10710  0.23227E-006
   10711  0.23357E-006
   10712  0.23486E-006
   10713  0.23614E-006
   10714  0.23743E-006
   10715  0.23872E-006
   10716  0.19037E-006
   10717  0.19157E-006
   10718  0.19340E-006
   10719  0.19566E-006
   10720  0.19817E-006
   10721  0.20081E-006
   10722  0.20350E-006
   10723  0.20620E-006
   10724  0.20890E-006
   10725  0.21159E-006
   10726  0.21427E-006
   10727  0.21695E-006
   10728  0.21961E-006
   10729  0.22227E-006
   10730  0.22492E-006
   10731  0.22755E-006
   10732  0.23018E-006
   10733  0.18200E-006
   10734  0.18232E-006
   10735  0.18285E-006
   10736  0.18355E-006
   10737  0.18442E-006
   10738  0.18542E-006
   10739  0.18654E-006
   10740  0.18774E-006
   10741  0.18900E-006
   10742  0.19031E-006
   10743  0.19165E-006
   10744  0.19301E-006
   10745  0.19438E-006
   10746  0.19576E-006
   10747  0.19714E-006
   10748  0.19852E-006
   10749  0.19990E-006
   10750  0.20128E-006
   10751  0.20266E-006
   10752  0.20404E-006
   10753  0.20541E-006
   10754  0.20678E-006
   10755  0.20815E-006
   10756  0.20951E-006
   10757  0.21088E-006
   10758  0.21224E-006
   10759  0.21360E-006
   10760  0.21495E-006
   10761  0.21630E-006
   10762  0.21765E-006
   10763  0.21900E-006
   10764  0.22035E-006
   10765  0.22169E-006
   10766  0.22303E-006
   10767  0.22437E-006
   10768  0.17438E-006
   10769  0.17564E-006
   10770  0.17755E-006
   10771  0.17992E-006
   10772  0.18255E-006
   10773  0.18531E-006
   10774  0.18812E-006
   10775  0.19095E-006
   10776  0.19377E-006
   10777  0.19659E-006
   10778  0.19939E-006
   10779  0.20218E-006
   10780  0.20496E-006
   10781  0.20773E-006
   10782  0.21049E-006
   10783  0.21324E-006
   10784  0.21598E-006
   10785  0.16621E-006
   10786  0.16655E-006
   10787  0.16710E-006
   10788  0.16784E-006
   10789  0.16874E-006
   10790  0.16979E-006
   10791  0.17096E-006
   10792  0.17221E-006
   10793  0.17353E-006
   10794  0.17490E-006
   10795  0.17630E-006
   10796  0.17772E-006
   10797  0.17916E-006
   10798  0.18060E-006
   10799  0.18204E-006
   10800  0.18348E-006
   10801  0.18493E-006
   10802  0.18637E-006
   10803  0.18781E-006
   10804  0.18924E-006
   10805  0.19068E-006
   10806  0.19211E-006
   10807  0.19353E-006
   10808  0.19496E-006
   10809  0.19638E-006
   10810  0.19779E-006
   10811  0.19921E-006
   10812  0.20062E-006
   10813  0.20203E-006
   10814  0.20344E-006
   10815  0.20484E-006
   10816  0.20624E-006
   10817  0.20764E-006
   10818  0.20904E-006
   10819  0.21044E-006
   10820  0.15883E-006
   10821  0.16015E-006
   10822  0.16215E-006
   10823  0.16462E-006
   10824  0.16736E-006
   10825  0.17025E-006
   10826  0.17318E-006
   10827  0.17613E-006
   10828  0.17908E-006
   10829  0.18201E-006
   10830  0.18493E-006
   10831  0.18784E-006
   10832  0.19074E-006
   10833  0.19362E-006
   10834  0.19649E-006
   10835  0.19935E-006
   10836  0.20221E-006
   10837  0.15088E-006
   10838  0.15123E-006
   10839  0.15180E-006
   10840  0.15258E-006
   10841  0.15352E-006
   10842  0.15462E-006
   10843  0.15583E-006
   10844  0.15714E-006
   10845  0.15852E-006
   10846  0.15995E-006
   10847  0.16141E-006
   10848  0.16289E-006
   10849  0.16439E-006
   10850  0.16589E-006
   10851  0.16739E-006
   10852  0.16890E-006
   10853  0.17040E-006
   10854  0.17190E-006
   10855  0.17340E-006
   10856  0.17490E-006
   10857  0.17639E-006
   10858  0.17788E-006
   10859  0.17936E-006
   10860  0.18085E-006
   10861  0.18232E-006
   10862  0.18380E-006
   10863  0.18527E-006
   10864  0.18674E-006
   10865  0.18820E-006
   10866  0.18967E-006
   10867  0.19112E-006
   10868  0.19258E-006
   10869  0.19403E-006
   10870  0.19548E-006
   10871  0.19693E-006
   10872  0.14376E-006
   10873  0.14513E-006
   10874  0.14722E-006
   10875  0.14979E-006
   10876  0.15266E-006
   10877  0.15566E-006
   10878  0.15872E-006
   10879  0.16179E-006
   10880  0.16485E-006
   10881  0.16791E-006
   10882  0.17095E-006
   10883  0.17397E-006
   10884  0.17698E-006
   10885  0.17998E-006
   10886  0.18296E-006
   10887  0.18593E-006
   10888  0.18889E-006
   10889  0.13605E-006
   10890  0.13642E-006
   10891  0.13702E-006
   10892  0.13782E-006
   10893  0.13881E-006
   10894  0.13995E-006
   10895  0.14121E-006
   10896  0.14258E-006
   10897  0.14401E-006
   10898  0.14550E-006
   10899  0.14702E-006
   10900  0.14856E-006
   10901  0.15012E-006
   10902  0.15168E-006
   10903  0.15324E-006
   10904  0.15481E-006
   10905  0.15637E-006
   10906  0.15793E-006
   10907  0.15949E-006
   10908  0.16104E-006
   10909  0.16259E-006
   10910  0.16414E-006
   10911  0.16568E-006
   10912  0.16722E-006
   10913  0.16876E-006
   10914  0.17029E-006
   10915  0.17182E-006
   10916  0.17334E-006
   10917  0.17486E-006
   10918  0.17638E-006
   10919  0.17789E-006
   10920  0.17940E-006
   10921  0.18091E-006
   10922  0.18241E-006
   10923  0.18392E-006
   10924  0.12922E-006
   10925  0.13065E-006
   10926  0.13282E-006
   10927  0.13549E-006
   10928  0.13847E-006
   10929  0.14159E-006
   10930  0.14477E-006
   10931  0.14796E-006
   10932  0.15115E-006
   10933  0.15431E-006
   10934  0.15747E-006
   10935  0.16061E-006
   10936  0.16373E-006
   10937  0.16683E-006
   10938  0.16993E-006
   10939  0.17300E-006
   10940  0.17607E-006
   10941  0.12178E-006
   10942  0.12216E-006
   10943  0.12278E-006
   10944  0.12361E-006
   10945  0.12464E-006
   10946  0.12583E-006
   10947  0.12714E-006
   10948  0.12856E-006
   10949  0.13004E-006
   10950  0.13159E-006
   10951  0.13317E-006
   10952  0.13477E-006
   10953  0.13638E-006
   10954  0.13801E-006
   10955  0.13963E-006
   10956  0.14125E-006
   10957  0.14288E-006
   10958  0.14450E-006
   10959  0.14611E-006
   10960  0.14772E-006
   10961  0.14933E-006
   10962  0.15093E-006
   10963  0.15253E-006
   10964  0.15413E-006
   10965  0.15572E-006
   10966  0.15730E-006
   10967  0.15888E-006
   10968  0.16046E-006
   10969  0.16204E-006
   10970  0.16361E-006
   10971  0.16517E-006
   10972  0.16674E-006
   10973  0.16830E-006
   10974  0.16985E-006
   10975  0.17141E-006
   10976  0.11525E-006
   10977  0.11673E-006
   10978  0.11898E-006
   10979  0.12176E-006
   10980  0.12485E-006
   10981  0.12809E-006
   10982  0.13139E-006
   10983  0.13469E-006
   10984  0.13799E-006
   10985  0.14127E-006
   10986  0.14454E-006
   10987  0.14779E-006
   10988  0.15102E-006
   10989  0.15423E-006
   10990  0.15743E-006
   10991  0.16061E-006
   10992  0.16378E-006
   10993  0.10810E-006
   10994  0.10849E-006
   10995  0.10913E-006
   10996  0.11000E-006
   10997  0.11106E-006
   10998  0.11229E-006
   10999  0.11366E-006
   11000  0.11512E-006
   11001  0.11667E-006
   11002  0.11827E-006
   11003  0.11990E-006
   11004  0.12156E-006
   11005  0.12323E-006
   11006  0.12491E-006
   11007  0.12660E-006
   11008  0.12828E-006
   11009  0.12996E-006
   11010  0.13163E-006
   11011  0.13330E-006
   11012  0.13497E-006
   11013  0.13663E-006
   11014  0.13829E-006
   11015  0.13994E-006
   11016  0.14159E-006
   11017  0.14324E-006
   11018  0.14488E-006
   11019  0.14651E-006
   11020  0.14814E-006
   11021  0.14977E-006
   11022  0.15139E-006
   11023  0.15301E-006
   11024  0.15463E-006
   11025  0.15624E-006
   11026  0.15785E-006
   11027  0.15945E-006
   11028  0.10189E-006
   11029  0.10343E-006
   11030  0.10576E-006
   11031  0.10864E-006
   11032  0.11184E-006
   11033  0.11519E-006
   11034  0.11860E-006
   11035  0.12202E-006
   11036  0.12543E-006
   11037  0.12882E-006
   11038  0.13220E-006
   11039  0.13555E-006
   11040  0.13889E-006
   11041  0.14221E-006
   11042  0.14551E-006
   11043  0.14879E-006
   11044  0.15206E-006
   11045  0.95055E-007
   11046  0.95462E-007
   11047  0.96128E-007
   11048  0.97023E-007
   11049  0.98124E-007
   11050  0.99395E-007
   11051  0.10080E-006
   11052  0.10232E-006
   11053  0.10392E-006
   11054  0.10557E-006
   11055  0.10726E-006
   11056  0.10898E-006
   11057  0.11071E-006
   11058  0.11244E-006
   11059  0.11418E-006
   11060  0.11592E-006
   11061  0.11765E-006
   11062  0.11938E-006
   11063  0.12111E-006
   11064  0.12283E-006
   11065  0.12455E-006
   11066  0.12626E-006
   11067  0.12796E-006
   11068  0.12967E-006
   11069  0.13136E-006
   11070  0.13305E-006
   11071  0.13474E-006
   11072  0.13642E-006
   11073  0.13810E-006
   11074  0.13977E-006
   11075  0.14144E-006
   11076  0.14311E-006
   11077  0.14476E-006
   11078  0.14642E-006
   11079  0.14808E-006
   11080  0.89200E-007
   11081  0.90787E-007
   11082  0.93196E-007
   11083  0.96169E-007
   11084  0.99471E-007
   11085  0.10293E-006
   11086  0.10645E-006
   11087  0.10998E-006
   11088  0.11350E-006
   11089  0.11700E-006
   11090  0.12048E-006
   11091  0.12394E-006
   11092  0.12738E-006
   11093  0.13080E-006
   11094  0.13420E-006
   11095  0.13758E-006
   11096  0.14094E-006
   11097  0.82694E-007
   11098  0.83113E-007
   11099  0.83801E-007
   11100  0.84725E-007
   11101  0.85860E-007
   11102  0.87172E-007
   11103  0.88625E-007
   11104  0.90191E-007
   11105  0.91837E-007
   11106  0.93543E-007
   11107  0.95286E-007
   11108  0.97057E-007
   11109  0.98839E-007
   11110  0.10063E-006
   11111  0.10242E-006
   11112  0.10421E-006
   11113  0.10600E-006
   11114  0.10778E-006
   11115  0.10956E-006
   11116  0.11133E-006
   11117  0.11310E-006
   11118  0.11486E-006
   11119  0.11662E-006
   11120  0.11837E-006
   11121  0.12012E-006
   11122  0.12186E-006
   11123  0.12360E-006
   11124  0.12533E-006
   11125  0.12706E-006
   11126  0.12878E-006
   11127  0.13049E-006
   11128  0.13221E-006
   11129  0.13391E-006
   11130  0.13562E-006
   11131  0.13732E-006
   11132  0.77207E-007
   11133  0.78842E-007
   11134  0.81326E-007
   11135  0.84390E-007
   11136  0.87792E-007
   11137  0.91357E-007
   11138  0.94982E-007
   11139  0.98616E-007
   11140  0.10224E-006
   11141  0.10584E-006
   11142  0.10942E-006
   11143  0.11298E-006
   11144  0.11651E-006
   11145  0.12003E-006
   11146  0.12352E-006
   11147  0.12700E-006
   11148  0.13045E-006
   11149  0.71054E-007
   11150  0.71486E-007
   11151  0.72194E-007
   11152  0.73145E-007
   11153  0.74314E-007
   11154  0.75664E-007
   11155  0.77161E-007
   11156  0.78772E-007
   11157  0.80466E-007
   11158  0.82222E-007
   11159  0.84016E-007
   11160  0.85837E-007
   11161  0.87671E-007
   11162  0.89513E-007
   11163  0.91355E-007
   11164  0.93197E-007
   11165  0.95035E-007
   11166  0.96869E-007
   11167  0.98697E-007
   11168  0.10052E-006
   11169  0.10234E-006
   11170  0.10415E-006
   11171  0.10595E-006
   11172  0.10775E-006
   11173  0.10955E-006
   11174  0.11134E-006
   11175  0.11312E-006
   11176  0.11490E-006
   11177  0.11667E-006
   11178  0.11844E-006
   11179  0.12020E-006
   11180  0.12196E-006
   11181  0.12371E-006
   11182  0.12545E-006
   11183  0.12720E-006
   11184  0.65956E-007
   11185  0.67638E-007
   11186  0.70191E-007
   11187  0.73342E-007
   11188  0.76839E-007
   11189  0.80503E-007
   11190  0.84228E-007
   11191  0.87961E-007
   11192  0.91681E-007
   11193  0.95379E-007
   11194  0.99055E-007
   11195  0.10271E-006
   11196  0.10633E-006
   11197  0.10994E-006
   11198  0.11352E-006
   11199  0.11709E-006
   11200  0.12063E-006
   11201  0.60177E-007
   11202  0.60621E-007
   11203  0.61348E-007
   11204  0.62325E-007
   11205  0.63526E-007
   11206  0.64913E-007
   11207  0.66449E-007
   11208  0.68104E-007
   11209  0.69844E-007
   11210  0.71647E-007
   11211  0.73489E-007
   11212  0.75358E-007
   11213  0.77241E-007
   11214  0.79131E-007
   11215  0.81022E-007
   11216  0.82912E-007
   11217  0.84797E-007
   11218  0.86678E-007
   11219  0.88554E-007
   11220  0.90423E-007
   11221  0.92287E-007
   11222  0.94144E-007
   11223  0.95995E-007
   11224  0.97840E-007
   11225  0.99680E-007
   11226  0.10151E-006
   11227  0.10334E-006
   11228  0.10516E-006
   11229  0.10698E-006
   11230  0.10879E-006
   11231  0.11059E-006
   11232  0.11239E-006
   11233  0.11419E-006
   11234  0.11598E-006
   11235  0.11777E-006
   11236  0.55486E-007
   11237  0.57212E-007
   11238  0.59832E-007
   11239  0.63064E-007
   11240  0.66651E-007
   11241  0.70408E-007
   11242  0.74227E-007
   11243  0.78054E-007
   11244  0.81866E-007
   11245  0.85656E-007
   11246  0.89421E-007
   11247  0.93161E-007
   11248  0.96876E-007
   11249  0.10057E-006
   11250  0.10423E-006
   11251  0.10788E-006
   11252  0.11151E-006
   11253  0.50103E-007
   11254  0.50557E-007
   11255  0.51302E-007
   11256  0.52304E-007
   11257  0.53534E-007
   11258  0.54955E-007
   11259  0.56530E-007
   11260  0.58226E-007
   11261  0.60008E-007
   11262  0.61855E-007
   11263  0.63742E-007
   11264  0.65657E-007
   11265  0.67585E-007
   11266  0.69521E-007
   11267  0.71457E-007
   11268  0.73392E-007
   11269  0.75322E-007
   11270  0.77248E-007
   11271  0.79168E-007
   11272  0.81081E-007
   11273  0.82988E-007
   11274  0.84889E-007
   11275  0.86783E-007
   11276  0.88671E-007
   11277  0.90552E-007
   11278  0.92428E-007
   11279  0.94297E-007
   11280  0.96160E-007
   11281  0.98017E-007
   11282  0.99867E-007
   11283  0.10171E-006
   11284  0.10355E-006
   11285  0.10538E-006
   11286  0.10721E-006
   11287  0.10904E-006
   11288  0.45838E-007
   11289  0.47604E-007
   11290  0.50286E-007
   11291  0.53594E-007
   11292  0.57264E-007
   11293  0.61109E-007
   11294  0.65016E-007
   11295  0.68930E-007
   11296  0.72828E-007
   11297  0.76703E-007
   11298  0.80552E-007
   11299  0.84375E-007
   11300  0.88172E-007
   11301  0.91943E-007
   11302  0.95690E-007
   11303  0.99413E-007
   11304  0.10311E-006
   11305  0.40868E-007
   11306  0.41333E-007
   11307  0.42095E-007
   11308  0.43119E-007
   11309  0.44377E-007
   11310  0.45829E-007
   11311  0.47439E-007
   11312  0.49173E-007
   11313  0.50994E-007
   11314  0.52882E-007
   11315  0.54811E-007
   11316  0.56768E-007
   11317  0.58738E-007
   11318  0.60716E-007
   11319  0.62695E-007
   11320  0.64671E-007
   11321  0.66643E-007
   11322  0.68610E-007
   11323  0.70571E-007
   11324  0.72525E-007
   11325  0.74473E-007
   11326  0.76414E-007
   11327  0.78348E-007
   11328  0.80275E-007
   11329  0.82196E-007
   11330  0.84111E-007
   11331  0.86019E-007
   11332  0.87920E-007
   11333  0.89815E-007
   11334  0.91704E-007
   11335  0.93587E-007
   11336  0.95464E-007
   11337  0.97335E-007
   11338  0.99201E-007
   11339  0.10107E-006
   11340  0.37046E-007
   11341  0.38850E-007
   11342  0.41589E-007
   11343  0.44966E-007
   11344  0.48714E-007
   11345  0.52638E-007
   11346  0.56626E-007
   11347  0.60621E-007
   11348  0.64598E-007
   11349  0.68551E-007
   11350  0.72477E-007
   11351  0.76376E-007
   11352  0.80248E-007
   11353  0.84093E-007
   11354  0.87913E-007
   11355  0.91708E-007
   11356  0.95480E-007
   11357  0.32508E-007
   11358  0.32982E-007
   11359  0.33759E-007
   11360  0.34803E-007
   11361  0.36087E-007
   11362  0.37569E-007
   11363  0.39210E-007
   11364  0.40978E-007
   11365  0.42836E-007
   11366  0.44762E-007
   11367  0.46728E-007
   11368  0.48724E-007
   11369  0.50732E-007
   11370  0.52749E-007
   11371  0.54766E-007
   11372  0.56781E-007
   11373  0.58791E-007
   11374  0.60795E-007
   11375  0.62793E-007
   11376  0.64784E-007
   11377  0.66769E-007
   11378  0.68746E-007
   11379  0.70716E-007
   11380  0.72680E-007
   11381  0.74636E-007
   11382  0.76586E-007
   11383  0.78529E-007
   11384  0.80465E-007
   11385  0.82395E-007
   11386  0.84318E-007
   11387  0.86235E-007
   11388  0.88146E-007
   11389  0.90050E-007
   11390  0.91949E-007
   11391  0.93846E-007
   11392  0.29144E-007
   11393  0.30982E-007
   11394  0.33772E-007
   11395  0.37213E-007
   11396  0.41030E-007
   11397  0.45027E-007
   11398  0.49088E-007
   11399  0.53156E-007
   11400  0.57205E-007
   11401  0.61229E-007
   11402  0.65224E-007
   11403  0.69191E-007
   11404  0.73130E-007
   11405  0.77041E-007
   11406  0.80926E-007
   11407  0.84784E-007
   11408  0.88621E-007
   11409  0.25054E-007
   11410  0.25536E-007
   11411  0.26327E-007
   11412  0.27390E-007
   11413  0.28696E-007
   11414  0.30204E-007
   11415  0.31874E-007
   11416  0.33673E-007
   11417  0.35563E-007
   11418  0.37522E-007
   11419  0.39523E-007
   11420  0.41553E-007
   11421  0.43596E-007
   11422  0.45648E-007
   11423  0.47699E-007
   11424  0.49748E-007
   11425  0.51792E-007
   11426  0.53831E-007
   11427  0.55862E-007
   11428  0.57887E-007
   11429  0.59904E-007
   11430  0.61914E-007
   11431  0.63917E-007
   11432  0.65913E-007
   11433  0.67901E-007
   11434  0.69883E-007
   11435  0.71857E-007
   11436  0.73825E-007
   11437  0.75785E-007
   11438  0.77739E-007
   11439  0.79687E-007
   11440  0.81629E-007
   11441  0.83564E-007
   11442  0.85496E-007
   11443  0.87428E-007
   11444  0.22161E-007
   11445  0.24029E-007
   11446  0.26866E-007
   11447  0.30362E-007
   11448  0.34242E-007
   11449  0.38304E-007
   11450  0.42430E-007
   11451  0.46562E-007
   11452  0.50676E-007
   11453  0.54762E-007
   11454  0.58820E-007
   11455  0.62848E-007
   11456  0.66848E-007
   11457  0.70819E-007
   11458  0.74763E-007
   11459  0.78680E-007
   11460  0.82576E-007
   11461  0.18533E-007
   11462  0.19023E-007
   11463  0.19826E-007
   11464  0.20905E-007
   11465  0.22231E-007
   11466  0.23762E-007
   11467  0.25458E-007
   11468  0.27284E-007
   11469  0.29203E-007
   11470  0.31191E-007
   11471  0.33222E-007
   11472  0.35283E-007
   11473  0.37356E-007
   11474  0.39438E-007
   11475  0.41520E-007
   11476  0.43600E-007
   11477  0.45674E-007
   11478  0.47742E-007
   11479  0.49803E-007
   11480  0.51858E-007
   11481  0.53904E-007
   11482  0.55944E-007
   11483  0.57975E-007
   11484  0.60000E-007
   11485  0.62017E-007
   11486  0.64027E-007
   11487  0.66030E-007
   11488  0.68025E-007
   11489  0.70014E-007
   11490  0.71996E-007
   11491  0.73971E-007
   11492  0.75940E-007
   11493  0.77902E-007
   11494  0.79859E-007
   11495  0.81814E-007
   11496  0.16124E-007
   11497  0.18018E-007
   11498  0.20894E-007
   11499  0.24440E-007
   11500  0.28374E-007
   11501  0.32492E-007
   11502  0.36675E-007
   11503  0.40864E-007
   11504  0.45033E-007
   11505  0.49175E-007
   11506  0.53287E-007
   11507  0.57369E-007
   11508  0.61421E-007
   11509  0.65445E-007
   11510  0.69440E-007
   11511  0.73408E-007
   11512  0.77353E-007
   11513  0.12971E-007
   11514  0.13467E-007
   11515  0.14280E-007
   11516  0.15373E-007
   11517  0.16716E-007
   11518  0.18267E-007
   11519  0.19985E-007
   11520  0.21835E-007
   11521  0.23778E-007
   11522  0.25792E-007
   11523  0.27848E-007
   11524  0.29935E-007
   11525  0.32035E-007
   11526  0.34143E-007
   11527  0.36251E-007
   11528  0.38357E-007
   11529  0.40456E-007
   11530  0.42551E-007
   11531  0.44637E-007
   11532  0.46716E-007
   11533  0.48788E-007
   11534  0.50852E-007
   11535  0.52909E-007
   11536  0.54958E-007
   11537  0.56999E-007
   11538  0.59033E-007
   11539  0.61060E-007
   11540  0.63079E-007
   11541  0.65092E-007
   11542  0.67097E-007
   11543  0.69095E-007
   11544  0.71087E-007
   11545  0.73072E-007
   11546  0.75053E-007
   11547  0.77031E-007
   11548  0.11055E-007
   11549  0.12972E-007
   11550  0.15882E-007
   11551  0.19469E-007
   11552  0.23448E-007
   11553  0.27614E-007
   11554  0.31845E-007
   11555  0.36081E-007
   11556  0.40297E-007
   11557  0.44485E-007
   11558  0.48642E-007
   11559  0.52769E-007
   11560  0.56865E-007
   11561  0.60931E-007
   11562  0.64968E-007
   11563  0.68977E-007
   11564  0.72961E-007
   11565  0.83894E-008
   11566  0.88908E-008
   11567  0.97127E-008
   11568  0.10817E-007
   11569  0.12175E-007
   11570  0.13741E-007
   11571  0.15477E-007
   11572  0.17346E-007
   11573  0.19310E-007
   11574  0.21345E-007
   11575  0.23423E-007
   11576  0.25531E-007
   11577  0.27652E-007
   11578  0.29782E-007
   11579  0.31911E-007
   11580  0.34038E-007
   11581  0.36159E-007
   11582  0.38274E-007
   11583  0.40382E-007
   11584  0.42482E-007
   11585  0.44574E-007
   11586  0.46658E-007
   11587  0.48735E-007
   11588  0.50804E-007
   11589  0.52865E-007
   11590  0.54918E-007
   11591  0.56964E-007
   11592  0.59003E-007
   11593  0.61034E-007
   11594  0.63057E-007
   11595  0.65074E-007
   11596  0.67084E-007
   11597  0.69085E-007
   11598  0.71082E-007
   11599  0.73077E-007
   11600  0.69760E-008
   11601  0.89110E-008
   11602  0.11848E-007
   11603  0.15468E-007
   11604  0.19484E-007
   11605  0.23688E-007
   11606  0.27958E-007
   11607  0.32232E-007
   11608  0.36485E-007
   11609  0.40710E-007
   11610  0.44904E-007
   11611  0.49066E-007
   11612  0.53197E-007
   11613  0.57297E-007
   11614  0.61368E-007
   11615  0.65410E-007
   11616  0.69428E-007
   11617  0.48070E-008
   11618  0.53126E-008
   11619  0.61413E-008
   11620  0.72549E-008
   11621  0.86233E-008
   11622  0.10203E-007
   11623  0.11953E-007
   11624  0.13837E-007
   11625  0.15817E-007
   11626  0.17868E-007
   11627  0.19963E-007
   11628  0.22088E-007
   11629  0.24226E-007
   11630  0.26373E-007
   11631  0.28519E-007
   11632  0.30662E-007
   11633  0.32800E-007
   11634  0.34932E-007
   11635  0.37055E-007
   11636  0.39172E-007
   11637  0.41280E-007
   11638  0.43380E-007
   11639  0.45472E-007
   11640  0.47557E-007
   11641  0.49633E-007
   11642  0.51702E-007
   11643  0.53763E-007
   11644  0.55817E-007
   11645  0.57863E-007
   11646  0.59901E-007
   11647  0.61933E-007
   11648  0.63958E-007
   11649  0.65975E-007
   11650  0.67987E-007
   11651  0.70001E-007
   11652  0.39023E-008
   11653  0.58509E-008
   11654  0.88084E-008
   11655  0.12454E-007
   11656  0.16498E-007
   11657  0.20731E-007
   11658  0.25029E-007
   11659  0.29332E-007
   11660  0.33615E-007
   11661  0.37867E-007
   11662  0.42089E-007
   11663  0.46278E-007
   11664  0.50435E-007
   11665  0.54562E-007
   11666  0.58658E-007
   11667  0.62725E-007
   11668  0.66766E-007
   11669  0.22380E-008
   11670  0.27465E-008
   11671  0.35800E-008
   11672  0.47002E-008
   11673  0.60766E-008
   11674  0.76654E-008
   11675  0.94258E-008
   11676  0.11321E-007
   11677  0.13312E-007
   11678  0.15375E-007
   11679  0.17482E-007
   11680  0.19619E-007
   11681  0.21770E-007
   11682  0.23928E-007
   11683  0.26087E-007
   11684  0.28242E-007
   11685  0.30392E-007
   11686  0.32536E-007
   11687  0.34671E-007
   11688  0.36799E-007
   11689  0.38919E-007
   11690  0.41031E-007
   11691  0.43134E-007
   11692  0.45230E-007
   11693  0.47318E-007
   11694  0.49398E-007
   11695  0.51470E-007
   11696  0.53534E-007
   11697  0.55591E-007
   11698  0.57640E-007
   11699  0.59681E-007
   11700  0.61716E-007
   11701  0.63741E-007
   11702  0.65761E-007
   11703  0.67779E-007
   11704  0.18464E-008
   11705  0.38041E-008
   11706  0.67754E-008
   11707  0.10438E-007
   11708  0.14501E-007
   11709  0.18753E-007
   11710  0.23071E-007
   11711  0.27394E-007
   11712  0.31695E-007
   11713  0.35967E-007
   11714  0.40207E-007
   11715  0.44415E-007
   11716  0.48591E-007
   11717  0.52735E-007
   11718  0.56849E-007
   11719  0.60932E-007
   11720  0.64990E-007
   11721  0.69250E-009
   11722  0.12028E-008
   11723  0.20393E-008
   11724  0.31634E-008
   11725  0.45446E-008
   11726  0.61391E-008
   11727  0.79055E-008
   11728  0.98073E-008
   11729  0.11805E-007
   11730  0.13876E-007
   11731  0.15990E-007
   11732  0.18134E-007
   11733  0.20292E-007
   11734  0.22459E-007
   11735  0.24624E-007
   11736  0.26787E-007
   11737  0.28944E-007
   11738  0.31095E-007
   11739  0.33238E-007
   11740  0.35373E-007
   11741  0.37500E-007
   11742  0.39619E-007
   11743  0.41730E-007
   11744  0.43832E-007
   11745  0.45927E-007
   11746  0.48014E-007
   11747  0.50093E-007
   11748  0.52164E-007
   11749  0.54228E-007
   11750  0.56284E-007
   11751  0.58333E-007
   11752  0.60374E-007
   11753  0.62407E-007
   11754  0.64434E-007
   11755  0.66463E-007
   11756  0.81644E-009
   11757  0.27787E-008
   11758  0.57570E-008
   11759  0.94285E-008
   11760  0.13500E-007
   11761  0.17763E-007
   11762  0.22091E-007
   11763  0.26423E-007
   11764  0.30735E-007
   11765  0.35016E-007
   11766  0.39266E-007
   11767  0.43483E-007
   11768  0.47668E-007
   11769  0.51821E-007
   11770  0.55944E-007
   11771  0.60037E-007
   11772  0.64103E-007
