       1  0.19541E-008
      20  0.14265E-008
      21  0.14271E-008
      22  0.14289E-008
      23  0.14320E-008
      24  0.14362E-008
      25  0.14416E-008
      26  0.14482E-008
      27  0.14559E-008
      28  0.14646E-008
      29  0.14744E-008
      30  0.14852E-008
      31  0.14970E-008
      32  0.15097E-008
      33  0.15232E-008
      34  0.15375E-008
      35  0.15526E-008
      36  0.15683E-008
      37  0.15847E-008
      38  0.16017E-008
      39  0.16192E-008
      40  0.16371E-008
      41  0.16555E-008
      42  0.16743E-008
      43  0.16934E-008
      44  0.17127E-008
      45  0.17323E-008
      46  0.17522E-008
      47  0.17721E-008
      48  0.17922E-008
      49  0.18124E-008
      50  0.18327E-008
      51  0.18530E-008
      52  0.18733E-008
      53  0.18936E-008
      54  0.19138E-008
      55  0.19340E-008
     579   0.0000     
     597  0.16905E-008
     598  0.38432E-011
     599  0.15199E-010
     600  0.33990E-010
     601  0.59809E-010
     602  0.92340E-010
     603  0.13100E-009
     604  0.17527E-009
     605  0.22446E-009
     606  0.27793E-009
     607  0.33496E-009
     608  0.39485E-009
     609  0.45692E-009
     610  0.52050E-009
     611  0.58500E-009
     612  0.64982E-009
     613  0.71451E-009
     614  0.77859E-009
     615  0.84173E-009
     616  0.90358E-009
     617  0.96396E-009
     618  0.10226E-008
     619  0.10795E-008
     620  0.11345E-008
     621  0.11875E-008
     622  0.12386E-008
     623  0.12879E-008
     624  0.13352E-008
     625  0.13808E-008
     626  0.14246E-008
     627  0.14668E-008
     628  0.15074E-008
     629  0.15466E-008
     630  0.15844E-008
     631  0.16210E-008
     632  0.16563E-008
    2054  0.13990E-008
    2055  0.13708E-008
    2056  0.13419E-008
    2057  0.13124E-008
    2058  0.12821E-008
    2059  0.12510E-008
    2060  0.12191E-008
    2061  0.11864E-008
    2062  0.11528E-008
    2063  0.11182E-008
    2064  0.10826E-008
    2065  0.10459E-008
    2066  0.10082E-008
    2067  0.96930E-009
    2068  0.92915E-009
    2069  0.88770E-009
    2070  0.84487E-009
    2071  0.80059E-009
    2072  0.75476E-009
    2073  0.70736E-009
    2074  0.65828E-009
    2075  0.60757E-009
    2076  0.55517E-009
    2077  0.50131E-009
    2078  0.44606E-009
    2079  0.39000E-009
    2080  0.33348E-009
    2081  0.27751E-009
    2082  0.22294E-009
    2083  0.17119E-009
    2084  0.12361E-009
    2085  0.81760E-010
    2086  0.47298E-010
    2087  0.21399E-010
    2088  0.55311E-011
    2089  0.16907E-008
    2090  0.16916E-008
    2091  0.16931E-008
    2092  0.16951E-008
    2093  0.16977E-008
    2094  0.17008E-008
    2095  0.17045E-008
    2096  0.17086E-008
    2097  0.17133E-008
    2098  0.17184E-008
    2099  0.17239E-008
    2100  0.17299E-008
    2101  0.17363E-008
    2102  0.17431E-008
    2103  0.17502E-008
    2104  0.17577E-008
    2105  0.17655E-008
    2106  0.17736E-008
    2107  0.17821E-008
    2108  0.17907E-008
    2109  0.17997E-008
    2110  0.18088E-008
    2111  0.18182E-008
    2112  0.18278E-008
    2113  0.18376E-008
    2114  0.18476E-008
    2115  0.18577E-008
    2116  0.18680E-008
    2117  0.18784E-008
    2118  0.18889E-008
    2119  0.18996E-008
    2120  0.19103E-008
    2121  0.19212E-008
    2122  0.19321E-008
    2123  0.19431E-008
    2124  0.16575E-008
    2125  0.16613E-008
    2126  0.16675E-008
    2127  0.16759E-008
    2128  0.16864E-008
    2129  0.16987E-008
    2130  0.17128E-008
    2131  0.17283E-008
    2132  0.17452E-008
    2133  0.17633E-008
    2134  0.17824E-008
    2135  0.18023E-008
    2136  0.18230E-008
    2137  0.18444E-008
    2138  0.18662E-008
    2139  0.18885E-008
    2140  0.19111E-008
    2141  0.16213E-008
    2142  0.16223E-008
    2143  0.16241E-008
    2144  0.16264E-008
    2145  0.16295E-008
    2146  0.16331E-008
    2147  0.16374E-008
    2148  0.16423E-008
    2149  0.16476E-008
    2150  0.16535E-008
    2151  0.16599E-008
    2152  0.16668E-008
    2153  0.16741E-008
    2154  0.16818E-008
    2155  0.16899E-008
    2156  0.16984E-008
    2157  0.17072E-008
    2158  0.17163E-008
    2159  0.17257E-008
    2160  0.17354E-008
    2161  0.17453E-008
    2162  0.17555E-008
    2163  0.17659E-008
    2164  0.17765E-008
    2165  0.17872E-008
    2166  0.17982E-008
    2167  0.18093E-008
    2168  0.18205E-008
    2169  0.18318E-008
    2170  0.18433E-008
    2171  0.18549E-008
    2172  0.18665E-008
    2173  0.18783E-008
    2174  0.18901E-008
    2175  0.19019E-008
    2176  0.15859E-008
    2177  0.15904E-008
    2178  0.15977E-008
    2179  0.16076E-008
    2180  0.16198E-008
    2181  0.16340E-008
    2182  0.16501E-008
    2183  0.16677E-008
    2184  0.16868E-008
    2185  0.17070E-008
    2186  0.17282E-008
    2187  0.17503E-008
    2188  0.17731E-008
    2189  0.17964E-008
    2190  0.18203E-008
    2191  0.18444E-008
    2192  0.18689E-008
    2193  0.15470E-008
    2194  0.15483E-008
    2195  0.15504E-008
    2196  0.15532E-008
    2197  0.15568E-008
    2198  0.15612E-008
    2199  0.15662E-008
    2200  0.15719E-008
    2201  0.15782E-008
    2202  0.15851E-008
    2203  0.15925E-008
    2204  0.16004E-008
    2205  0.16088E-008
    2206  0.16176E-008
    2207  0.16269E-008
    2208  0.16365E-008
    2209  0.16464E-008
    2210  0.16567E-008
    2211  0.16673E-008
    2212  0.16781E-008
    2213  0.16892E-008
    2214  0.17005E-008
    2215  0.17121E-008
    2216  0.17238E-008
    2217  0.17357E-008
    2218  0.17477E-008
    2219  0.17599E-008
    2220  0.17722E-008
    2221  0.17845E-008
    2222  0.17970E-008
    2223  0.18096E-008
    2224  0.18222E-008
    2225  0.18349E-008
    2226  0.18477E-008
    2227  0.18605E-008
    2228  0.15093E-008
    2229  0.15147E-008
    2230  0.15234E-008
    2231  0.15351E-008
    2232  0.15494E-008
    2233  0.15660E-008
    2234  0.15844E-008
    2235  0.16046E-008
    2236  0.16261E-008
    2237  0.16488E-008
    2238  0.16725E-008
    2239  0.16970E-008
    2240  0.17221E-008
    2241  0.17477E-008
    2242  0.17737E-008
    2243  0.18000E-008
    2244  0.18264E-008
    2245  0.14673E-008
    2246  0.14688E-008
    2247  0.14713E-008
    2248  0.14748E-008
    2249  0.14791E-008
    2250  0.14844E-008
    2251  0.14904E-008
    2252  0.14971E-008
    2253  0.15046E-008
    2254  0.15127E-008
    2255  0.15214E-008
    2256  0.15306E-008
    2257  0.15403E-008
    2258  0.15505E-008
    2259  0.15611E-008
    2260  0.15720E-008
    2261  0.15833E-008
    2262  0.15950E-008
    2263  0.16069E-008
    2264  0.16191E-008
    2265  0.16315E-008
    2266  0.16441E-008
    2267  0.16569E-008
    2268  0.16699E-008
    2269  0.16830E-008
    2270  0.16963E-008
    2271  0.17096E-008
    2272  0.17231E-008
    2273  0.17366E-008
    2274  0.17502E-008
    2275  0.17639E-008
    2276  0.17776E-008
    2277  0.17914E-008
    2278  0.18051E-008
    2279  0.18189E-008
    2280  0.14268E-008
    2281  0.14334E-008
    2282  0.14440E-008
    2283  0.14580E-008
    2284  0.14749E-008
    2285  0.14943E-008
    2286  0.15157E-008
    2287  0.15388E-008
    2288  0.15633E-008
    2289  0.15889E-008
    2290  0.16153E-008
    2291  0.16425E-008
    2292  0.16702E-008
    2293  0.16983E-008
    2294  0.17267E-008
    2295  0.17552E-008
    2296  0.17838E-008
    2297  0.13814E-008
    2298  0.13833E-008
    2299  0.13863E-008
    2300  0.13906E-008
    2301  0.13959E-008
    2302  0.14022E-008
    2303  0.14095E-008
    2304  0.14176E-008
    2305  0.14265E-008
    2306  0.14361E-008
    2307  0.14463E-008
    2308  0.14571E-008
    2309  0.14685E-008
    2310  0.14802E-008
    2311  0.14924E-008
    2312  0.15050E-008
    2313  0.15179E-008
    2314  0.15311E-008
    2315  0.15446E-008
    2316  0.15583E-008
    2317  0.15722E-008
    2318  0.15863E-008
    2319  0.16005E-008
    2320  0.16149E-008
    2321  0.16294E-008
    2322  0.16441E-008
    2323  0.16587E-008
    2324  0.16735E-008
    2325  0.16883E-008
    2326  0.17031E-008
    2327  0.17180E-008
    2328  0.17329E-008
    2329  0.17477E-008
    2330  0.17626E-008
    2331  0.17774E-008
    2332  0.13380E-008
    2333  0.13461E-008
    2334  0.13590E-008
    2335  0.13759E-008
    2336  0.13962E-008
    2337  0.14190E-008
    2338  0.14440E-008
    2339  0.14705E-008
    2340  0.14984E-008
    2341  0.15273E-008
    2342  0.15569E-008
    2343  0.15871E-008
    2344  0.16177E-008
    2345  0.16486E-008
    2346  0.16795E-008
    2347  0.17105E-008
    2348  0.17414E-008
    2349  0.12887E-008
    2350  0.12910E-008
    2351  0.12948E-008
    2352  0.13000E-008
    2353  0.13066E-008
    2354  0.13143E-008
    2355  0.13232E-008
    2356  0.13330E-008
    2357  0.13437E-008
    2358  0.13552E-008
    2359  0.13673E-008
    2360  0.13800E-008
    2361  0.13933E-008
    2362  0.14070E-008
    2363  0.14211E-008
    2364  0.14355E-008
    2365  0.14503E-008
    2366  0.14653E-008
    2367  0.14805E-008
    2368  0.14960E-008
    2369  0.15116E-008
    2370  0.15274E-008
    2371  0.15432E-008
    2372  0.15592E-008
    2373  0.15752E-008
    2374  0.15913E-008
    2375  0.16075E-008
    2376  0.16236E-008
    2377  0.16398E-008
    2378  0.16560E-008
    2379  0.16721E-008
    2380  0.16882E-008
    2381  0.17043E-008
    2382  0.17203E-008
    2383  0.17363E-008
    2384  0.12421E-008
    2385  0.12522E-008
    2386  0.12681E-008
    2387  0.12887E-008
    2388  0.13130E-008
    2389  0.13401E-008
    2390  0.13692E-008
    2391  0.13999E-008
    2392  0.14317E-008
    2393  0.14644E-008
    2394  0.14976E-008
    2395  0.15311E-008
    2396  0.15649E-008
    2397  0.15987E-008
    2398  0.16324E-008
    2399  0.16660E-008
    2400  0.16993E-008
    2401  0.11885E-008
    2402  0.11914E-008
    2403  0.11962E-008
    2404  0.12027E-008
    2405  0.12108E-008
    2406  0.12203E-008
    2407  0.12312E-008
    2408  0.12432E-008
    2409  0.12561E-008
    2410  0.12698E-008
    2411  0.12843E-008
    2412  0.12993E-008
    2413  0.13149E-008
    2414  0.13308E-008
    2415  0.13472E-008
    2416  0.13638E-008
    2417  0.13807E-008
    2418  0.13978E-008
    2419  0.14151E-008
    2420  0.14325E-008
    2421  0.14500E-008
    2422  0.14676E-008
    2423  0.14853E-008
    2424  0.15030E-008
    2425  0.15207E-008
    2426  0.15384E-008
    2427  0.15562E-008
    2428  0.15738E-008
    2429  0.15915E-008
    2430  0.16090E-008
    2431  0.16265E-008
    2432  0.16440E-008
    2433  0.16613E-008
    2434  0.16785E-008
    2435  0.16957E-008
    2436  0.11388E-008
    2437  0.11514E-008
    2438  0.11711E-008
    2439  0.11963E-008
    2440  0.12256E-008
    2441  0.12577E-008
    2442  0.12918E-008
    2443  0.13272E-008
    2444  0.13636E-008
    2445  0.14004E-008
    2446  0.14376E-008
    2447  0.14749E-008
    2448  0.15121E-008
    2449  0.15491E-008
    2450  0.15858E-008
    2451  0.16221E-008
    2452  0.16580E-008
    2453  0.10807E-008
    2454  0.10844E-008
    2455  0.10903E-008
    2456  0.10984E-008
    2457  0.11085E-008
    2458  0.11203E-008
    2459  0.11336E-008
    2460  0.11482E-008
    2461  0.11638E-008
    2462  0.11803E-008
    2463  0.11975E-008
    2464  0.12154E-008
    2465  0.12336E-008
    2466  0.12522E-008
    2467  0.12712E-008
    2468  0.12903E-008
    2469  0.13096E-008
    2470  0.13291E-008
    2471  0.13486E-008
    2472  0.13683E-008
    2473  0.13879E-008
    2474  0.14075E-008
    2475  0.14272E-008
    2476  0.14468E-008
    2477  0.14663E-008
    2478  0.14858E-008
    2479  0.15052E-008
    2480  0.15245E-008
    2481  0.15437E-008
    2482  0.15627E-008
    2483  0.15817E-008
    2484  0.16005E-008
    2485  0.16191E-008
    2486  0.16377E-008
    2487  0.16560E-008
    2488  0.10281E-008
    2489  0.10438E-008
    2490  0.10681E-008
    2491  0.10989E-008
    2492  0.11342E-008
    2493  0.11723E-008
    2494  0.12122E-008
    2495  0.12531E-008
    2496  0.12945E-008
    2497  0.13360E-008
    2498  0.13776E-008
    2499  0.14188E-008
    2500  0.14597E-008
    2501  0.15001E-008
    2502  0.15400E-008
    2503  0.15792E-008
    2504  0.16177E-008
    2505  0.96552E-009
    2506  0.97004E-009
    2507  0.97747E-009
    2508  0.98754E-009
    2509  0.10000E-008
    2510  0.10145E-008
    2511  0.10308E-008
    2512  0.10485E-008
    2513  0.10674E-008
    2514  0.10872E-008
    2515  0.11077E-008
    2516  0.11287E-008
    2517  0.11501E-008
    2518  0.11718E-008
    2519  0.11937E-008
    2520  0.12157E-008
    2521  0.12377E-008
    2522  0.12598E-008
    2523  0.12819E-008
    2524  0.13039E-008
    2525  0.13258E-008
    2526  0.13477E-008
    2527  0.13695E-008
    2528  0.13911E-008
    2529  0.14126E-008
    2530  0.14339E-008
    2531  0.14551E-008
    2532  0.14761E-008
    2533  0.14969E-008
    2534  0.15175E-008
    2535  0.15379E-008
    2536  0.15582E-008
    2537  0.15782E-008
    2538  0.15981E-008
    2539  0.16177E-008
    2540  0.91036E-009
    2541  0.92983E-009
    2542  0.95975E-009
    2543  0.99723E-009
    2544  0.10396E-008
    2545  0.10847E-008
    2546  0.11312E-008
    2547  0.11782E-008
    2548  0.12252E-008
    2549  0.12719E-008
    2550  0.13181E-008
    2551  0.13636E-008
    2552  0.14084E-008
    2553  0.14524E-008
    2554  0.14955E-008
    2555  0.15376E-008
    2556  0.15788E-008
    2557  0.84367E-009
    2558  0.84927E-009
    2559  0.85847E-009
    2560  0.87088E-009
    2561  0.88619E-009
    2562  0.90395E-009
    2563  0.92375E-009
    2564  0.94518E-009
    2565  0.96783E-009
    2566  0.99144E-009
    2567  0.10157E-008
    2568  0.10404E-008
    2569  0.10653E-008
    2570  0.10905E-008
    2571  0.11156E-008
    2572  0.11408E-008
    2573  0.11658E-008
    2574  0.11908E-008
    2575  0.12156E-008
    2576  0.12402E-008
    2577  0.12646E-008
    2578  0.12888E-008
    2579  0.13128E-008
    2580  0.13366E-008
    2581  0.13601E-008
    2582  0.13834E-008
    2583  0.14064E-008
    2584  0.14291E-008
    2585  0.14516E-008
    2586  0.14739E-008
    2587  0.14958E-008
    2588  0.15175E-008
    2589  0.15390E-008
    2590  0.15601E-008
    2591  0.15810E-008
    2592  0.78695E-009
    2593  0.81086E-009
    2594  0.84733E-009
    2595  0.89255E-009
    2596  0.94299E-009
    2597  0.99598E-009
    2598  0.10498E-008
    2599  0.11036E-008
    2600  0.11567E-008
    2601  0.12089E-008
    2602  0.12600E-008
    2603  0.13100E-008
    2604  0.13589E-008
    2605  0.14065E-008
    2606  0.14528E-008
    2607  0.14980E-008
    2608  0.15419E-008
    2609  0.71689E-009
    2610  0.72375E-009
    2611  0.73500E-009
    2612  0.75012E-009
    2613  0.76872E-009
    2614  0.79020E-009
    2615  0.81401E-009
    2616  0.83965E-009
    2617  0.86659E-009
    2618  0.89448E-009
    2619  0.92292E-009
    2620  0.95171E-009
    2621  0.98059E-009
    2622  0.10095E-008
    2623  0.10382E-008
    2624  0.10668E-008
    2625  0.10950E-008
    2626  0.11230E-008
    2627  0.11507E-008
    2628  0.11781E-008
    2629  0.12051E-008
    2630  0.12318E-008
    2631  0.12581E-008
    2632  0.12841E-008
    2633  0.13097E-008
    2634  0.13349E-008
    2635  0.13598E-008
    2636  0.13844E-008
    2637  0.14086E-008
    2638  0.14324E-008
    2639  0.14559E-008
    2640  0.14790E-008
    2641  0.15018E-008
    2642  0.15243E-008
    2643  0.15465E-008
    2644  0.65998E-009
    2645  0.68895E-009
    2646  0.73283E-009
    2647  0.78674E-009
    2648  0.84616E-009
    2649  0.90779E-009
    2650  0.96961E-009
    2651  0.10305E-008
    2652  0.10901E-008
    2653  0.11480E-008
    2654  0.12043E-008
    2655  0.12588E-008
    2656  0.13117E-008
    2657  0.13630E-008
    2658  0.14127E-008
    2659  0.14608E-008
    2660  0.15074E-008
    2661  0.58786E-009
    2662  0.59612E-009
    2663  0.60966E-009
    2664  0.62780E-009
    2665  0.65005E-009
    2666  0.67565E-009
    2667  0.70391E-009
    2668  0.73418E-009
    2669  0.76580E-009
    2670  0.79835E-009
    2671  0.83133E-009
    2672  0.86452E-009
    2673  0.89760E-009
    2674  0.93048E-009
    2675  0.96299E-009
    2676  0.99511E-009
    2677  0.10268E-008
    2678  0.10579E-008
    2679  0.10886E-008
    2680  0.11188E-008
    2681  0.11484E-008
    2682  0.11776E-008
    2683  0.12063E-008
    2684  0.12344E-008
    2685  0.12621E-008
    2686  0.12894E-008
    2687  0.13161E-008
    2688  0.13424E-008
    2689  0.13683E-008
    2690  0.13937E-008
    2691  0.14187E-008
    2692  0.14432E-008
    2693  0.14674E-008
    2694  0.14912E-008
    2695  0.15145E-008
    2696  0.53262E-009
    2697  0.56711E-009
    2698  0.61905E-009
    2699  0.68232E-009
    2700  0.75136E-009
    2701  0.82216E-009
    2702  0.89232E-009
    2703  0.96068E-009
    2704  0.10268E-008
    2705  0.10905E-008
    2706  0.11519E-008
    2707  0.12110E-008
    2708  0.12679E-008
    2709  0.13227E-008
    2710  0.13756E-008
    2711  0.14265E-008
    2712  0.14757E-008
    2713  0.46031E-009
    2714  0.47007E-009
    2715  0.48604E-009
    2716  0.50741E-009
    2717  0.53355E-009
    2718  0.56352E-009
    2719  0.59647E-009
    2720  0.63162E-009
    2721  0.66816E-009
    2722  0.70558E-009
    2723  0.74329E-009
    2724  0.78103E-009
    2725  0.81843E-009
    2726  0.85540E-009
    2727  0.89176E-009
    2728  0.92749E-009
    2729  0.96252E-009
    2730  0.99687E-009
    2731  0.10305E-008
    2732  0.10635E-008
    2733  0.10957E-008
    2734  0.11273E-008
    2735  0.11583E-008
    2736  0.11886E-008
    2737  0.12184E-008
    2738  0.12475E-008
    2739  0.12760E-008
    2740  0.13040E-008
    2741  0.13315E-008
    2742  0.13584E-008
    2743  0.13848E-008
    2744  0.14107E-008
    2745  0.14361E-008
    2746  0.14611E-008
    2747  0.14856E-008
    2748  0.40903E-009
    2749  0.44925E-009
    2750  0.50955E-009
    2751  0.58249E-009
    2752  0.66138E-009
    2753  0.74146E-009
    2754  0.82001E-009
    2755  0.89577E-009
    2756  0.96835E-009
    2757  0.10377E-008
    2758  0.11040E-008
    2759  0.11675E-008
    2760  0.12282E-008
    2761  0.12864E-008
    2762  0.13422E-008
    2763  0.13959E-008
    2764  0.14474E-008
    2765  0.33888E-009
    2766  0.35016E-009
    2767  0.36861E-009
    2768  0.39325E-009
    2769  0.42331E-009
    2770  0.45770E-009
    2771  0.49537E-009
    2772  0.53542E-009
    2773  0.57688E-009
    2774  0.61916E-009
    2775  0.66156E-009
    2776  0.70379E-009
    2777  0.74544E-009
    2778  0.78642E-009
    2779  0.82652E-009
    2780  0.86575E-009
    2781  0.90405E-009
    2782  0.94144E-009
    2783  0.97791E-009
    2784  0.10135E-008
    2785  0.10483E-008
    2786  0.10822E-008
    2787  0.11153E-008
    2788  0.11477E-008
    2789  0.11793E-008
    2790  0.12102E-008
    2791  0.12404E-008
    2792  0.12699E-008
    2793  0.12989E-008
    2794  0.13272E-008
    2795  0.13549E-008
    2796  0.13820E-008
    2797  0.14086E-008
    2798  0.14347E-008
    2799  0.14602E-008
    2800  0.29413E-009
    2801  0.34001E-009
    2802  0.40851E-009
    2803  0.49089E-009
    2804  0.57933E-009
    2805  0.66837E-009
    2806  0.75492E-009
    2807  0.83769E-009
    2808  0.91634E-009
    2809  0.99099E-009
    2810  0.10619E-008
    2811  0.11293E-008
    2812  0.11935E-008
    2813  0.12547E-008
    2814  0.13133E-008
    2815  0.13693E-008
    2816  0.14229E-008
    2817  0.22889E-009
    2818  0.24162E-009
    2819  0.26243E-009
    2820  0.29018E-009
    2821  0.32398E-009
    2822  0.36255E-009
    2823  0.40470E-009
    2824  0.44938E-009
    2825  0.49547E-009
    2826  0.54231E-009
    2827  0.58910E-009
    2828  0.63553E-009
    2829  0.68113E-009
    2830  0.72581E-009
    2831  0.76937E-009
    2832  0.81182E-009
    2833  0.85310E-009
    2834  0.89326E-009
    2835  0.93231E-009
    2836  0.97030E-009
    2837  0.10073E-008
    2838  0.10433E-008
    2839  0.10783E-008
    2840  0.11125E-008
    2841  0.11458E-008
    2842  0.11783E-008
    2843  0.12100E-008
    2844  0.12409E-008
    2845  0.12711E-008
    2846  0.13006E-008
    2847  0.13295E-008
    2848  0.13577E-008
    2849  0.13853E-008
    2850  0.14123E-008
    2851  0.14387E-008
    2852  0.19333E-009
    2853  0.24439E-009
    2854  0.32040E-009
    2855  0.41139E-009
    2856  0.50851E-009
    2857  0.60562E-009
    2858  0.69936E-009
    2859  0.78836E-009
    2860  0.87238E-009
    2861  0.95164E-009
    2862  0.10265E-008
    2863  0.10974E-008
    2864  0.11646E-008
    2865  0.12285E-008
    2866  0.12893E-008
    2867  0.13473E-008
    2868  0.14028E-008
    2869  0.13588E-009
    2870  0.14988E-009
    2871  0.17276E-009
    2872  0.20325E-009
    2873  0.24033E-009
    2874  0.28257E-009
    2875  0.32864E-009
    2876  0.37737E-009
    2877  0.42750E-009
    2878  0.47831E-009
    2879  0.52890E-009
    2880  0.57896E-009
    2881  0.62796E-009
    2882  0.67583E-009
    2883  0.72234E-009
    2884  0.76754E-009
    2885  0.81136E-009
    2886  0.85388E-009
    2887  0.89511E-009
    2888  0.93512E-009
    2889  0.97396E-009
    2890  0.10117E-008
    2891  0.10484E-008
    2892  0.10840E-008
    2893  0.11187E-008
    2894  0.11525E-008
    2895  0.11854E-008
    2896  0.12175E-008
    2897  0.12488E-008
    2898  0.12793E-008
    2899  0.13091E-008
    2900  0.13382E-008
    2901  0.13666E-008
    2902  0.13944E-008
    2903  0.14216E-008
    2904  0.11196E-009
    2905  0.16735E-009
    2906  0.24962E-009
    2907  0.34777E-009
    2908  0.45208E-009
    2909  0.55585E-009
    2910  0.65547E-009
    2911  0.74955E-009
    2912  0.83792E-009
    2913  0.92090E-009
    2914  0.99896E-009
    2915  0.10726E-008
    2916  0.11422E-008
    2917  0.12081E-008
    2918  0.12708E-008
    2919  0.13304E-008
    2920  0.13873E-008
    2921  0.65039E-010
    2922  0.80047E-010
    2923  0.10455E-009
    2924  0.13718E-009
    2925  0.17682E-009
    2926  0.22194E-009
    2927  0.27108E-009
    2928  0.32295E-009
    2929  0.37623E-009
    2930  0.43012E-009
    2931  0.48367E-009
    2932  0.53653E-009
    2933  0.58816E-009
    2934  0.63848E-009
    2935  0.68727E-009
    2936  0.73457E-009
    2937  0.78034E-009
    2938  0.82465E-009
    2939  0.86754E-009
    2940  0.90909E-009
    2941  0.94935E-009
    2942  0.98840E-009
    2943  0.10263E-008
    2944  0.10631E-008
    2945  0.10988E-008
    2946  0.11336E-008
    2947  0.11674E-008
    2948  0.12004E-008
    2949  0.12325E-008
    2950  0.12637E-008
    2951  0.12942E-008
    2952  0.13240E-008
    2953  0.13530E-008
    2954  0.13814E-008
    2955  0.14091E-008
    2956  0.54726E-010
    2957  0.11324E-009
    2958  0.20001E-009
    2959  0.30330E-009
    2960  0.41276E-009
    2961  0.52127E-009
    2962  0.62508E-009
    2963  0.72277E-009
    2964  0.81420E-009
    2965  0.89980E-009
    2966  0.98010E-009
    2967  0.10556E-008
    2968  0.11269E-008
    2969  0.11943E-008
    2970  0.12582E-008
    2971  0.13189E-008
    2972  0.13768E-008
    2973  0.20653E-010
    2974  0.36301E-010
    2975  0.61843E-010
    2976  0.95836E-010
    2977  0.13712E-009
    2978  0.18407E-009
    2979  0.23515E-009
    2980  0.28904E-009
    2981  0.34431E-009
    2982  0.40017E-009
    2983  0.45559E-009
    2984  0.51023E-009
    2985  0.56352E-009
    2986  0.61539E-009
    2987  0.66561E-009
    2988  0.71423E-009
    2989  0.76122E-009
    2990  0.80666E-009
    2991  0.85059E-009
    2992  0.89310E-009
    2993  0.93424E-009
    2994  0.97411E-009
    2995  0.10128E-008
    2996  0.10503E-008
    2997  0.10867E-008
    2998  0.11221E-008
    2999  0.11565E-008
    3000  0.11899E-008
    3001  0.12225E-008
    3002  0.12542E-008
    3003  0.12851E-008
    3004  0.13153E-008
    3005  0.13447E-008
    3006  0.13734E-008
    3007  0.14015E-008
    3008  0.25166E-010
    3009  0.85316E-010
    3010  0.17444E-009
    3011  0.28042E-009
    3012  0.39256E-009
    3013  0.50355E-009
    3014  0.60954E-009
    3015  0.70909E-009
    3016  0.80211E-009
    3017  0.88906E-009
    3018  0.97051E-009
    3019  0.10470E-008
    3020  0.11191E-008
    3021  0.11873E-008
    3022  0.12518E-008
    3023  0.13131E-008
    3024  0.13715E-008
