       1  0.33905E-008
      20  0.22638E-009
      21  0.22668E-009
      22  0.22786E-009
      23  0.22966E-009
      24  0.23223E-009
      25  0.23551E-009
      26  0.23960E-009
      27  0.24430E-009
      28  0.24977E-009
      29  0.25595E-009
      30  0.26288E-009
      31  0.27045E-009
      32  0.27870E-009
      33  0.28765E-009
      34  0.29731E-009
      35  0.30757E-009
      36  0.31852E-009
      37  0.33015E-009
      38  0.34246E-009
      39  0.35533E-009
      40  0.36886E-009
      41  0.38301E-009
      42  0.39779E-009
      43  0.41309E-009
      44  0.42898E-009
      45  0.44547E-009
      46  0.46254E-009
      47  0.48008E-009
      48  0.49814E-009
      49  0.51674E-009
      50  0.53585E-009
      51  0.55540E-009
      52  0.57542E-009
      53  0.59593E-009
      54  0.61689E-009
      55  0.63825E-009
      56  0.66001E-009
      57  0.68218E-009
      58  0.70476E-009
      59  0.72767E-009
      60  0.75093E-009
      61  0.77454E-009
      62  0.79849E-009
      63  0.82271E-009
      64  0.84722E-009
      65  0.87203E-009
      66  0.89714E-009
      67  0.92248E-009
      68  0.94803E-009
      69  0.97383E-009
      70  0.99985E-009
      71  0.10261E-008
      72  0.10524E-008
      73  0.10790E-008
      74  0.11057E-008
      75  0.11326E-008
      76  0.11596E-008
      77  0.11867E-008
      78  0.12140E-008
      79  0.12413E-008
      80  0.12687E-008
      81  0.12962E-008
      82  0.13238E-008
      83  0.13515E-008
      84  0.13791E-008
      85  0.14069E-008
      86  0.14346E-008
      87  0.14624E-008
      88  0.14902E-008
      89  0.15180E-008
      90  0.15458E-008
      91  0.15736E-008
      92  0.16014E-008
      93  0.16291E-008
      94  0.16568E-008
      95  0.16845E-008
      96  0.17121E-008
      97  0.17397E-008
      98  0.17673E-008
      99  0.17948E-008
     100  0.18222E-008
     101  0.18496E-008
     102  0.18769E-008
     103  0.19041E-008
     104  0.19312E-008
     105  0.19583E-008
     106  0.19853E-008
     107  0.20122E-008
     108  0.20390E-008
     109  0.20657E-008
     110  0.20923E-008
     111  0.21188E-008
     112  0.21453E-008
     113  0.21716E-008
     114  0.21979E-008
     115  0.22240E-008
     116  0.22500E-008
     117  0.22760E-008
     118  0.23018E-008
     119  0.23276E-008
     120  0.23532E-008
     121  0.23787E-008
     122  0.24042E-008
     123  0.24295E-008
     124  0.24547E-008
     125  0.24798E-008
     126  0.25048E-008
     127  0.25297E-008
     128  0.25545E-008
     129  0.25792E-008
     130  0.26038E-008
     131  0.26283E-008
     132  0.26528E-008
     133  0.26771E-008
     134  0.27013E-008
     135  0.27254E-008
     136  0.27494E-008
     137  0.27734E-008
     138  0.27972E-008
     139  0.28210E-008
     140  0.28446E-008
     141  0.28682E-008
     142  0.28917E-008
     143  0.29151E-008
     144  0.29385E-008
     145  0.29617E-008
     146  0.29849E-008
     147  0.30080E-008
     148  0.30310E-008
     149  0.30539E-008
     150  0.30768E-008
     151  0.30996E-008
     152  0.31223E-008
     153  0.31450E-008
     154  0.31676E-008
     155  0.31901E-008
     156  0.32126E-008
     157  0.32350E-008
     158  0.32574E-008
     159  0.32797E-008
     160  0.33020E-008
     161  0.33242E-008
     162  0.33463E-008
     163  0.33684E-008
    2253   0.0000     
    2271  0.33875E-008
    2272  0.42940E-012
    2273  0.17167E-011
    2274  0.38613E-011
    2275  0.68605E-011
    2276  0.10712E-010
    2277  0.15411E-010
    2278  0.20954E-010
    2279  0.27334E-010
    2280  0.34546E-010
    2281  0.42582E-010
    2282  0.51434E-010
    2283  0.61093E-010
    2284  0.71551E-010
    2285  0.82795E-010
    2286  0.94817E-010
    2287  0.10760E-009
    2288  0.12115E-009
    2289  0.13543E-009
    2290  0.15044E-009
    2291  0.16616E-009
    2292  0.18259E-009
    2293  0.19969E-009
    2294  0.21747E-009
    2295  0.23589E-009
    2296  0.25495E-009
    2297  0.27463E-009
    2298  0.29491E-009
    2299  0.31577E-009
    2300  0.33720E-009
    2301  0.35917E-009
    2302  0.38168E-009
    2303  0.40470E-009
    2304  0.42822E-009
    2305  0.45221E-009
    2306  0.47667E-009
    2307  0.50156E-009
    2308  0.52686E-009
    2309  0.55257E-009
    2310  0.57867E-009
    2311  0.60512E-009
    2312  0.63192E-009
    2313  0.65905E-009
    2314  0.68649E-009
    2315  0.71422E-009
    2316  0.74222E-009
    2317  0.77047E-009
    2318  0.79897E-009
    2319  0.82769E-009
    2320  0.85661E-009
    2321  0.88572E-009
    2322  0.91500E-009
    2323  0.94444E-009
    2324  0.97402E-009
    2325  0.10037E-008
    2326  0.10335E-008
    2327  0.10635E-008
    2328  0.10935E-008
    2329  0.11235E-008
    2330  0.11537E-008
    2331  0.11838E-008
    2332  0.12140E-008
    2333  0.12443E-008
    2334  0.12745E-008
    2335  0.13047E-008
    2336  0.13349E-008
    2337  0.13651E-008
    2338  0.13953E-008
    2339  0.14255E-008
    2340  0.14555E-008
    2341  0.14856E-008
    2342  0.15155E-008
    2343  0.15454E-008
    2344  0.15752E-008
    2345  0.16050E-008
    2346  0.16346E-008
    2347  0.16642E-008
    2348  0.16936E-008
    2349  0.17229E-008
    2350  0.17522E-008
    2351  0.17813E-008
    2352  0.18103E-008
    2353  0.18392E-008
    2354  0.18679E-008
    2355  0.18965E-008
    2356  0.19250E-008
    2357  0.19534E-008
    2358  0.19816E-008
    2359  0.20097E-008
    2360  0.20377E-008
    2361  0.20655E-008
    2362  0.20932E-008
    2363  0.21207E-008
    2364  0.21481E-008
    2365  0.21754E-008
    2366  0.22025E-008
    2367  0.22295E-008
    2368  0.22563E-008
    2369  0.22830E-008
    2370  0.23096E-008
    2371  0.23360E-008
    2372  0.23623E-008
    2373  0.23885E-008
    2374  0.24145E-008
    2375  0.24404E-008
    2376  0.24661E-008
    2377  0.24917E-008
    2378  0.25172E-008
    2379  0.25426E-008
    2380  0.25678E-008
    2381  0.25929E-008
    2382  0.26179E-008
    2383  0.26428E-008
    2384  0.26675E-008
    2385  0.26921E-008
    2386  0.27167E-008
    2387  0.27411E-008
    2388  0.27654E-008
    2389  0.27895E-008
    2390  0.28136E-008
    2391  0.28376E-008
    2392  0.28614E-008
    2393  0.28852E-008
    2394  0.29089E-008
    2395  0.29325E-008
    2396  0.29559E-008
    2397  0.29793E-008
    2398  0.30026E-008
    2399  0.30259E-008
    2400  0.30490E-008
    2401  0.30720E-008
    2402  0.30950E-008
    2403  0.31179E-008
    2404  0.31407E-008
    2405  0.31635E-008
    2406  0.31861E-008
    2407  0.32087E-008
    2408  0.32313E-008
    2409  0.32538E-008
    2410  0.32762E-008
    2411  0.32985E-008
    2412  0.33208E-008
    2413  0.33431E-008
    2414  0.33653E-008
    7994  0.21964E-009
    7995  0.21289E-009
    7996  0.20614E-009
    7997  0.19938E-009
    7998  0.19258E-009
    7999  0.18575E-009
    8000  0.17891E-009
    8001  0.17204E-009
    8002  0.16514E-009
    8003  0.15821E-009
    8004  0.15126E-009
    8005  0.14428E-009
    8006  0.13728E-009
    8007  0.13025E-009
    8008  0.12319E-009
    8009  0.11611E-009
    8010  0.10900E-009
    8011  0.10186E-009
    8012  0.94696E-010
    8013  0.87511E-010
    8014  0.80305E-010
    8015  0.73093E-010
    8016  0.65877E-010
    8017  0.58688E-010
    8018  0.51544E-010
    8019  0.44503E-010
    8020  0.37607E-010
    8021  0.30951E-010
    8022  0.24616E-010
    8023  0.18731E-010
    8024  0.13420E-010
    8025  0.88189E-011
    8026  0.50743E-011
    8027  0.22878E-011
    8028  0.58789E-012
    8029  0.33875E-008
    8030  0.33875E-008
    8031  0.33875E-008
    8032  0.33875E-008
    8033  0.33875E-008
    8034  0.33876E-008
    8035  0.33876E-008
    8036  0.33876E-008
    8037  0.33877E-008
    8038  0.33877E-008
    8039  0.33878E-008
    8040  0.33878E-008
    8041  0.33879E-008
    8042  0.33880E-008
    8043  0.33880E-008
    8044  0.33881E-008
    8045  0.33882E-008
    8046  0.33883E-008
    8047  0.33884E-008
    8048  0.33885E-008
    8049  0.33886E-008
    8050  0.33887E-008
    8051  0.33888E-008
    8052  0.33889E-008
    8053  0.33890E-008
    8054  0.33891E-008
    8055  0.33892E-008
    8056  0.33893E-008
    8057  0.33895E-008
    8058  0.33896E-008
    8059  0.33897E-008
    8060  0.33899E-008
    8061  0.33900E-008
    8062  0.33902E-008
    8063  0.33903E-008
    8064  0.33653E-008
    8065  0.33654E-008
    8066  0.33654E-008
    8067  0.33655E-008
    8068  0.33656E-008
    8069  0.33657E-008
    8070  0.33658E-008
    8071  0.33660E-008
    8072  0.33662E-008
    8073  0.33664E-008
    8074  0.33666E-008
    8075  0.33668E-008
    8076  0.33670E-008
    8077  0.33673E-008
    8078  0.33675E-008
    8079  0.33678E-008
    8080  0.33681E-008
    8081  0.33431E-008
    8082  0.33431E-008
    8083  0.33431E-008
    8084  0.33432E-008
    8085  0.33432E-008
    8086  0.33432E-008
    8087  0.33433E-008
    8088  0.33433E-008
    8089  0.33434E-008
    8090  0.33434E-008
    8091  0.33435E-008
    8092  0.33435E-008
    8093  0.33436E-008
    8094  0.33437E-008
    8095  0.33437E-008
    8096  0.33438E-008
    8097  0.33439E-008
    8098  0.33440E-008
    8099  0.33441E-008
    8100  0.33442E-008
    8101  0.33443E-008
    8102  0.33444E-008
    8103  0.33445E-008
    8104  0.33446E-008
    8105  0.33447E-008
    8106  0.33449E-008
    8107  0.33450E-008
    8108  0.33451E-008
    8109  0.33453E-008
    8110  0.33454E-008
    8111  0.33455E-008
    8112  0.33457E-008
    8113  0.33458E-008
    8114  0.33460E-008
    8115  0.33462E-008
    8116  0.33209E-008
    8117  0.33209E-008
    8118  0.33210E-008
    8119  0.33211E-008
    8120  0.33212E-008
    8121  0.33213E-008
    8122  0.33214E-008
    8123  0.33216E-008
    8124  0.33218E-008
    8125  0.33220E-008
    8126  0.33222E-008
    8127  0.33224E-008
    8128  0.33227E-008
    8129  0.33229E-008
    8130  0.33232E-008
    8131  0.33235E-008
    8132  0.33238E-008
    8133  0.32985E-008
    8134  0.32986E-008
    8135  0.32986E-008
    8136  0.32986E-008
    8137  0.32986E-008
    8138  0.32987E-008
    8139  0.32987E-008
    8140  0.32988E-008
    8141  0.32988E-008
    8142  0.32989E-008
    8143  0.32989E-008
    8144  0.32990E-008
    8145  0.32991E-008
    8146  0.32992E-008
    8147  0.32992E-008
    8148  0.32993E-008
    8149  0.32994E-008
    8150  0.32995E-008
    8151  0.32996E-008
    8152  0.32997E-008
    8153  0.32998E-008
    8154  0.33000E-008
    8155  0.33001E-008
    8156  0.33002E-008
    8157  0.33003E-008
    8158  0.33004E-008
    8159  0.33006E-008
    8160  0.33007E-008
    8161  0.33009E-008
    8162  0.33010E-008
    8163  0.33012E-008
    8164  0.33013E-008
    8165  0.33015E-008
    8166  0.33016E-008
    8167  0.33018E-008
    8168  0.32762E-008
    8169  0.32762E-008
    8170  0.32763E-008
    8171  0.32764E-008
    8172  0.32765E-008
    8173  0.32767E-008
    8174  0.32768E-008
    8175  0.32770E-008
    8176  0.32772E-008
    8177  0.32774E-008
    8178  0.32776E-008
    8179  0.32779E-008
    8180  0.32782E-008
    8181  0.32784E-008
    8182  0.32787E-008
    8183  0.32790E-008
    8184  0.32794E-008
    8185  0.32538E-008
    8186  0.32538E-008
    8187  0.32538E-008
    8188  0.32538E-008
    8189  0.32539E-008
    8190  0.32539E-008
    8191  0.32540E-008
    8192  0.32540E-008
    8193  0.32541E-008
    8194  0.32541E-008
    8195  0.32542E-008
    8196  0.32543E-008
    8197  0.32544E-008
    8198  0.32544E-008
    8199  0.32545E-008
    8200  0.32546E-008
    8201  0.32547E-008
    8202  0.32548E-008
    8203  0.32549E-008
    8204  0.32550E-008
    8205  0.32552E-008
    8206  0.32553E-008
    8207  0.32554E-008
    8208  0.32555E-008
    8209  0.32557E-008
    8210  0.32558E-008
    8211  0.32559E-008
    8212  0.32561E-008
    8213  0.32562E-008
    8214  0.32564E-008
    8215  0.32566E-008
    8216  0.32567E-008
    8217  0.32569E-008
    8218  0.32571E-008
    8219  0.32572E-008
    8220  0.32313E-008
    8221  0.32313E-008
    8222  0.32314E-008
    8223  0.32315E-008
    8224  0.32317E-008
    8225  0.32318E-008
    8226  0.32320E-008
    8227  0.32322E-008
    8228  0.32324E-008
    8229  0.32326E-008
    8230  0.32329E-008
    8231  0.32331E-008
    8232  0.32334E-008
    8233  0.32337E-008
    8234  0.32340E-008
    8235  0.32343E-008
    8236  0.32347E-008
    8237  0.32087E-008
    8238  0.32088E-008
    8239  0.32088E-008
    8240  0.32088E-008
    8241  0.32088E-008
    8242  0.32089E-008
    8243  0.32089E-008
    8244  0.32090E-008
    8245  0.32091E-008
    8246  0.32091E-008
    8247  0.32092E-008
    8248  0.32093E-008
    8249  0.32094E-008
    8250  0.32095E-008
    8251  0.32096E-008
    8252  0.32097E-008
    8253  0.32098E-008
    8254  0.32099E-008
    8255  0.32100E-008
    8256  0.32101E-008
    8257  0.32103E-008
    8258  0.32104E-008
    8259  0.32105E-008
    8260  0.32106E-008
    8261  0.32108E-008
    8262  0.32109E-008
    8263  0.32111E-008
    8264  0.32112E-008
    8265  0.32114E-008
    8266  0.32116E-008
    8267  0.32117E-008
    8268  0.32119E-008
    8269  0.32121E-008
    8270  0.32123E-008
    8271  0.32124E-008
    8272  0.31862E-008
    8273  0.31862E-008
    8274  0.31863E-008
    8275  0.31864E-008
    8276  0.31866E-008
    8277  0.31867E-008
    8278  0.31869E-008
    8279  0.31871E-008
    8280  0.31873E-008
    8281  0.31876E-008
    8282  0.31878E-008
    8283  0.31881E-008
    8284  0.31884E-008
    8285  0.31887E-008
    8286  0.31891E-008
    8287  0.31894E-008
    8288  0.31898E-008
    8289  0.31635E-008
    8290  0.31635E-008
    8291  0.31635E-008
    8292  0.31635E-008
    8293  0.31636E-008
    8294  0.31636E-008
    8295  0.31637E-008
    8296  0.31638E-008
    8297  0.31638E-008
    8298  0.31639E-008
    8299  0.31640E-008
    8300  0.31641E-008
    8301  0.31642E-008
    8302  0.31643E-008
    8303  0.31644E-008
    8304  0.31645E-008
    8305  0.31646E-008
    8306  0.31647E-008
    8307  0.31648E-008
    8308  0.31650E-008
    8309  0.31651E-008
    8310  0.31652E-008
    8311  0.31654E-008
    8312  0.31655E-008
    8313  0.31657E-008
    8314  0.31658E-008
    8315  0.31660E-008
    8316  0.31661E-008
    8317  0.31663E-008
    8318  0.31665E-008
    8319  0.31667E-008
    8320  0.31668E-008
    8321  0.31670E-008
    8322  0.31672E-008
    8323  0.31674E-008
    8324  0.31407E-008
    8325  0.31408E-008
    8326  0.31409E-008
    8327  0.31410E-008
    8328  0.31412E-008
    8329  0.31414E-008
    8330  0.31416E-008
    8331  0.31418E-008
    8332  0.31420E-008
    8333  0.31423E-008
    8334  0.31426E-008
    8335  0.31429E-008
    8336  0.31432E-008
    8337  0.31435E-008
    8338  0.31438E-008
    8339  0.31442E-008
    8340  0.31446E-008
    8341  0.31179E-008
    8342  0.31179E-008
    8343  0.31179E-008
    8344  0.31180E-008
    8345  0.31180E-008
    8346  0.31181E-008
    8347  0.31182E-008
    8348  0.31182E-008
    8349  0.31183E-008
    8350  0.31184E-008
    8351  0.31185E-008
    8352  0.31186E-008
    8353  0.31187E-008
    8354  0.31188E-008
    8355  0.31189E-008
    8356  0.31190E-008
    8357  0.31191E-008
    8358  0.31193E-008
    8359  0.31194E-008
    8360  0.31195E-008
    8361  0.31197E-008
    8362  0.31198E-008
    8363  0.31200E-008
    8364  0.31201E-008
    8365  0.31203E-008
    8366  0.31204E-008
    8367  0.31206E-008
    8368  0.31208E-008
    8369  0.31210E-008
    8370  0.31211E-008
    8371  0.31213E-008
    8372  0.31215E-008
    8373  0.31217E-008
    8374  0.31219E-008
    8375  0.31221E-008
    8376  0.30950E-008
    8377  0.30951E-008
    8378  0.30952E-008
    8379  0.30953E-008
    8380  0.30955E-008
    8381  0.30957E-008
    8382  0.30959E-008
    8383  0.30962E-008
    8384  0.30964E-008
    8385  0.30967E-008
    8386  0.30970E-008
    8387  0.30973E-008
    8388  0.30977E-008
    8389  0.30980E-008
    8390  0.30984E-008
    8391  0.30988E-008
    8392  0.30992E-008
    8393  0.30720E-008
    8394  0.30721E-008
    8395  0.30721E-008
    8396  0.30721E-008
    8397  0.30722E-008
    8398  0.30722E-008
    8399  0.30723E-008
    8400  0.30724E-008
    8401  0.30725E-008
    8402  0.30726E-008
    8403  0.30727E-008
    8404  0.30728E-008
    8405  0.30729E-008
    8406  0.30730E-008
    8407  0.30731E-008
    8408  0.30733E-008
    8409  0.30734E-008
    8410  0.30735E-008
    8411  0.30737E-008
    8412  0.30738E-008
    8413  0.30740E-008
    8414  0.30741E-008
    8415  0.30743E-008
    8416  0.30744E-008
    8417  0.30746E-008
    8418  0.30748E-008
    8419  0.30750E-008
    8420  0.30752E-008
    8421  0.30753E-008
    8422  0.30755E-008
    8423  0.30757E-008
    8424  0.30759E-008
    8425  0.30762E-008
    8426  0.30764E-008
    8427  0.30766E-008
    8428  0.30490E-008
    8429  0.30491E-008
    8430  0.30492E-008
    8431  0.30494E-008
    8432  0.30496E-008
    8433  0.30498E-008
    8434  0.30500E-008
    8435  0.30503E-008
    8436  0.30505E-008
    8437  0.30508E-008
    8438  0.30512E-008
    8439  0.30515E-008
    8440  0.30519E-008
    8441  0.30522E-008
    8442  0.30526E-008
    8443  0.30530E-008
    8444  0.30535E-008
    8445  0.30259E-008
    8446  0.30259E-008
    8447  0.30259E-008
    8448  0.30260E-008
    8449  0.30260E-008
    8450  0.30261E-008
    8451  0.30262E-008
    8452  0.30263E-008
    8453  0.30263E-008
    8454  0.30265E-008
    8455  0.30266E-008
    8456  0.30267E-008
    8457  0.30268E-008
    8458  0.30269E-008
    8459  0.30271E-008
    8460  0.30272E-008
    8461  0.30273E-008
    8462  0.30275E-008
    8463  0.30276E-008
    8464  0.30278E-008
    8465  0.30280E-008
    8466  0.30281E-008
    8467  0.30283E-008
    8468  0.30285E-008
    8469  0.30287E-008
    8470  0.30288E-008
    8471  0.30290E-008
    8472  0.30292E-008
    8473  0.30294E-008
    8474  0.30296E-008
    8475  0.30299E-008
    8476  0.30301E-008
    8477  0.30303E-008
    8478  0.30305E-008
    8479  0.30308E-008
    8480  0.30027E-008
    8481  0.30028E-008
    8482  0.30029E-008
    8483  0.30031E-008
    8484  0.30033E-008
    8485  0.30035E-008
    8486  0.30038E-008
    8487  0.30040E-008
    8488  0.30043E-008
    8489  0.30047E-008
    8490  0.30050E-008
    8491  0.30054E-008
    8492  0.30058E-008
    8493  0.30062E-008
    8494  0.30066E-008
    8495  0.30070E-008
    8496  0.30075E-008
    8497  0.29793E-008
    8498  0.29794E-008
    8499  0.29794E-008
    8500  0.29795E-008
    8501  0.29795E-008
    8502  0.29796E-008
    8503  0.29797E-008
    8504  0.29798E-008
    8505  0.29799E-008
    8506  0.29800E-008
    8507  0.29801E-008
    8508  0.29802E-008
    8509  0.29804E-008
    8510  0.29805E-008
    8511  0.29807E-008
    8512  0.29808E-008
    8513  0.29810E-008
    8514  0.29811E-008
    8515  0.29813E-008
    8516  0.29815E-008
    8517  0.29816E-008
    8518  0.29818E-008
    8519  0.29820E-008
    8520  0.29822E-008
    8521  0.29824E-008
    8522  0.29826E-008
    8523  0.29828E-008
    8524  0.29830E-008
    8525  0.29832E-008
    8526  0.29834E-008
    8527  0.29837E-008
    8528  0.29839E-008
    8529  0.29841E-008
    8530  0.29844E-008
    8531  0.29846E-008
    8532  0.29560E-008
    8533  0.29561E-008
    8534  0.29562E-008
    8535  0.29564E-008
    8536  0.29566E-008
    8537  0.29569E-008
    8538  0.29572E-008
    8539  0.29575E-008
    8540  0.29578E-008
    8541  0.29582E-008
    8542  0.29585E-008
    8543  0.29589E-008
    8544  0.29593E-008
    8545  0.29598E-008
    8546  0.29602E-008
    8547  0.29607E-008
    8548  0.29612E-008
    8549  0.29325E-008
    8550  0.29325E-008
    8551  0.29325E-008
    8552  0.29326E-008
    8553  0.29327E-008
    8554  0.29328E-008
    8555  0.29329E-008
    8556  0.29330E-008
    8557  0.29331E-008
    8558  0.29332E-008
    8559  0.29333E-008
    8560  0.29335E-008
    8561  0.29336E-008
    8562  0.29338E-008
    8563  0.29339E-008
    8564  0.29341E-008
    8565  0.29343E-008
    8566  0.29344E-008
    8567  0.29346E-008
    8568  0.29348E-008
    8569  0.29350E-008
    8570  0.29352E-008
    8571  0.29354E-008
    8572  0.29356E-008
    8573  0.29358E-008
    8574  0.29360E-008
    8575  0.29362E-008
    8576  0.29365E-008
    8577  0.29367E-008
    8578  0.29369E-008
    8579  0.29372E-008
    8580  0.29374E-008
    8581  0.29377E-008
    8582  0.29379E-008
    8583  0.29382E-008
    8584  0.29089E-008
    8585  0.29090E-008
    8586  0.29092E-008
    8587  0.29094E-008
    8588  0.29097E-008
    8589  0.29099E-008
    8590  0.29103E-008
    8591  0.29106E-008
    8592  0.29109E-008
    8593  0.29113E-008
    8594  0.29117E-008
    8595  0.29122E-008
    8596  0.29126E-008
    8597  0.29131E-008
    8598  0.29135E-008
    8599  0.29141E-008
    8600  0.29146E-008
    8601  0.28852E-008
    8602  0.28853E-008
    8603  0.28853E-008
    8604  0.28854E-008
    8605  0.28854E-008
    8606  0.28855E-008
    8607  0.28856E-008
    8608  0.28858E-008
    8609  0.28859E-008
    8610  0.28860E-008
    8611  0.28862E-008
    8612  0.28863E-008
    8613  0.28865E-008
    8614  0.28867E-008
    8615  0.28868E-008
    8616  0.28870E-008
    8617  0.28872E-008
    8618  0.28874E-008
    8619  0.28876E-008
    8620  0.28878E-008
    8621  0.28880E-008
    8622  0.28882E-008
    8623  0.28884E-008
    8624  0.28886E-008
    8625  0.28889E-008
    8626  0.28891E-008
    8627  0.28893E-008
    8628  0.28896E-008
    8629  0.28898E-008
    8630  0.28901E-008
    8631  0.28903E-008
    8632  0.28906E-008
    8633  0.28909E-008
    8634  0.28912E-008
    8635  0.28914E-008
    8636  0.28615E-008
    8637  0.28616E-008
    8638  0.28618E-008
    8639  0.28620E-008
    8640  0.28623E-008
    8641  0.28626E-008
    8642  0.28630E-008
    8643  0.28633E-008
    8644  0.28637E-008
    8645  0.28641E-008
    8646  0.28646E-008
    8647  0.28650E-008
    8648  0.28655E-008
    8649  0.28660E-008
    8650  0.28665E-008
    8651  0.28671E-008
    8652  0.28676E-008
    8653  0.28376E-008
    8654  0.28376E-008
    8655  0.28377E-008
    8656  0.28377E-008
    8657  0.28378E-008
    8658  0.28379E-008
    8659  0.28381E-008
    8660  0.28382E-008
    8661  0.28383E-008
    8662  0.28385E-008
    8663  0.28387E-008
    8664  0.28388E-008
    8665  0.28390E-008
    8666  0.28392E-008
    8667  0.28394E-008
    8668  0.28396E-008
    8669  0.28398E-008
    8670  0.28400E-008
    8671  0.28402E-008
    8672  0.28404E-008
    8673  0.28406E-008
    8674  0.28408E-008
    8675  0.28411E-008
    8676  0.28413E-008
    8677  0.28416E-008
    8678  0.28418E-008
    8679  0.28421E-008
    8680  0.28423E-008
    8681  0.28426E-008
    8682  0.28429E-008
    8683  0.28432E-008
    8684  0.28435E-008
    8685  0.28437E-008
    8686  0.28440E-008
    8687  0.28443E-008
    8688  0.28137E-008
    8689  0.28138E-008
    8690  0.28140E-008
    8691  0.28143E-008
    8692  0.28146E-008
    8693  0.28149E-008
    8694  0.28153E-008
    8695  0.28157E-008
    8696  0.28161E-008
    8697  0.28166E-008
    8698  0.28170E-008
    8699  0.28175E-008
    8700  0.28181E-008
    8701  0.28186E-008
    8702  0.28192E-008
    8703  0.28197E-008
    8704  0.28203E-008
    8705  0.27895E-008
    8706  0.27896E-008
    8707  0.27896E-008
    8708  0.27897E-008
    8709  0.27898E-008
    8710  0.27899E-008
    8711  0.27901E-008
    8712  0.27902E-008
    8713  0.27904E-008
    8714  0.27905E-008
    8715  0.27907E-008
    8716  0.27909E-008
    8717  0.27911E-008
    8718  0.27913E-008
    8719  0.27915E-008
    8720  0.27917E-008
    8721  0.27919E-008
    8722  0.27922E-008
    8723  0.27924E-008
    8724  0.27926E-008
    8725  0.27929E-008
    8726  0.27931E-008
    8727  0.27934E-008
    8728  0.27936E-008
    8729  0.27939E-008
    8730  0.27942E-008
    8731  0.27945E-008
    8732  0.27947E-008
    8733  0.27950E-008
    8734  0.27953E-008
    8735  0.27956E-008
    8736  0.27959E-008
    8737  0.27963E-008
    8738  0.27966E-008
    8739  0.27969E-008
    8740  0.27654E-008
    8741  0.27655E-008
    8742  0.27658E-008
    8743  0.27661E-008
    8744  0.27664E-008
    8745  0.27668E-008
    8746  0.27672E-008
    8747  0.27677E-008
    8748  0.27681E-008
    8749  0.27686E-008
    8750  0.27691E-008
    8751  0.27697E-008
    8752  0.27702E-008
    8753  0.27708E-008
    8754  0.27714E-008
    8755  0.27720E-008
    8756  0.27727E-008
    8757  0.27411E-008
    8758  0.27411E-008
    8759  0.27412E-008
    8760  0.27413E-008
    8761  0.27414E-008
    8762  0.27415E-008
    8763  0.27417E-008
    8764  0.27418E-008
    8765  0.27420E-008
    8766  0.27422E-008
    8767  0.27424E-008
    8768  0.27426E-008
    8769  0.27428E-008
    8770  0.27430E-008
    8771  0.27433E-008
    8772  0.27435E-008
    8773  0.27437E-008
    8774  0.27440E-008
    8775  0.27442E-008
    8776  0.27445E-008
    8777  0.27448E-008
    8778  0.27450E-008
    8779  0.27453E-008
    8780  0.27456E-008
    8781  0.27459E-008
    8782  0.27462E-008
    8783  0.27465E-008
    8784  0.27468E-008
    8785  0.27471E-008
    8786  0.27474E-008
    8787  0.27477E-008
    8788  0.27481E-008
    8789  0.27484E-008
    8790  0.27487E-008
    8791  0.27491E-008
    8792  0.27167E-008
    8793  0.27169E-008
    8794  0.27171E-008
    8795  0.27175E-008
    8796  0.27179E-008
    8797  0.27183E-008
    8798  0.27187E-008
    8799  0.27192E-008
    8800  0.27197E-008
    8801  0.27203E-008
    8802  0.27208E-008
    8803  0.27214E-008
    8804  0.27220E-008
    8805  0.27226E-008
    8806  0.27233E-008
    8807  0.27240E-008
    8808  0.27247E-008
    8809  0.26922E-008
    8810  0.26922E-008
    8811  0.26923E-008
    8812  0.26924E-008
    8813  0.26925E-008
    8814  0.26927E-008
    8815  0.26928E-008
    8816  0.26930E-008
    8817  0.26932E-008
    8818  0.26934E-008
    8819  0.26936E-008
    8820  0.26939E-008
    8821  0.26941E-008
    8822  0.26943E-008
    8823  0.26946E-008
    8824  0.26948E-008
    8825  0.26951E-008
    8826  0.26954E-008
    8827  0.26956E-008
    8828  0.26959E-008
    8829  0.26962E-008
    8830  0.26965E-008
    8831  0.26968E-008
    8832  0.26971E-008
    8833  0.26974E-008
    8834  0.26978E-008
    8835  0.26981E-008
    8836  0.26984E-008
    8837  0.26988E-008
    8838  0.26991E-008
    8839  0.26994E-008
    8840  0.26998E-008
    8841  0.27002E-008
    8842  0.27005E-008
    8843  0.27009E-008
    8844  0.26676E-008
    8845  0.26678E-008
    8846  0.26681E-008
    8847  0.26684E-008
    8848  0.26688E-008
    8849  0.26693E-008
    8850  0.26698E-008
    8851  0.26704E-008
    8852  0.26709E-008
    8853  0.26715E-008
    8854  0.26721E-008
    8855  0.26727E-008
    8856  0.26734E-008
    8857  0.26741E-008
    8858  0.26748E-008
    8859  0.26755E-008
    8860  0.26763E-008
    8861  0.26428E-008
    8862  0.26428E-008
    8863  0.26429E-008
    8864  0.26430E-008
    8865  0.26432E-008
    8866  0.26433E-008
    8867  0.26435E-008
    8868  0.26437E-008
    8869  0.26439E-008
    8870  0.26442E-008
    8871  0.26444E-008
    8872  0.26447E-008
    8873  0.26449E-008
    8874  0.26452E-008
    8875  0.26455E-008
    8876  0.26458E-008
    8877  0.26460E-008
    8878  0.26463E-008
    8879  0.26466E-008
    8880  0.26470E-008
    8881  0.26473E-008
    8882  0.26476E-008
    8883  0.26479E-008
    8884  0.26483E-008
    8885  0.26486E-008
    8886  0.26489E-008
    8887  0.26493E-008
    8888  0.26497E-008
    8889  0.26500E-008
    8890  0.26504E-008
    8891  0.26508E-008
    8892  0.26512E-008
    8893  0.26515E-008
    8894  0.26519E-008
    8895  0.26523E-008
    8896  0.26180E-008
    8897  0.26182E-008
    8898  0.26185E-008
    8899  0.26189E-008
    8900  0.26194E-008
    8901  0.26199E-008
    8902  0.26205E-008
    8903  0.26210E-008
    8904  0.26217E-008
    8905  0.26223E-008
    8906  0.26230E-008
    8907  0.26237E-008
    8908  0.26244E-008
    8909  0.26251E-008
    8910  0.26259E-008
    8911  0.26267E-008
    8912  0.26275E-008
    8913  0.25929E-008
    8914  0.25930E-008
    8915  0.25931E-008
    8916  0.25932E-008
    8917  0.25934E-008
    8918  0.25936E-008
    8919  0.25938E-008
    8920  0.25940E-008
    8921  0.25942E-008
    8922  0.25945E-008
    8923  0.25948E-008
    8924  0.25950E-008
    8925  0.25953E-008
    8926  0.25956E-008
    8927  0.25959E-008
    8928  0.25962E-008
    8929  0.25965E-008
    8930  0.25969E-008
    8931  0.25972E-008
    8932  0.25975E-008
    8933  0.25979E-008
    8934  0.25982E-008
    8935  0.25986E-008
    8936  0.25990E-008
    8937  0.25993E-008
    8938  0.25997E-008
    8939  0.26001E-008
    8940  0.26005E-008
    8941  0.26009E-008
    8942  0.26013E-008
    8943  0.26017E-008
    8944  0.26021E-008
    8945  0.26025E-008
    8946  0.26030E-008
    8947  0.26034E-008
    8948  0.25679E-008
    8949  0.25681E-008
    8950  0.25685E-008
    8951  0.25689E-008
    8952  0.25695E-008
    8953  0.25700E-008
    8954  0.25707E-008
    8955  0.25713E-008
    8956  0.25720E-008
    8957  0.25727E-008
    8958  0.25734E-008
    8959  0.25742E-008
    8960  0.25749E-008
    8961  0.25757E-008
    8962  0.25766E-008
    8963  0.25774E-008
    8964  0.25783E-008
    8965  0.25426E-008
    8966  0.25427E-008
    8967  0.25428E-008
    8968  0.25429E-008
    8969  0.25431E-008
    8970  0.25433E-008
    8971  0.25435E-008
    8972  0.25438E-008
    8973  0.25440E-008
    8974  0.25443E-008
    8975  0.25446E-008
    8976  0.25449E-008
    8977  0.25452E-008
    8978  0.25456E-008
    8979  0.25459E-008
    8980  0.25463E-008
    8981  0.25466E-008
    8982  0.25470E-008
    8983  0.25473E-008
    8984  0.25477E-008
    8985  0.25481E-008
    8986  0.25485E-008
    8987  0.25488E-008
    8988  0.25492E-008
    8989  0.25496E-008
    8990  0.25501E-008
    8991  0.25505E-008
    8992  0.25509E-008
    8993  0.25513E-008
    8994  0.25518E-008
    8995  0.25522E-008
    8996  0.25527E-008
    8997  0.25531E-008
    8998  0.25536E-008
    8999  0.25541E-008
    9000  0.25173E-008
    9001  0.25176E-008
    9002  0.25180E-008
    9003  0.25185E-008
    9004  0.25191E-008
    9005  0.25197E-008
    9006  0.25204E-008
    9007  0.25211E-008
    9008  0.25218E-008
    9009  0.25226E-008
    9010  0.25234E-008
    9011  0.25242E-008
    9012  0.25251E-008
    9013  0.25259E-008
    9014  0.25269E-008
    9015  0.25278E-008
    9016  0.25287E-008
    9017  0.24917E-008
    9018  0.24918E-008
    9019  0.24919E-008
    9020  0.24921E-008
    9021  0.24923E-008
    9022  0.24925E-008
    9023  0.24928E-008
    9024  0.24931E-008
    9025  0.24934E-008
    9026  0.24937E-008
    9027  0.24940E-008
    9028  0.24943E-008
    9029  0.24947E-008
    9030  0.24951E-008
    9031  0.24954E-008
    9032  0.24958E-008
    9033  0.24962E-008
    9034  0.24966E-008
    9035  0.24970E-008
    9036  0.24974E-008
    9037  0.24978E-008
    9038  0.24982E-008
    9039  0.24986E-008
    9040  0.24991E-008
    9041  0.24995E-008
    9042  0.25000E-008
    9043  0.25004E-008
    9044  0.25009E-008
    9045  0.25014E-008
    9046  0.25018E-008
    9047  0.25023E-008
    9048  0.25028E-008
    9049  0.25033E-008
    9050  0.25038E-008
    9051  0.25043E-008
    9052  0.24662E-008
    9053  0.24665E-008
    9054  0.24669E-008
    9055  0.24675E-008
    9056  0.24682E-008
    9057  0.24689E-008
    9058  0.24696E-008
    9059  0.24704E-008
    9060  0.24712E-008
    9061  0.24721E-008
    9062  0.24729E-008
    9063  0.24738E-008
    9064  0.24748E-008
    9065  0.24757E-008
    9066  0.24767E-008
    9067  0.24777E-008
    9068  0.24787E-008
    9069  0.24404E-008
    9070  0.24405E-008
    9071  0.24406E-008
    9072  0.24408E-008
    9073  0.24410E-008
    9074  0.24412E-008
    9075  0.24415E-008
    9076  0.24418E-008
    9077  0.24422E-008
    9078  0.24425E-008
    9079  0.24429E-008
    9080  0.24433E-008
    9081  0.24437E-008
    9082  0.24441E-008
    9083  0.24445E-008
    9084  0.24449E-008
    9085  0.24453E-008
    9086  0.24457E-008
    9087  0.24462E-008
    9088  0.24466E-008
    9089  0.24471E-008
    9090  0.24475E-008
    9091  0.24480E-008
    9092  0.24485E-008
    9093  0.24490E-008
    9094  0.24494E-008
    9095  0.24499E-008
    9096  0.24504E-008
    9097  0.24509E-008
    9098  0.24515E-008
    9099  0.24520E-008
    9100  0.24525E-008
    9101  0.24530E-008
    9102  0.24536E-008
    9103  0.24541E-008
    9104  0.24146E-008
    9105  0.24149E-008
    9106  0.24154E-008
    9107  0.24160E-008
    9108  0.24168E-008
    9109  0.24175E-008
    9110  0.24184E-008
    9111  0.24192E-008
    9112  0.24201E-008
    9113  0.24211E-008
    9114  0.24220E-008
    9115  0.24230E-008
    9116  0.24240E-008
    9117  0.24250E-008
    9118  0.24261E-008
    9119  0.24272E-008
    9120  0.24283E-008
    9121  0.23885E-008
    9122  0.23886E-008
    9123  0.23887E-008
    9124  0.23889E-008
    9125  0.23892E-008
    9126  0.23894E-008
    9127  0.23898E-008
    9128  0.23901E-008
    9129  0.23905E-008
    9130  0.23909E-008
    9131  0.23913E-008
    9132  0.23917E-008
    9133  0.23921E-008
    9134  0.23926E-008
    9135  0.23930E-008
    9136  0.23935E-008
    9137  0.23939E-008
    9138  0.23944E-008
    9139  0.23949E-008
    9140  0.23954E-008
    9141  0.23959E-008
    9142  0.23964E-008
    9143  0.23969E-008
    9144  0.23974E-008
    9145  0.23979E-008
    9146  0.23985E-008
    9147  0.23990E-008
    9148  0.23995E-008
    9149  0.24001E-008
    9150  0.24007E-008
    9151  0.24012E-008
    9152  0.24018E-008
    9153  0.24024E-008
    9154  0.24030E-008
    9155  0.24036E-008
    9156  0.23624E-008
    9157  0.23628E-008
    9158  0.23634E-008
    9159  0.23641E-008
    9160  0.23649E-008
    9161  0.23657E-008
    9162  0.23666E-008
    9163  0.23676E-008
    9164  0.23686E-008
    9165  0.23696E-008
    9166  0.23706E-008
    9167  0.23717E-008
    9168  0.23728E-008
    9169  0.23739E-008
    9170  0.23751E-008
    9171  0.23763E-008
    9172  0.23775E-008
    9173  0.23361E-008
    9174  0.23362E-008
    9175  0.23363E-008
    9176  0.23365E-008
    9177  0.23368E-008
    9178  0.23371E-008
    9179  0.23375E-008
    9180  0.23379E-008
    9181  0.23383E-008
    9182  0.23387E-008
    9183  0.23392E-008
    9184  0.23396E-008
    9185  0.23401E-008
    9186  0.23406E-008
    9187  0.23411E-008
    9188  0.23416E-008
    9189  0.23421E-008
    9190  0.23426E-008
    9191  0.23431E-008
    9192  0.23437E-008
    9193  0.23442E-008
    9194  0.23448E-008
    9195  0.23453E-008
    9196  0.23459E-008
    9197  0.23465E-008
    9198  0.23470E-008
    9199  0.23476E-008
    9200  0.23482E-008
    9201  0.23488E-008
    9202  0.23494E-008
    9203  0.23500E-008
    9204  0.23506E-008
    9205  0.23513E-008
    9206  0.23519E-008
    9207  0.23525E-008
    9208  0.23097E-008
    9209  0.23101E-008
    9210  0.23108E-008
    9211  0.23115E-008
    9212  0.23124E-008
    9213  0.23134E-008
    9214  0.23144E-008
    9215  0.23154E-008
    9216  0.23165E-008
    9217  0.23176E-008
    9218  0.23188E-008
    9219  0.23199E-008
    9220  0.23211E-008
    9221  0.23224E-008
    9222  0.23236E-008
    9223  0.23249E-008
    9224  0.23262E-008
    9225  0.22831E-008
    9226  0.22832E-008
    9227  0.22834E-008
    9228  0.22836E-008
    9229  0.22839E-008
    9230  0.22843E-008
    9231  0.22847E-008
    9232  0.22851E-008
    9233  0.22855E-008
    9234  0.22860E-008
    9235  0.22865E-008
    9236  0.22870E-008
    9237  0.22875E-008
    9238  0.22881E-008
    9239  0.22886E-008
    9240  0.22892E-008
    9241  0.22897E-008
    9242  0.22903E-008
    9243  0.22909E-008
    9244  0.22915E-008
    9245  0.22921E-008
    9246  0.22927E-008
    9247  0.22933E-008
    9248  0.22939E-008
    9249  0.22945E-008
    9250  0.22951E-008
    9251  0.22958E-008
    9252  0.22964E-008
    9253  0.22971E-008
    9254  0.22977E-008
    9255  0.22984E-008
    9256  0.22991E-008
    9257  0.22997E-008
    9258  0.23004E-008
    9259  0.23011E-008
    9260  0.22565E-008
    9261  0.22569E-008
    9262  0.22576E-008
    9263  0.22585E-008
    9264  0.22595E-008
    9265  0.22605E-008
    9266  0.22616E-008
    9267  0.22628E-008
    9268  0.22640E-008
    9269  0.22652E-008
    9270  0.22664E-008
    9271  0.22677E-008
    9272  0.22690E-008
    9273  0.22704E-008
    9274  0.22717E-008
    9275  0.22731E-008
    9276  0.22745E-008
    9277  0.22295E-008
    9278  0.22297E-008
    9279  0.22299E-008
    9280  0.22301E-008
    9281  0.22305E-008
    9282  0.22308E-008
    9283  0.22313E-008
    9284  0.22318E-008
    9285  0.22323E-008
    9286  0.22328E-008
    9287  0.22333E-008
    9288  0.22339E-008
    9289  0.22345E-008
    9290  0.22351E-008
    9291  0.22357E-008
    9292  0.22363E-008
    9293  0.22369E-008
    9294  0.22375E-008
    9295  0.22382E-008
    9296  0.22388E-008
    9297  0.22394E-008
    9298  0.22401E-008
    9299  0.22408E-008
    9300  0.22414E-008
    9301  0.22421E-008
    9302  0.22428E-008
    9303  0.22435E-008
    9304  0.22442E-008
    9305  0.22449E-008
    9306  0.22456E-008
    9307  0.22463E-008
    9308  0.22471E-008
    9309  0.22478E-008
    9310  0.22485E-008
    9311  0.22493E-008
    9312  0.22027E-008
    9313  0.22032E-008
    9314  0.22039E-008
    9315  0.22049E-008
    9316  0.22060E-008
    9317  0.22072E-008
    9318  0.22084E-008
    9319  0.22096E-008
    9320  0.22109E-008
    9321  0.22123E-008
    9322  0.22136E-008
    9323  0.22150E-008
    9324  0.22165E-008
    9325  0.22179E-008
    9326  0.22194E-008
    9327  0.22209E-008
    9328  0.22224E-008
    9329  0.21754E-008
    9330  0.21756E-008
    9331  0.21758E-008
    9332  0.21761E-008
    9333  0.21765E-008
    9334  0.21769E-008
    9335  0.21774E-008
    9336  0.21779E-008
    9337  0.21785E-008
    9338  0.21790E-008
    9339  0.21797E-008
    9340  0.21803E-008
    9341  0.21809E-008
    9342  0.21816E-008
    9343  0.21822E-008
    9344  0.21829E-008
    9345  0.21836E-008
    9346  0.21842E-008
    9347  0.21849E-008
    9348  0.21856E-008
    9349  0.21864E-008
    9350  0.21871E-008
    9351  0.21878E-008
    9352  0.21885E-008
    9353  0.21893E-008
    9354  0.21900E-008
    9355  0.21908E-008
    9356  0.21915E-008
    9357  0.21923E-008
    9358  0.21931E-008
    9359  0.21938E-008
    9360  0.21946E-008
    9361  0.21954E-008
    9362  0.21962E-008
    9363  0.21970E-008
    9364  0.21483E-008
    9365  0.21489E-008
    9366  0.21497E-008
    9367  0.21508E-008
    9368  0.21520E-008
    9369  0.21533E-008
    9370  0.21546E-008
    9371  0.21560E-008
    9372  0.21574E-008
    9373  0.21589E-008
    9374  0.21604E-008
    9375  0.21619E-008
    9376  0.21634E-008
    9377  0.21650E-008
    9378  0.21666E-008
    9379  0.21683E-008
    9380  0.21699E-008
    9381  0.21208E-008
    9382  0.21209E-008
    9383  0.21212E-008
    9384  0.21215E-008
    9385  0.21219E-008
    9386  0.21224E-008
    9387  0.21229E-008
    9388  0.21235E-008
    9389  0.21241E-008
    9390  0.21248E-008
    9391  0.21254E-008
    9392  0.21261E-008
    9393  0.21268E-008
    9394  0.21275E-008
    9395  0.21283E-008
    9396  0.21290E-008
    9397  0.21297E-008
    9398  0.21305E-008
    9399  0.21312E-008
    9400  0.21320E-008
    9401  0.21328E-008
    9402  0.21336E-008
    9403  0.21344E-008
    9404  0.21352E-008
    9405  0.21360E-008
    9406  0.21368E-008
    9407  0.21376E-008
    9408  0.21384E-008
    9409  0.21392E-008
    9410  0.21401E-008
    9411  0.21409E-008
    9412  0.21418E-008
    9413  0.21427E-008
    9414  0.21435E-008
    9415  0.21444E-008
    9416  0.20934E-008
    9417  0.20940E-008
    9418  0.20949E-008
    9419  0.20961E-008
    9420  0.20974E-008
    9421  0.20989E-008
    9422  0.21003E-008
    9423  0.21019E-008
    9424  0.21034E-008
    9425  0.21050E-008
    9426  0.21066E-008
    9427  0.21083E-008
    9428  0.21100E-008
    9429  0.21117E-008
    9430  0.21134E-008
    9431  0.21152E-008
    9432  0.21170E-008
    9433  0.20656E-008
    9434  0.20657E-008
    9435  0.20660E-008
    9436  0.20664E-008
    9437  0.20668E-008
    9438  0.20673E-008
    9439  0.20679E-008
    9440  0.20686E-008
    9441  0.20693E-008
    9442  0.20700E-008
    9443  0.20707E-008
    9444  0.20715E-008
    9445  0.20722E-008
    9446  0.20730E-008
    9447  0.20738E-008
    9448  0.20746E-008
    9449  0.20754E-008
    9450  0.20762E-008
    9451  0.20771E-008
    9452  0.20779E-008
    9453  0.20788E-008
    9454  0.20796E-008
    9455  0.20805E-008
    9456  0.20813E-008
    9457  0.20822E-008
    9458  0.20831E-008
    9459  0.20840E-008
    9460  0.20849E-008
    9461  0.20858E-008
    9462  0.20867E-008
    9463  0.20876E-008
    9464  0.20885E-008
    9465  0.20895E-008
    9466  0.20904E-008
    9467  0.20914E-008
    9468  0.20379E-008
    9469  0.20386E-008
    9470  0.20396E-008
    9471  0.20409E-008
    9472  0.20424E-008
    9473  0.20439E-008
    9474  0.20456E-008
    9475  0.20472E-008
    9476  0.20489E-008
    9477  0.20507E-008
    9478  0.20525E-008
    9479  0.20543E-008
    9480  0.20561E-008
    9481  0.20580E-008
    9482  0.20598E-008
    9483  0.20618E-008
    9484  0.20637E-008
    9485  0.20098E-008
    9486  0.20100E-008
    9487  0.20103E-008
    9488  0.20107E-008
    9489  0.20112E-008
    9490  0.20118E-008
    9491  0.20124E-008
    9492  0.20131E-008
    9493  0.20139E-008
    9494  0.20146E-008
    9495  0.20155E-008
    9496  0.20163E-008
    9497  0.20171E-008
    9498  0.20180E-008
    9499  0.20189E-008
    9500  0.20197E-008
    9501  0.20206E-008
    9502  0.20215E-008
    9503  0.20224E-008
    9504  0.20233E-008
    9505  0.20243E-008
    9506  0.20252E-008
    9507  0.20261E-008
    9508  0.20271E-008
    9509  0.20280E-008
    9510  0.20290E-008
    9511  0.20300E-008
    9512  0.20309E-008
    9513  0.20319E-008
    9514  0.20329E-008
    9515  0.20339E-008
    9516  0.20349E-008
    9517  0.20359E-008
    9518  0.20369E-008
    9519  0.20379E-008
    9520  0.19819E-008
    9521  0.19826E-008
    9522  0.19838E-008
    9523  0.19852E-008
    9524  0.19868E-008
    9525  0.19885E-008
    9526  0.19903E-008
    9527  0.19921E-008
    9528  0.19940E-008
    9529  0.19959E-008
    9530  0.19978E-008
    9531  0.19998E-008
    9532  0.20018E-008
    9533  0.20038E-008
    9534  0.20058E-008
    9535  0.20079E-008
    9536  0.20100E-008
    9537  0.19535E-008
    9538  0.19537E-008
    9539  0.19540E-008
    9540  0.19545E-008
    9541  0.19550E-008
    9542  0.19556E-008
    9543  0.19564E-008
    9544  0.19571E-008
    9545  0.19580E-008
    9546  0.19588E-008
    9547  0.19597E-008
    9548  0.19606E-008
    9549  0.19615E-008
    9550  0.19625E-008
    9551  0.19634E-008
    9552  0.19644E-008
    9553  0.19654E-008
    9554  0.19664E-008
    9555  0.19673E-008
    9556  0.19683E-008
    9557  0.19693E-008
    9558  0.19703E-008
    9559  0.19714E-008
    9560  0.19724E-008
    9561  0.19734E-008
    9562  0.19745E-008
    9563  0.19755E-008
    9564  0.19766E-008
    9565  0.19776E-008
    9566  0.19787E-008
    9567  0.19798E-008
    9568  0.19809E-008
    9569  0.19820E-008
    9570  0.19831E-008
    9571  0.19842E-008
    9572  0.19253E-008
    9573  0.19261E-008
    9574  0.19274E-008
    9575  0.19290E-008
    9576  0.19307E-008
    9577  0.19326E-008
    9578  0.19346E-008
    9579  0.19366E-008
    9580  0.19386E-008
    9581  0.19407E-008
    9582  0.19428E-008
    9583  0.19449E-008
    9584  0.19471E-008
    9585  0.19492E-008
    9586  0.19515E-008
    9587  0.19537E-008
    9588  0.19560E-008
    9589  0.18966E-008
    9590  0.18968E-008
    9591  0.18972E-008
    9592  0.18977E-008
    9593  0.18983E-008
    9594  0.18990E-008
    9595  0.18998E-008
    9596  0.19007E-008
    9597  0.19016E-008
    9598  0.19025E-008
    9599  0.19035E-008
    9600  0.19045E-008
    9601  0.19055E-008
    9602  0.19065E-008
    9603  0.19075E-008
    9604  0.19086E-008
    9605  0.19097E-008
    9606  0.19107E-008
    9607  0.19118E-008
    9608  0.19129E-008
    9609  0.19140E-008
    9610  0.19151E-008
    9611  0.19162E-008
    9612  0.19173E-008
    9613  0.19184E-008
    9614  0.19195E-008
    9615  0.19207E-008
    9616  0.19218E-008
    9617  0.19230E-008
    9618  0.19241E-008
    9619  0.19253E-008
    9620  0.19265E-008
    9621  0.19277E-008
    9622  0.19288E-008
    9623  0.19300E-008
    9624  0.18682E-008
    9625  0.18691E-008
    9626  0.18705E-008
    9627  0.18722E-008
    9628  0.18742E-008
    9629  0.18762E-008
    9630  0.18783E-008
    9631  0.18805E-008
    9632  0.18828E-008
    9633  0.18850E-008
    9634  0.18873E-008
    9635  0.18896E-008
    9636  0.18919E-008
    9637  0.18943E-008
    9638  0.18967E-008
    9639  0.18991E-008
    9640  0.19016E-008
    9641  0.18393E-008
    9642  0.18395E-008
    9643  0.18399E-008
    9644  0.18404E-008
    9645  0.18411E-008
    9646  0.18419E-008
    9647  0.18427E-008
    9648  0.18437E-008
    9649  0.18447E-008
    9650  0.18457E-008
    9651  0.18468E-008
    9652  0.18478E-008
    9653  0.18490E-008
    9654  0.18501E-008
    9655  0.18512E-008
    9656  0.18524E-008
    9657  0.18535E-008
    9658  0.18547E-008
    9659  0.18558E-008
    9660  0.18570E-008
    9661  0.18582E-008
    9662  0.18594E-008
    9663  0.18606E-008
    9664  0.18618E-008
    9665  0.18630E-008
    9666  0.18643E-008
    9667  0.18655E-008
    9668  0.18667E-008
    9669  0.18680E-008
    9670  0.18692E-008
    9671  0.18705E-008
    9672  0.18717E-008
    9673  0.18730E-008
    9674  0.18743E-008
    9675  0.18756E-008
    9676  0.18106E-008
    9677  0.18116E-008
    9678  0.18131E-008
    9679  0.18150E-008
    9680  0.18171E-008
    9681  0.18194E-008
    9682  0.18217E-008
    9683  0.18241E-008
    9684  0.18265E-008
    9685  0.18289E-008
    9686  0.18314E-008
    9687  0.18339E-008
    9688  0.18365E-008
    9689  0.18390E-008
    9690  0.18416E-008
    9691  0.18442E-008
    9692  0.18469E-008
    9693  0.17814E-008
    9694  0.17817E-008
    9695  0.17821E-008
    9696  0.17827E-008
    9697  0.17834E-008
    9698  0.17843E-008
    9699  0.17852E-008
    9700  0.17862E-008
    9701  0.17873E-008
    9702  0.17884E-008
    9703  0.17896E-008
    9704  0.17908E-008
    9705  0.17920E-008
    9706  0.17932E-008
    9707  0.17945E-008
    9708  0.17957E-008
    9709  0.17970E-008
    9710  0.17982E-008
    9711  0.17995E-008
    9712  0.18008E-008
    9713  0.18021E-008
    9714  0.18034E-008
    9715  0.18047E-008
    9716  0.18060E-008
    9717  0.18073E-008
    9718  0.18086E-008
    9719  0.18099E-008
    9720  0.18113E-008
    9721  0.18126E-008
    9722  0.18140E-008
    9723  0.18153E-008
    9724  0.18167E-008
    9725  0.18181E-008
    9726  0.18194E-008
    9727  0.18208E-008
    9728  0.17526E-008
    9729  0.17536E-008
    9730  0.17553E-008
    9731  0.17573E-008
    9732  0.17596E-008
    9733  0.17621E-008
    9734  0.17646E-008
    9735  0.17672E-008
    9736  0.17699E-008
    9737  0.17725E-008
    9738  0.17752E-008
    9739  0.17779E-008
    9740  0.17807E-008
    9741  0.17834E-008
    9742  0.17862E-008
    9743  0.17890E-008
    9744  0.17919E-008
    9745  0.17230E-008
    9746  0.17233E-008
    9747  0.17238E-008
    9748  0.17245E-008
    9749  0.17253E-008
    9750  0.17262E-008
    9751  0.17272E-008
    9752  0.17283E-008
    9753  0.17295E-008
    9754  0.17307E-008
    9755  0.17320E-008
    9756  0.17333E-008
    9757  0.17346E-008
    9758  0.17360E-008
    9759  0.17373E-008
    9760  0.17387E-008
    9761  0.17400E-008
    9762  0.17414E-008
    9763  0.17428E-008
    9764  0.17442E-008
    9765  0.17456E-008
    9766  0.17470E-008
    9767  0.17484E-008
    9768  0.17498E-008
    9769  0.17512E-008
    9770  0.17526E-008
    9771  0.17541E-008
    9772  0.17555E-008
    9773  0.17570E-008
    9774  0.17584E-008
    9775  0.17599E-008
    9776  0.17613E-008
    9777  0.17628E-008
    9778  0.17643E-008
    9779  0.17658E-008
    9780  0.16940E-008
    9781  0.16952E-008
    9782  0.16970E-008
    9783  0.16992E-008
    9784  0.17018E-008
    9785  0.17044E-008
    9786  0.17072E-008
    9787  0.17100E-008
    9788  0.17129E-008
    9789  0.17157E-008
    9790  0.17186E-008
    9791  0.17216E-008
    9792  0.17245E-008
    9793  0.17275E-008
    9794  0.17305E-008
    9795  0.17336E-008
    9796  0.17366E-008
    9797  0.16643E-008
    9798  0.16646E-008
    9799  0.16651E-008
    9800  0.16658E-008
    9801  0.16667E-008
    9802  0.16677E-008
    9803  0.16688E-008
    9804  0.16700E-008
    9805  0.16713E-008
    9806  0.16727E-008
    9807  0.16740E-008
    9808  0.16755E-008
    9809  0.16769E-008
    9810  0.16783E-008
    9811  0.16798E-008
    9812  0.16813E-008
    9813  0.16827E-008
    9814  0.16842E-008
    9815  0.16857E-008
    9816  0.16872E-008
    9817  0.16887E-008
    9818  0.16902E-008
    9819  0.16918E-008
    9820  0.16933E-008
    9821  0.16948E-008
    9822  0.16964E-008
    9823  0.16979E-008
    9824  0.16995E-008
    9825  0.17010E-008
    9826  0.17026E-008
    9827  0.17042E-008
    9828  0.17058E-008
    9829  0.17073E-008
    9830  0.17089E-008
    9831  0.17105E-008
    9832  0.16351E-008
    9833  0.16363E-008
    9834  0.16383E-008
    9835  0.16407E-008
    9836  0.16435E-008
    9837  0.16464E-008
    9838  0.16494E-008
    9839  0.16524E-008
    9840  0.16555E-008
    9841  0.16586E-008
    9842  0.16618E-008
    9843  0.16650E-008
    9844  0.16682E-008
    9845  0.16714E-008
    9846  0.16746E-008
    9847  0.16779E-008
    9848  0.16812E-008
    9849  0.16051E-008
    9850  0.16054E-008
    9851  0.16060E-008
    9852  0.16068E-008
    9853  0.16077E-008
    9854  0.16088E-008
    9855  0.16100E-008
    9856  0.16114E-008
    9857  0.16128E-008
    9858  0.16142E-008
    9859  0.16157E-008
    9860  0.16173E-008
    9861  0.16188E-008
    9862  0.16204E-008
    9863  0.16220E-008
    9864  0.16236E-008
    9865  0.16252E-008
    9866  0.16268E-008
    9867  0.16284E-008
    9868  0.16300E-008
    9869  0.16316E-008
    9870  0.16333E-008
    9871  0.16349E-008
    9872  0.16366E-008
    9873  0.16382E-008
    9874  0.16399E-008
    9875  0.16415E-008
    9876  0.16432E-008
    9877  0.16449E-008
    9878  0.16466E-008
    9879  0.16483E-008
    9880  0.16500E-008
    9881  0.16517E-008
    9882  0.16534E-008
    9883  0.16551E-008
    9884  0.15757E-008
    9885  0.15771E-008
    9886  0.15793E-008
    9887  0.15819E-008
    9888  0.15849E-008
    9889  0.15880E-008
    9890  0.15913E-008
    9891  0.15946E-008
    9892  0.15979E-008
    9893  0.16013E-008
    9894  0.16047E-008
    9895  0.16081E-008
    9896  0.16115E-008
    9897  0.16150E-008
    9898  0.16185E-008
    9899  0.16220E-008
    9900  0.16255E-008
    9901  0.15456E-008
    9902  0.15459E-008
    9903  0.15466E-008
    9904  0.15474E-008
    9905  0.15484E-008
    9906  0.15496E-008
    9907  0.15509E-008
    9908  0.15524E-008
    9909  0.15539E-008
    9910  0.15555E-008
    9911  0.15571E-008
    9912  0.15588E-008
    9913  0.15604E-008
    9914  0.15621E-008
    9915  0.15638E-008
    9916  0.15656E-008
    9917  0.15673E-008
    9918  0.15690E-008
    9919  0.15708E-008
    9920  0.15725E-008
    9921  0.15743E-008
    9922  0.15761E-008
    9923  0.15778E-008
    9924  0.15796E-008
    9925  0.15814E-008
    9926  0.15832E-008
    9927  0.15850E-008
    9928  0.15868E-008
    9929  0.15886E-008
    9930  0.15904E-008
    9931  0.15922E-008
    9932  0.15940E-008
    9933  0.15958E-008
    9934  0.15977E-008
    9935  0.15995E-008
    9936  0.15161E-008
    9937  0.15176E-008
    9938  0.15199E-008
    9939  0.15228E-008
    9940  0.15260E-008
    9941  0.15294E-008
    9942  0.15329E-008
    9943  0.15365E-008
    9944  0.15401E-008
    9945  0.15437E-008
    9946  0.15474E-008
    9947  0.15511E-008
    9948  0.15547E-008
    9949  0.15585E-008
    9950  0.15622E-008
    9951  0.15660E-008
    9952  0.15698E-008
    9953  0.14857E-008
    9954  0.14861E-008
    9955  0.14868E-008
    9956  0.14877E-008
    9957  0.14888E-008
    9958  0.14901E-008
    9959  0.14915E-008
    9960  0.14931E-008
    9961  0.14947E-008
    9962  0.14965E-008
    9963  0.14982E-008
    9964  0.15000E-008
    9965  0.15018E-008
    9966  0.15037E-008
    9967  0.15055E-008
    9968  0.15074E-008
    9969  0.15092E-008
    9970  0.15111E-008
    9971  0.15130E-008
    9972  0.15149E-008
    9973  0.15168E-008
    9974  0.15187E-008
    9975  0.15206E-008
    9976  0.15225E-008
    9977  0.15244E-008
    9978  0.15263E-008
    9979  0.15282E-008
    9980  0.15302E-008
    9981  0.15321E-008
    9982  0.15340E-008
    9983  0.15360E-008
    9984  0.15379E-008
    9985  0.15399E-008
    9986  0.15418E-008
    9987  0.15438E-008
    9988  0.14561E-008
    9989  0.14578E-008
    9990  0.14603E-008
    9991  0.14634E-008
    9992  0.14669E-008
    9993  0.14706E-008
    9994  0.14743E-008
    9995  0.14782E-008
    9996  0.14821E-008
    9997  0.14860E-008
    9998  0.14899E-008
    9999  0.14939E-008
   10000  0.14978E-008
   10001  0.15018E-008
   10002  0.15058E-008
   10003  0.15099E-008
   10004  0.15139E-008
   10005  0.14256E-008
   10006  0.14260E-008
   10007  0.14268E-008
   10008  0.14278E-008
   10009  0.14290E-008
   10010  0.14304E-008
   10011  0.14319E-008
   10012  0.14336E-008
   10013  0.14354E-008
   10014  0.14372E-008
   10015  0.14391E-008
   10016  0.14411E-008
   10017  0.14430E-008
   10018  0.14450E-008
   10019  0.14470E-008
   10020  0.14490E-008
   10021  0.14510E-008
   10022  0.14530E-008
   10023  0.14550E-008
   10024  0.14571E-008
   10025  0.14591E-008
   10026  0.14611E-008
   10027  0.14632E-008
   10028  0.14652E-008
   10029  0.14673E-008
   10030  0.14693E-008
   10031  0.14714E-008
   10032  0.14735E-008
   10033  0.14755E-008
   10034  0.14776E-008
   10035  0.14797E-008
   10036  0.14818E-008
   10037  0.14839E-008
   10038  0.14860E-008
   10039  0.14881E-008
   10040  0.13959E-008
   10041  0.13977E-008
   10042  0.14004E-008
   10043  0.14038E-008
   10044  0.14076E-008
   10045  0.14115E-008
   10046  0.14156E-008
   10047  0.14198E-008
   10048  0.14239E-008
   10049  0.14281E-008
   10050  0.14324E-008
   10051  0.14366E-008
   10052  0.14408E-008
   10053  0.14451E-008
   10054  0.14494E-008
   10055  0.14537E-008
   10056  0.14580E-008
   10057  0.13653E-008
   10058  0.13658E-008
   10059  0.13666E-008
   10060  0.13676E-008
   10061  0.13689E-008
   10062  0.13705E-008
   10063  0.13721E-008
   10064  0.13739E-008
   10065  0.13759E-008
   10066  0.13779E-008
   10067  0.13799E-008
   10068  0.13820E-008
   10069  0.13841E-008
   10070  0.13862E-008
   10071  0.13884E-008
   10072  0.13905E-008
   10073  0.13927E-008
   10074  0.13948E-008
   10075  0.13970E-008
   10076  0.13992E-008
   10077  0.14014E-008
   10078  0.14036E-008
   10079  0.14058E-008
   10080  0.14079E-008
   10081  0.14101E-008
   10082  0.14123E-008
   10083  0.14146E-008
   10084  0.14168E-008
   10085  0.14190E-008
   10086  0.14212E-008
   10087  0.14234E-008
   10088  0.14257E-008
   10089  0.14279E-008
   10090  0.14301E-008
   10091  0.14324E-008
   10092  0.13356E-008
   10093  0.13375E-008
   10094  0.13405E-008
   10095  0.13441E-008
   10096  0.13481E-008
   10097  0.13524E-008
   10098  0.13568E-008
   10099  0.13613E-008
   10100  0.13657E-008
   10101  0.13702E-008
   10102  0.13748E-008
   10103  0.13793E-008
   10104  0.13839E-008
   10105  0.13884E-008
   10106  0.13930E-008
   10107  0.13976E-008
   10108  0.14022E-008
   10109  0.13049E-008
   10110  0.13054E-008
   10111  0.13063E-008
   10112  0.13074E-008
   10113  0.13088E-008
   10114  0.13104E-008
   10115  0.13122E-008
   10116  0.13142E-008
   10117  0.13163E-008
   10118  0.13184E-008
   10119  0.13206E-008
   10120  0.13228E-008
   10121  0.13251E-008
   10122  0.13274E-008
   10123  0.13297E-008
   10124  0.13320E-008
   10125  0.13343E-008
   10126  0.13367E-008
   10127  0.13390E-008
   10128  0.13413E-008
   10129  0.13436E-008
   10130  0.13460E-008
   10131  0.13483E-008
   10132  0.13507E-008
   10133  0.13530E-008
   10134  0.13554E-008
   10135  0.13577E-008
   10136  0.13601E-008
   10137  0.13625E-008
   10138  0.13648E-008
   10139  0.13672E-008
   10140  0.13696E-008
   10141  0.13720E-008
   10142  0.13743E-008
   10143  0.13767E-008
   10144  0.12752E-008
   10145  0.12773E-008
   10146  0.12804E-008
   10147  0.12843E-008
   10148  0.12887E-008
   10149  0.12933E-008
   10150  0.12980E-008
   10151  0.13028E-008
   10152  0.13076E-008
   10153  0.13124E-008
   10154  0.13172E-008
   10155  0.13221E-008
   10156  0.13269E-008
   10157  0.13318E-008
   10158  0.13367E-008
   10159  0.13416E-008
   10160  0.13465E-008
   10161  0.12444E-008
   10162  0.12450E-008
   10163  0.12459E-008
   10164  0.12471E-008
   10165  0.12487E-008
   10166  0.12504E-008
   10167  0.12523E-008
   10168  0.12544E-008
   10169  0.12567E-008
   10170  0.12590E-008
   10171  0.12613E-008
   10172  0.12637E-008
   10173  0.12661E-008
   10174  0.12686E-008
   10175  0.12711E-008
   10176  0.12735E-008
   10177  0.12760E-008
   10178  0.12785E-008
   10179  0.12810E-008
   10180  0.12835E-008
   10181  0.12860E-008
   10182  0.12885E-008
   10183  0.12910E-008
   10184  0.12935E-008
   10185  0.12960E-008
   10186  0.12985E-008
   10187  0.13010E-008
   10188  0.13036E-008
   10189  0.13061E-008
   10190  0.13086E-008
   10191  0.13111E-008
   10192  0.13137E-008
   10193  0.13162E-008
   10194  0.13187E-008
   10195  0.13213E-008
   10196  0.12148E-008
   10197  0.12170E-008
   10198  0.12204E-008
   10199  0.12246E-008
   10200  0.12293E-008
   10201  0.12342E-008
   10202  0.12392E-008
   10203  0.12443E-008
   10204  0.12495E-008
   10205  0.12546E-008
   10206  0.12598E-008
   10207  0.12650E-008
   10208  0.12702E-008
   10209  0.12753E-008
   10210  0.12806E-008
   10211  0.12858E-008
   10212  0.12910E-008
   10213  0.11840E-008
   10214  0.11846E-008
   10215  0.11856E-008
   10216  0.11869E-008
   10217  0.11885E-008
   10218  0.11904E-008
   10219  0.11925E-008
   10220  0.11947E-008
   10221  0.11971E-008
   10222  0.11996E-008
   10223  0.12021E-008
   10224  0.12047E-008
   10225  0.12073E-008
   10226  0.12099E-008
   10227  0.12125E-008
   10228  0.12152E-008
   10229  0.12178E-008
   10230  0.12205E-008
   10231  0.12232E-008
   10232  0.12258E-008
   10233  0.12285E-008
   10234  0.12312E-008
   10235  0.12338E-008
   10236  0.12365E-008
   10237  0.12392E-008
   10238  0.12418E-008
   10239  0.12445E-008
   10240  0.12472E-008
   10241  0.12499E-008
   10242  0.12526E-008
   10243  0.12553E-008
   10244  0.12579E-008
   10245  0.12606E-008
   10246  0.12633E-008
   10247  0.12660E-008
   10248  0.11545E-008
   10249  0.11569E-008
   10250  0.11605E-008
   10251  0.11650E-008
   10252  0.11700E-008
   10253  0.11752E-008
   10254  0.11806E-008
   10255  0.11861E-008
   10256  0.11916E-008
   10257  0.11971E-008
   10258  0.12026E-008
   10259  0.12081E-008
   10260  0.12136E-008
   10261  0.12191E-008
   10262  0.12247E-008
   10263  0.12302E-008
   10264  0.12357E-008
   10265  0.11237E-008
   10266  0.11244E-008
   10267  0.11254E-008
   10268  0.11268E-008
   10269  0.11286E-008
   10270  0.11306E-008
   10271  0.11328E-008
   10272  0.11352E-008
   10273  0.11378E-008
   10274  0.11404E-008
   10275  0.11431E-008
   10276  0.11458E-008
   10277  0.11486E-008
   10278  0.11514E-008
   10279  0.11542E-008
   10280  0.11571E-008
   10281  0.11599E-008
   10282  0.11627E-008
   10283  0.11655E-008
   10284  0.11684E-008
   10285  0.11712E-008
   10286  0.11741E-008
   10287  0.11769E-008
   10288  0.11797E-008
   10289  0.11826E-008
   10290  0.11854E-008
   10291  0.11883E-008
   10292  0.11911E-008
   10293  0.11940E-008
   10294  0.11968E-008
   10295  0.11997E-008
   10296  0.12025E-008
   10297  0.12054E-008
   10298  0.12082E-008
   10299  0.12111E-008
   10300  0.10943E-008
   10301  0.10969E-008
   10302  0.11008E-008
   10303  0.11055E-008
   10304  0.11109E-008
   10305  0.11165E-008
   10306  0.11223E-008
   10307  0.11281E-008
   10308  0.11339E-008
   10309  0.11398E-008
   10310  0.11456E-008
   10311  0.11515E-008
   10312  0.11574E-008
   10313  0.11632E-008
   10314  0.11691E-008
   10315  0.11750E-008
   10316  0.11808E-008
   10317  0.10637E-008
   10318  0.10644E-008
   10319  0.10655E-008
   10320  0.10670E-008
   10321  0.10689E-008
   10322  0.10710E-008
   10323  0.10734E-008
   10324  0.10759E-008
   10325  0.10786E-008
   10326  0.10815E-008
   10327  0.10843E-008
   10328  0.10873E-008
   10329  0.10902E-008
   10330  0.10932E-008
   10331  0.10962E-008
   10332  0.10992E-008
   10333  0.11022E-008
   10334  0.11052E-008
   10335  0.11083E-008
   10336  0.11113E-008
   10337  0.11143E-008
   10338  0.11173E-008
   10339  0.11203E-008
   10340  0.11233E-008
   10341  0.11264E-008
   10342  0.11294E-008
   10343  0.11324E-008
   10344  0.11354E-008
   10345  0.11384E-008
   10346  0.11414E-008
   10347  0.11445E-008
   10348  0.11475E-008
   10349  0.11505E-008
   10350  0.11535E-008
   10351  0.11566E-008
   10352  0.10345E-008
   10353  0.10372E-008
   10354  0.10413E-008
   10355  0.10464E-008
   10356  0.10521E-008
   10357  0.10581E-008
   10358  0.10643E-008
   10359  0.10704E-008
   10360  0.10766E-008
   10361  0.10829E-008
   10362  0.10891E-008
   10363  0.10953E-008
   10364  0.11015E-008
   10365  0.11077E-008
   10366  0.11139E-008
   10367  0.11201E-008
   10368  0.11264E-008
   10369  0.10040E-008
   10370  0.10047E-008
   10371  0.10059E-008
   10372  0.10075E-008
   10373  0.10095E-008
   10374  0.10118E-008
   10375  0.10143E-008
   10376  0.10170E-008
   10377  0.10199E-008
   10378  0.10229E-008
   10379  0.10260E-008
   10380  0.10291E-008
   10381  0.10322E-008
   10382  0.10354E-008
   10383  0.10386E-008
   10384  0.10418E-008
   10385  0.10450E-008
   10386  0.10482E-008
   10387  0.10514E-008
   10388  0.10546E-008
   10389  0.10578E-008
   10390  0.10610E-008
   10391  0.10642E-008
   10392  0.10674E-008
   10393  0.10706E-008
   10394  0.10738E-008
   10395  0.10770E-008
   10396  0.10802E-008
   10397  0.10833E-008
   10398  0.10865E-008
   10399  0.10897E-008
   10400  0.10929E-008
   10401  0.10961E-008
   10402  0.10993E-008
   10403  0.11025E-008
   10404  0.97503E-009
   10405  0.97791E-009
   10406  0.98230E-009
   10407  0.98773E-009
   10408  0.99379E-009
   10409  0.10002E-008
   10410  0.10067E-008
   10411  0.10132E-008
   10412  0.10198E-008
   10413  0.10264E-008
   10414  0.10330E-008
   10415  0.10396E-008
   10416  0.10462E-008
   10417  0.10527E-008
   10418  0.10593E-008
   10419  0.10659E-008
   10420  0.10724E-008
   10421  0.94471E-009
   10422  0.94548E-009
   10423  0.94675E-009
   10424  0.94845E-009
   10425  0.95055E-009
   10426  0.95298E-009
   10427  0.95567E-009
   10428  0.95857E-009
   10429  0.96163E-009
   10430  0.96481E-009
   10431  0.96807E-009
   10432  0.97138E-009
   10433  0.97472E-009
   10434  0.97809E-009
   10435  0.98146E-009
   10436  0.98485E-009
   10437  0.98824E-009
   10438  0.99163E-009
   10439  0.99501E-009
   10440  0.99840E-009
   10441  0.10018E-008
   10442  0.10052E-008
   10443  0.10086E-008
   10444  0.10119E-008
   10445  0.10153E-008
   10446  0.10187E-008
   10447  0.10221E-008
   10448  0.10255E-008
   10449  0.10288E-008
   10450  0.10322E-008
   10451  0.10356E-008
   10452  0.10389E-008
   10453  0.10423E-008
   10454  0.10457E-008
   10455  0.10491E-008
   10456  0.91607E-009
   10457  0.91914E-009
   10458  0.92380E-009
   10459  0.92956E-009
   10460  0.93598E-009
   10461  0.94274E-009
   10462  0.94965E-009
   10463  0.95661E-009
   10464  0.96358E-009
   10465  0.97055E-009
   10466  0.97751E-009
   10467  0.98446E-009
   10468  0.99141E-009
   10469  0.99834E-009
   10470  0.10053E-008
   10471  0.10122E-008
   10472  0.10191E-008
   10473  0.88600E-009
   10474  0.88682E-009
   10475  0.88817E-009
   10476  0.88998E-009
   10477  0.89220E-009
   10478  0.89477E-009
   10479  0.89763E-009
   10480  0.90071E-009
   10481  0.90395E-009
   10482  0.90732E-009
   10483  0.91077E-009
   10484  0.91428E-009
   10485  0.91782E-009
   10486  0.92138E-009
   10487  0.92495E-009
   10488  0.92854E-009
   10489  0.93212E-009
   10490  0.93570E-009
   10491  0.93928E-009
   10492  0.94286E-009
   10493  0.94644E-009
   10494  0.95002E-009
   10495  0.95359E-009
   10496  0.95716E-009
   10497  0.96073E-009
   10498  0.96429E-009
   10499  0.96786E-009
   10500  0.97142E-009
   10501  0.97497E-009
   10502  0.97853E-009
   10503  0.98208E-009
   10504  0.98563E-009
   10505  0.98918E-009
   10506  0.99273E-009
   10507  0.99629E-009
   10508  0.85774E-009
   10509  0.86099E-009
   10510  0.86593E-009
   10511  0.87203E-009
   10512  0.87883E-009
   10513  0.88599E-009
   10514  0.89329E-009
   10515  0.90065E-009
   10516  0.90801E-009
   10517  0.91537E-009
   10518  0.92271E-009
   10519  0.93005E-009
   10520  0.93737E-009
   10521  0.94468E-009
   10522  0.95198E-009
   10523  0.95926E-009
   10524  0.96654E-009
   10525  0.82799E-009
   10526  0.82885E-009
   10527  0.83028E-009
   10528  0.83219E-009
   10529  0.83455E-009
   10530  0.83727E-009
   10531  0.84029E-009
   10532  0.84355E-009
   10533  0.84698E-009
   10534  0.85054E-009
   10535  0.85419E-009
   10536  0.85789E-009
   10537  0.86163E-009
   10538  0.86540E-009
   10539  0.86917E-009
   10540  0.87296E-009
   10541  0.87674E-009
   10542  0.88052E-009
   10543  0.88430E-009
   10544  0.88807E-009
   10545  0.89185E-009
   10546  0.89561E-009
   10547  0.89938E-009
   10548  0.90314E-009
   10549  0.90690E-009
   10550  0.91065E-009
   10551  0.91440E-009
   10552  0.91815E-009
   10553  0.92189E-009
   10554  0.92563E-009
   10555  0.92937E-009
   10556  0.93310E-009
   10557  0.93683E-009
   10558  0.94056E-009
   10559  0.94429E-009
   10560  0.80017E-009
   10561  0.80360E-009
   10562  0.80882E-009
   10563  0.81527E-009
   10564  0.82246E-009
   10565  0.83001E-009
   10566  0.83772E-009
   10567  0.84548E-009
   10568  0.85324E-009
   10569  0.86099E-009
   10570  0.86873E-009
   10571  0.87645E-009
   10572  0.88415E-009
   10573  0.89184E-009
   10574  0.89951E-009
   10575  0.90716E-009
   10576  0.91481E-009
   10577  0.77079E-009
   10578  0.77171E-009
   10579  0.77321E-009
   10580  0.77523E-009
   10581  0.77772E-009
   10582  0.78059E-009
   10583  0.78378E-009
   10584  0.78722E-009
   10585  0.79084E-009
   10586  0.79460E-009
   10587  0.79844E-009
   10588  0.80235E-009
   10589  0.80630E-009
   10590  0.81027E-009
   10591  0.81424E-009
   10592  0.81823E-009
   10593  0.82221E-009
   10594  0.82619E-009
   10595  0.83017E-009
   10596  0.83415E-009
   10597  0.83812E-009
   10598  0.84208E-009
   10599  0.84604E-009
   10600  0.85000E-009
   10601  0.85395E-009
   10602  0.85789E-009
   10603  0.86183E-009
   10604  0.86577E-009
   10605  0.86970E-009
   10606  0.87362E-009
   10607  0.87755E-009
   10608  0.88147E-009
   10609  0.88538E-009
   10610  0.88930E-009
   10611  0.89321E-009
   10612  0.74348E-009
   10613  0.74710E-009
   10614  0.75261E-009
   10615  0.75941E-009
   10616  0.76698E-009
   10617  0.77494E-009
   10618  0.78306E-009
   10619  0.79123E-009
   10620  0.79939E-009
   10621  0.80755E-009
   10622  0.81568E-009
   10623  0.82379E-009
   10624  0.83188E-009
   10625  0.83994E-009
   10626  0.84799E-009
   10627  0.85602E-009
   10628  0.86403E-009
   10629  0.71455E-009
   10630  0.71552E-009
   10631  0.71710E-009
   10632  0.71923E-009
   10633  0.72185E-009
   10634  0.72488E-009
   10635  0.72824E-009
   10636  0.73186E-009
   10637  0.73567E-009
   10638  0.73963E-009
   10639  0.74367E-009
   10640  0.74779E-009
   10641  0.75194E-009
   10642  0.75611E-009
   10643  0.76030E-009
   10644  0.76448E-009
   10645  0.76867E-009
   10646  0.77286E-009
   10647  0.77703E-009
   10648  0.78121E-009
   10649  0.78538E-009
   10650  0.78954E-009
   10651  0.79370E-009
   10652  0.79785E-009
   10653  0.80199E-009
   10654  0.80613E-009
   10655  0.81026E-009
   10656  0.81438E-009
   10657  0.81850E-009
   10658  0.82262E-009
   10659  0.82673E-009
   10660  0.83083E-009
   10661  0.83493E-009
   10662  0.83903E-009
   10663  0.84312E-009
   10664  0.68782E-009
   10665  0.69163E-009
   10666  0.69742E-009
   10667  0.70458E-009
   10668  0.71254E-009
   10669  0.72091E-009
   10670  0.72944E-009
   10671  0.73802E-009
   10672  0.74659E-009
   10673  0.75515E-009
   10674  0.76368E-009
   10675  0.77218E-009
   10676  0.78066E-009
   10677  0.78911E-009
   10678  0.79753E-009
   10679  0.80593E-009
   10680  0.81432E-009
   10681  0.65940E-009
   10682  0.66042E-009
   10683  0.66208E-009
   10684  0.66432E-009
   10685  0.66708E-009
   10686  0.67026E-009
   10687  0.67379E-009
   10688  0.67760E-009
   10689  0.68160E-009
   10690  0.68575E-009
   10691  0.69001E-009
   10692  0.69433E-009
   10693  0.69868E-009
   10694  0.70306E-009
   10695  0.70745E-009
   10696  0.71185E-009
   10697  0.71624E-009
   10698  0.72063E-009
   10699  0.72501E-009
   10700  0.72939E-009
   10701  0.73375E-009
   10702  0.73811E-009
   10703  0.74247E-009
   10704  0.74681E-009
   10705  0.75115E-009
   10706  0.75548E-009
   10707  0.75981E-009
   10708  0.76413E-009
   10709  0.76844E-009
   10710  0.77274E-009
   10711  0.77704E-009
   10712  0.78133E-009
   10713  0.78562E-009
   10714  0.78990E-009
   10715  0.79419E-009
   10716  0.63332E-009
   10717  0.63732E-009
   10718  0.64341E-009
   10719  0.65092E-009
   10720  0.65927E-009
   10721  0.66805E-009
   10722  0.67700E-009
   10723  0.68599E-009
   10724  0.69497E-009
   10725  0.70393E-009
   10726  0.71286E-009
   10727  0.72176E-009
   10728  0.73062E-009
   10729  0.73946E-009
   10730  0.74826E-009
   10731  0.75703E-009
   10732  0.76579E-009
   10733  0.60549E-009
   10734  0.60656E-009
   10735  0.60830E-009
   10736  0.61065E-009
   10737  0.61354E-009
   10738  0.61688E-009
   10739  0.62058E-009
   10740  0.62457E-009
   10741  0.62877E-009
   10742  0.63312E-009
   10743  0.63758E-009
   10744  0.64210E-009
   10745  0.64667E-009
   10746  0.65126E-009
   10747  0.65585E-009
   10748  0.66045E-009
   10749  0.66505E-009
   10750  0.66964E-009
   10751  0.67422E-009
   10752  0.67880E-009
   10753  0.68337E-009
   10754  0.68793E-009
   10755  0.69248E-009
   10756  0.69702E-009
   10757  0.70156E-009
   10758  0.70608E-009
   10759  0.71060E-009
   10760  0.71511E-009
   10761  0.71961E-009
   10762  0.72410E-009
   10763  0.72858E-009
   10764  0.73306E-009
   10765  0.73753E-009
   10766  0.74199E-009
   10767  0.74646E-009
   10768  0.58013E-009
   10769  0.58433E-009
   10770  0.59070E-009
   10771  0.59856E-009
   10772  0.60731E-009
   10773  0.61650E-009
   10774  0.62586E-009
   10775  0.63526E-009
   10776  0.64465E-009
   10777  0.65401E-009
   10778  0.66334E-009
   10779  0.67263E-009
   10780  0.68188E-009
   10781  0.69110E-009
   10782  0.70028E-009
   10783  0.70942E-009
   10784  0.71854E-009
   10785  0.55296E-009
   10786  0.55408E-009
   10787  0.55590E-009
   10788  0.55836E-009
   10789  0.56138E-009
   10790  0.56488E-009
   10791  0.56875E-009
   10792  0.57292E-009
   10793  0.57731E-009
   10794  0.58187E-009
   10795  0.58652E-009
   10796  0.59125E-009
   10797  0.59602E-009
   10798  0.60082E-009
   10799  0.60562E-009
   10800  0.61043E-009
   10801  0.61523E-009
   10802  0.62002E-009
   10803  0.62481E-009
   10804  0.62958E-009
   10805  0.63435E-009
   10806  0.63911E-009
   10807  0.64385E-009
   10808  0.64859E-009
   10809  0.65332E-009
   10810  0.65804E-009
   10811  0.66274E-009
   10812  0.66744E-009
   10813  0.67213E-009
   10814  0.67681E-009
   10815  0.68148E-009
   10816  0.68614E-009
   10817  0.69080E-009
   10818  0.69545E-009
   10819  0.70010E-009
   10820  0.52840E-009
   10821  0.53278E-009
   10822  0.53944E-009
   10823  0.54766E-009
   10824  0.55680E-009
   10825  0.56639E-009
   10826  0.57616E-009
   10827  0.58597E-009
   10828  0.59577E-009
   10829  0.60553E-009
   10830  0.61525E-009
   10831  0.62492E-009
   10832  0.63456E-009
   10833  0.64415E-009
   10834  0.65371E-009
   10835  0.66322E-009
   10836  0.67271E-009
   10837  0.50196E-009
   10838  0.50312E-009
   10839  0.50503E-009
   10840  0.50760E-009
   10841  0.51075E-009
   10842  0.51440E-009
   10843  0.51844E-009
   10844  0.52279E-009
   10845  0.52737E-009
   10846  0.53213E-009
   10847  0.53698E-009
   10848  0.54192E-009
   10849  0.54689E-009
   10850  0.55189E-009
   10851  0.55690E-009
   10852  0.56191E-009
   10853  0.56691E-009
   10854  0.57190E-009
   10855  0.57689E-009
   10856  0.58186E-009
   10857  0.58682E-009
   10858  0.59178E-009
   10859  0.59672E-009
   10860  0.60165E-009
   10861  0.60657E-009
   10862  0.61147E-009
   10863  0.61637E-009
   10864  0.62125E-009
   10865  0.62613E-009
   10866  0.63099E-009
   10867  0.63585E-009
   10868  0.64069E-009
   10869  0.64552E-009
   10870  0.65035E-009
   10871  0.65518E-009
   10872  0.47827E-009
   10873  0.48283E-009
   10874  0.48978E-009
   10875  0.49835E-009
   10876  0.50787E-009
   10877  0.51786E-009
   10878  0.52804E-009
   10879  0.53825E-009
   10880  0.54845E-009
   10881  0.55861E-009
   10882  0.56871E-009
   10883  0.57878E-009
   10884  0.58879E-009
   10885  0.59876E-009
   10886  0.60868E-009
   10887  0.61856E-009
   10888  0.62840E-009
   10889  0.45263E-009
   10890  0.45385E-009
   10891  0.45584E-009
   10892  0.45851E-009
   10893  0.46179E-009
   10894  0.46559E-009
   10895  0.46980E-009
   10896  0.47433E-009
   10897  0.47910E-009
   10898  0.48405E-009
   10899  0.48910E-009
   10900  0.49424E-009
   10901  0.49941E-009
   10902  0.50462E-009
   10903  0.50982E-009
   10904  0.51503E-009
   10905  0.52023E-009
   10906  0.52542E-009
   10907  0.53060E-009
   10908  0.53577E-009
   10909  0.54093E-009
   10910  0.54608E-009
   10911  0.55121E-009
   10912  0.55633E-009
   10913  0.56143E-009
   10914  0.56653E-009
   10915  0.57161E-009
   10916  0.57668E-009
   10917  0.58174E-009
   10918  0.58679E-009
   10919  0.59182E-009
   10920  0.59685E-009
   10921  0.60186E-009
   10922  0.60687E-009
   10923  0.61188E-009
   10924  0.42989E-009
   10925  0.43464E-009
   10926  0.44186E-009
   10927  0.45077E-009
   10928  0.46068E-009
   10929  0.47107E-009
   10930  0.48164E-009
   10931  0.49225E-009
   10932  0.50284E-009
   10933  0.51338E-009
   10934  0.52388E-009
   10935  0.53432E-009
   10936  0.54470E-009
   10937  0.55504E-009
   10938  0.56532E-009
   10939  0.57556E-009
   10940  0.58575E-009
   10941  0.40514E-009
   10942  0.40640E-009
   10943  0.40847E-009
   10944  0.41125E-009
   10945  0.41466E-009
   10946  0.41860E-009
   10947  0.42298E-009
   10948  0.42769E-009
   10949  0.43264E-009
   10950  0.43778E-009
   10951  0.44303E-009
   10952  0.44836E-009
   10953  0.45373E-009
   10954  0.45913E-009
   10955  0.46453E-009
   10956  0.46994E-009
   10957  0.47533E-009
   10958  0.48072E-009
   10959  0.48609E-009
   10960  0.49145E-009
   10961  0.49680E-009
   10962  0.50213E-009
   10963  0.50745E-009
   10964  0.51276E-009
   10965  0.51805E-009
   10966  0.52333E-009
   10967  0.52859E-009
   10968  0.53384E-009
   10969  0.53908E-009
   10970  0.54430E-009
   10971  0.54951E-009
   10972  0.55471E-009
   10973  0.55990E-009
   10974  0.56508E-009
   10975  0.57025E-009
   10976  0.38341E-009
   10977  0.38834E-009
   10978  0.39584E-009
   10979  0.40509E-009
   10980  0.41536E-009
   10981  0.42614E-009
   10982  0.43710E-009
   10983  0.44810E-009
   10984  0.45908E-009
   10985  0.47000E-009
   10986  0.48086E-009
   10987  0.49167E-009
   10988  0.50242E-009
   10989  0.51311E-009
   10990  0.52375E-009
   10991  0.53433E-009
   10992  0.54487E-009
   10993  0.35963E-009
   10994  0.36093E-009
   10995  0.36308E-009
   10996  0.36596E-009
   10997  0.36950E-009
   10998  0.37358E-009
   10999  0.37812E-009
   11000  0.38300E-009
   11001  0.38813E-009
   11002  0.39346E-009
   11003  0.39890E-009
   11004  0.40442E-009
   11005  0.40998E-009
   11006  0.41558E-009
   11007  0.42117E-009
   11008  0.42677E-009
   11009  0.43235E-009
   11010  0.43793E-009
   11011  0.44349E-009
   11012  0.44903E-009
   11013  0.45456E-009
   11014  0.46008E-009
   11015  0.46558E-009
   11016  0.47107E-009
   11017  0.47654E-009
   11018  0.48199E-009
   11019  0.48743E-009
   11020  0.49286E-009
   11021  0.49827E-009
   11022  0.50367E-009
   11023  0.50905E-009
   11024  0.51442E-009
   11025  0.51978E-009
   11026  0.52514E-009
   11027  0.53049E-009
   11028  0.33899E-009
   11029  0.34410E-009
   11030  0.35186E-009
   11031  0.36143E-009
   11032  0.37207E-009
   11033  0.38322E-009
   11034  0.39456E-009
   11035  0.40594E-009
   11036  0.41729E-009
   11037  0.42858E-009
   11038  0.43980E-009
   11039  0.45097E-009
   11040  0.46207E-009
   11041  0.47311E-009
   11042  0.48409E-009
   11043  0.49501E-009
   11044  0.50589E-009
   11045  0.31624E-009
   11046  0.31759E-009
   11047  0.31981E-009
   11048  0.32278E-009
   11049  0.32645E-009
   11050  0.33067E-009
   11051  0.33536E-009
   11052  0.34041E-009
   11053  0.34572E-009
   11054  0.35122E-009
   11055  0.35685E-009
   11056  0.36256E-009
   11057  0.36831E-009
   11058  0.37409E-009
   11059  0.37987E-009
   11060  0.38565E-009
   11061  0.39142E-009
   11062  0.39717E-009
   11063  0.40292E-009
   11064  0.40864E-009
   11065  0.41435E-009
   11066  0.42005E-009
   11067  0.42572E-009
   11068  0.43138E-009
   11069  0.43703E-009
   11070  0.44266E-009
   11071  0.44827E-009
   11072  0.45387E-009
   11073  0.45945E-009
   11074  0.46501E-009
   11075  0.47056E-009
   11076  0.47610E-009
   11077  0.48162E-009
   11078  0.48713E-009
   11079  0.49264E-009
   11080  0.29676E-009
   11081  0.30204E-009
   11082  0.31005E-009
   11083  0.31995E-009
   11084  0.33093E-009
   11085  0.34244E-009
   11086  0.35415E-009
   11087  0.36590E-009
   11088  0.37760E-009
   11089  0.38925E-009
   11090  0.40082E-009
   11091  0.41233E-009
   11092  0.42377E-009
   11093  0.43515E-009
   11094  0.44646E-009
   11095  0.45771E-009
   11096  0.46890E-009
   11097  0.27511E-009
   11098  0.27651E-009
   11099  0.27879E-009
   11100  0.28187E-009
   11101  0.28565E-009
   11102  0.29001E-009
   11103  0.29485E-009
   11104  0.30006E-009
   11105  0.30553E-009
   11106  0.31121E-009
   11107  0.31701E-009
   11108  0.32290E-009
   11109  0.32883E-009
   11110  0.33479E-009
   11111  0.34075E-009
   11112  0.34670E-009
   11113  0.35265E-009
   11114  0.35858E-009
   11115  0.36450E-009
   11116  0.37040E-009
   11117  0.37628E-009
   11118  0.38215E-009
   11119  0.38799E-009
   11120  0.39382E-009
   11121  0.39963E-009
   11122  0.40543E-009
   11123  0.41120E-009
   11124  0.41696E-009
   11125  0.42271E-009
   11126  0.42843E-009
   11127  0.43415E-009
   11128  0.43984E-009
   11129  0.44552E-009
   11130  0.45119E-009
   11131  0.45686E-009
   11132  0.25686E-009
   11133  0.26230E-009
   11134  0.27056E-009
   11135  0.28076E-009
   11136  0.29208E-009
   11137  0.30394E-009
   11138  0.31600E-009
   11139  0.32809E-009
   11140  0.34014E-009
   11141  0.35212E-009
   11142  0.36403E-009
   11143  0.37587E-009
   11144  0.38764E-009
   11145  0.39933E-009
   11146  0.41095E-009
   11147  0.42251E-009
   11148  0.43401E-009
   11149  0.23639E-009
   11150  0.23782E-009
   11151  0.24018E-009
   11152  0.24334E-009
   11153  0.24724E-009
   11154  0.25173E-009
   11155  0.25671E-009
   11156  0.26207E-009
   11157  0.26770E-009
   11158  0.27355E-009
   11159  0.27951E-009
   11160  0.28557E-009
   11161  0.29168E-009
   11162  0.29780E-009
   11163  0.30393E-009
   11164  0.31006E-009
   11165  0.31618E-009
   11166  0.32228E-009
   11167  0.32836E-009
   11168  0.33442E-009
   11169  0.34047E-009
   11170  0.34649E-009
   11171  0.35250E-009
   11172  0.35849E-009
   11173  0.36446E-009
   11174  0.37041E-009
   11175  0.37634E-009
   11176  0.38226E-009
   11177  0.38815E-009
   11178  0.39403E-009
   11179  0.39989E-009
   11180  0.40574E-009
   11181  0.41156E-009
   11182  0.41738E-009
   11183  0.42318E-009
   11184  0.21943E-009
   11185  0.22502E-009
   11186  0.23352E-009
   11187  0.24400E-009
   11188  0.25564E-009
   11189  0.26783E-009
   11190  0.28022E-009
   11191  0.29264E-009
   11192  0.30502E-009
   11193  0.31732E-009
   11194  0.32955E-009
   11195  0.34170E-009
   11196  0.35377E-009
   11197  0.36576E-009
   11198  0.37769E-009
   11199  0.38954E-009
   11200  0.40133E-009
   11201  0.20020E-009
   11202  0.20168E-009
   11203  0.20410E-009
   11204  0.20735E-009
   11205  0.21134E-009
   11206  0.21596E-009
   11207  0.22107E-009
   11208  0.22658E-009
   11209  0.23236E-009
   11210  0.23836E-009
   11211  0.24449E-009
   11212  0.25071E-009
   11213  0.25697E-009
   11214  0.26326E-009
   11215  0.26956E-009
   11216  0.27584E-009
   11217  0.28212E-009
   11218  0.28837E-009
   11219  0.29461E-009
   11220  0.30083E-009
   11221  0.30703E-009
   11222  0.31321E-009
   11223  0.31937E-009
   11224  0.32551E-009
   11225  0.33163E-009
   11226  0.33773E-009
   11227  0.34381E-009
   11228  0.34987E-009
   11229  0.35591E-009
   11230  0.36193E-009
   11231  0.36794E-009
   11232  0.37392E-009
   11233  0.37989E-009
   11234  0.38586E-009
   11235  0.39182E-009
   11236  0.18460E-009
   11237  0.19034E-009
   11238  0.19906E-009
   11239  0.20981E-009
   11240  0.22174E-009
   11241  0.23424E-009
   11242  0.24695E-009
   11243  0.25968E-009
   11244  0.27237E-009
   11245  0.28497E-009
   11246  0.29750E-009
   11247  0.30994E-009
   11248  0.32230E-009
   11249  0.33458E-009
   11250  0.34678E-009
   11251  0.35891E-009
   11252  0.37097E-009
   11253  0.16669E-009
   11254  0.16820E-009
   11255  0.17068E-009
   11256  0.17401E-009
   11257  0.17810E-009
   11258  0.18283E-009
   11259  0.18807E-009
   11260  0.19371E-009
   11261  0.19964E-009
   11262  0.20579E-009
   11263  0.21207E-009
   11264  0.21844E-009
   11265  0.22485E-009
   11266  0.23129E-009
   11267  0.23773E-009
   11268  0.24417E-009
   11269  0.25060E-009
   11270  0.25700E-009
   11271  0.26339E-009
   11272  0.26975E-009
   11273  0.27610E-009
   11274  0.28242E-009
   11275  0.28872E-009
   11276  0.29501E-009
   11277  0.30127E-009
   11278  0.30750E-009
   11279  0.31372E-009
   11280  0.31992E-009
   11281  0.32610E-009
   11282  0.33226E-009
   11283  0.33839E-009
   11284  0.34451E-009
   11285  0.35061E-009
   11286  0.35670E-009
   11287  0.36278E-009
   11288  0.15250E-009
   11289  0.15838E-009
   11290  0.16730E-009
   11291  0.17830E-009
   11292  0.19052E-009
   11293  0.20331E-009
   11294  0.21631E-009
   11295  0.22933E-009
   11296  0.24230E-009
   11297  0.25519E-009
   11298  0.26799E-009
   11299  0.28071E-009
   11300  0.29335E-009
   11301  0.30589E-009
   11302  0.31836E-009
   11303  0.33074E-009
   11304  0.34306E-009
   11305  0.13596E-009
   11306  0.13751E-009
   11307  0.14004E-009
   11308  0.14345E-009
   11309  0.14764E-009
   11310  0.15247E-009
   11311  0.15783E-009
   11312  0.16359E-009
   11313  0.16966E-009
   11314  0.17594E-009
   11315  0.18235E-009
   11316  0.18887E-009
   11317  0.19542E-009
   11318  0.20200E-009
   11319  0.20858E-009
   11320  0.21516E-009
   11321  0.22172E-009
   11322  0.22827E-009
   11323  0.23479E-009
   11324  0.24129E-009
   11325  0.24777E-009
   11326  0.25423E-009
   11327  0.26066E-009
   11328  0.26708E-009
   11329  0.27347E-009
   11330  0.27984E-009
   11331  0.28618E-009
   11332  0.29251E-009
   11333  0.29881E-009
   11334  0.30510E-009
   11335  0.31136E-009
   11336  0.31761E-009
   11337  0.32383E-009
   11338  0.33004E-009
   11339  0.33625E-009
   11340  0.12325E-009
   11341  0.12925E-009
   11342  0.13836E-009
   11343  0.14960E-009
   11344  0.16207E-009
   11345  0.17513E-009
   11346  0.18839E-009
   11347  0.20168E-009
   11348  0.21492E-009
   11349  0.22807E-009
   11350  0.24113E-009
   11351  0.25410E-009
   11352  0.26698E-009
   11353  0.27978E-009
   11354  0.29249E-009
   11355  0.30511E-009
   11356  0.31766E-009
   11357  0.10815E-009
   11358  0.10973E-009
   11359  0.11231E-009
   11360  0.11579E-009
   11361  0.12006E-009
   11362  0.12499E-009
   11363  0.13045E-009
   11364  0.13633E-009
   11365  0.14251E-009
   11366  0.14892E-009
   11367  0.15546E-009
   11368  0.16210E-009
   11369  0.16879E-009
   11370  0.17550E-009
   11371  0.18221E-009
   11372  0.18891E-009
   11373  0.19560E-009
   11374  0.20227E-009
   11375  0.20891E-009
   11376  0.21554E-009
   11377  0.22214E-009
   11378  0.22872E-009
   11379  0.23527E-009
   11380  0.24181E-009
   11381  0.24832E-009
   11382  0.25480E-009
   11383  0.26127E-009
   11384  0.26771E-009
   11385  0.27413E-009
   11386  0.28053E-009
   11387  0.28691E-009
   11388  0.29326E-009
   11389  0.29960E-009
   11390  0.30591E-009
   11391  0.31223E-009
   11392  0.96959E-010
   11393  0.10308E-009
   11394  0.11236E-009
   11395  0.12381E-009
   11396  0.13651E-009
   11397  0.14981E-009
   11398  0.16332E-009
   11399  0.17685E-009
   11400  0.19032E-009
   11401  0.20371E-009
   11402  0.21700E-009
   11403  0.23020E-009
   11404  0.24330E-009
   11405  0.25632E-009
   11406  0.26924E-009
   11407  0.28208E-009
   11408  0.29484E-009
   11409  0.83350E-010
   11410  0.84956E-010
   11411  0.87587E-010
   11412  0.91123E-010
   11413  0.95469E-010
   11414  0.10049E-009
   11415  0.10604E-009
   11416  0.11203E-009
   11417  0.11832E-009
   11418  0.12484E-009
   11419  0.13149E-009
   11420  0.13825E-009
   11421  0.14505E-009
   11422  0.15187E-009
   11423  0.15870E-009
   11424  0.16551E-009
   11425  0.17231E-009
   11426  0.17910E-009
   11427  0.18586E-009
   11428  0.19259E-009
   11429  0.19930E-009
   11430  0.20599E-009
   11431  0.21265E-009
   11432  0.21929E-009
   11433  0.22591E-009
   11434  0.23250E-009
   11435  0.23907E-009
   11436  0.24562E-009
   11437  0.25214E-009
   11438  0.25864E-009
   11439  0.26512E-009
   11440  0.27158E-009
   11441  0.27802E-009
   11442  0.28445E-009
   11443  0.29087E-009
   11444  0.73728E-010
   11445  0.79945E-010
   11446  0.89381E-010
   11447  0.10102E-009
   11448  0.11392E-009
   11449  0.12744E-009
   11450  0.14117E-009
   11451  0.15491E-009
   11452  0.16860E-009
   11453  0.18220E-009
   11454  0.19570E-009
   11455  0.20910E-009
   11456  0.22241E-009
   11457  0.23562E-009
   11458  0.24874E-009
   11459  0.26177E-009
   11460  0.27473E-009
   11461  0.61657E-010
   11462  0.63287E-010
   11463  0.65958E-010
   11464  0.69549E-010
   11465  0.73961E-010
   11466  0.79054E-010
   11467  0.84698E-010
   11468  0.90774E-010
   11469  0.97158E-010
   11470  0.10377E-009
   11471  0.11053E-009
   11472  0.11739E-009
   11473  0.12429E-009
   11474  0.13121E-009
   11475  0.13814E-009
   11476  0.14506E-009
   11477  0.15196E-009
   11478  0.15884E-009
   11479  0.16570E-009
   11480  0.17253E-009
   11481  0.17934E-009
   11482  0.18613E-009
   11483  0.19289E-009
   11484  0.19962E-009
   11485  0.20633E-009
   11486  0.21302E-009
   11487  0.21968E-009
   11488  0.22632E-009
   11489  0.23294E-009
   11490  0.23953E-009
   11491  0.24610E-009
   11492  0.25266E-009
   11493  0.25918E-009
   11494  0.26569E-009
   11495  0.27220E-009
   11496  0.53642E-010
   11497  0.59946E-010
   11498  0.69516E-010
   11499  0.81314E-010
   11500  0.94402E-010
   11501  0.10810E-009
   11502  0.12202E-009
   11503  0.13596E-009
   11504  0.14983E-009
   11505  0.16361E-009
   11506  0.17729E-009
   11507  0.19087E-009
   11508  0.20435E-009
   11509  0.21774E-009
   11510  0.23103E-009
   11511  0.24423E-009
   11512  0.25736E-009
   11513  0.43152E-010
   11514  0.44803E-010
   11515  0.47510E-010
   11516  0.51147E-010
   11517  0.55616E-010
   11518  0.60775E-010
   11519  0.66491E-010
   11520  0.72645E-010
   11521  0.79111E-010
   11522  0.85812E-010
   11523  0.92654E-010
   11524  0.99597E-010
   11525  0.10658E-009
   11526  0.11360E-009
   11527  0.12061E-009
   11528  0.12762E-009
   11529  0.13460E-009
   11530  0.14157E-009
   11531  0.14851E-009
   11532  0.15543E-009
   11533  0.16232E-009
   11534  0.16919E-009
   11535  0.17603E-009
   11536  0.18285E-009
   11537  0.18964E-009
   11538  0.19641E-009
   11539  0.20315E-009
   11540  0.20987E-009
   11541  0.21656E-009
   11542  0.22324E-009
   11543  0.22988E-009
   11544  0.23651E-009
   11545  0.24311E-009
   11546  0.24970E-009
   11547  0.25629E-009
   11548  0.36780E-010
   11549  0.43158E-010
   11550  0.52840E-010
   11551  0.64775E-010
   11552  0.78015E-010
   11553  0.91875E-010
   11554  0.10595E-009
   11555  0.12004E-009
   11556  0.13407E-009
   11557  0.14800E-009
   11558  0.16184E-009
   11559  0.17557E-009
   11560  0.18919E-009
   11561  0.20272E-009
   11562  0.21615E-009
   11563  0.22949E-009
   11564  0.24275E-009
   11565  0.27911E-010
   11566  0.29579E-010
   11567  0.32314E-010
   11568  0.35989E-010
   11569  0.40505E-010
   11570  0.45719E-010
   11571  0.51495E-010
   11572  0.57713E-010
   11573  0.64247E-010
   11574  0.71017E-010
   11575  0.77930E-010
   11576  0.84945E-010
   11577  0.92003E-010
   11578  0.99089E-010
   11579  0.10617E-009
   11580  0.11325E-009
   11581  0.12031E-009
   11582  0.12734E-009
   11583  0.13435E-009
   11584  0.14134E-009
   11585  0.14830E-009
   11586  0.15524E-009
   11587  0.16215E-009
   11588  0.16903E-009
   11589  0.17589E-009
   11590  0.18272E-009
   11591  0.18952E-009
   11592  0.19631E-009
   11593  0.20306E-009
   11594  0.20980E-009
   11595  0.21651E-009
   11596  0.22319E-009
   11597  0.22985E-009
   11598  0.23649E-009
   11599  0.24313E-009
   11600  0.23209E-010
   11601  0.29647E-010
   11602  0.39419E-010
   11603  0.51465E-010
   11604  0.64827E-010
   11605  0.78815E-010
   11606  0.93019E-010
   11607  0.10724E-009
   11608  0.12139E-009
   11609  0.13545E-009
   11610  0.14940E-009
   11611  0.16325E-009
   11612  0.17699E-009
   11613  0.19063E-009
   11614  0.20418E-009
   11615  0.21762E-009
   11616  0.23099E-009
   11617  0.15993E-010
   11618  0.17675E-010
   11619  0.20432E-010
   11620  0.24137E-010
   11621  0.28690E-010
   11622  0.33946E-010
   11623  0.39769E-010
   11624  0.46038E-010
   11625  0.52625E-010
   11626  0.59450E-010
   11627  0.66419E-010
   11628  0.73490E-010
   11629  0.80604E-010
   11630  0.87746E-010
   11631  0.94886E-010
   11632  0.10202E-009
   11633  0.10913E-009
   11634  0.11622E-009
   11635  0.12329E-009
   11636  0.13033E-009
   11637  0.13734E-009
   11638  0.14433E-009
   11639  0.15129E-009
   11640  0.15823E-009
   11641  0.16513E-009
   11642  0.17202E-009
   11643  0.17888E-009
   11644  0.18571E-009
   11645  0.19251E-009
   11646  0.19930E-009
   11647  0.20606E-009
   11648  0.21279E-009
   11649  0.21950E-009
   11650  0.22620E-009
   11651  0.23290E-009
   11652  0.12983E-010
   11653  0.19466E-010
   11654  0.29307E-010
   11655  0.41437E-010
   11656  0.54892E-010
   11657  0.68975E-010
   11658  0.83277E-010
   11659  0.97593E-010
   11660  0.11184E-009
   11661  0.12599E-009
   11662  0.14003E-009
   11663  0.15397E-009
   11664  0.16780E-009
   11665  0.18153E-009
   11666  0.19516E-009
   11667  0.20869E-009
   11668  0.22213E-009
   11669  0.74456E-011
   11670  0.91375E-011
   11671  0.11911E-010
   11672  0.15638E-010
   11673  0.20218E-010
   11674  0.25504E-010
   11675  0.31361E-010
   11676  0.37667E-010
   11677  0.44292E-010
   11678  0.51156E-010
   11679  0.58165E-010
   11680  0.65276E-010
   11681  0.72431E-010
   11682  0.79614E-010
   11683  0.86794E-010
   11684  0.93967E-010
   11685  0.10112E-009
   11686  0.10825E-009
   11687  0.11536E-009
   11688  0.12244E-009
   11689  0.12949E-009
   11690  0.13651E-009
   11691  0.14351E-009
   11692  0.15049E-009
   11693  0.15743E-009
   11694  0.16435E-009
   11695  0.17125E-009
   11696  0.17811E-009
   11697  0.18496E-009
   11698  0.19177E-009
   11699  0.19857E-009
   11700  0.20533E-009
   11701  0.21207E-009
   11702  0.21879E-009
   11703  0.22551E-009
   11704  0.61430E-011
   11705  0.12657E-010
   11706  0.22543E-010
   11707  0.34731E-010
   11708  0.48248E-010
   11709  0.62396E-010
   11710  0.76763E-010
   11711  0.91144E-010
   11712  0.10546E-009
   11713  0.11967E-009
   11714  0.13378E-009
   11715  0.14777E-009
   11716  0.16167E-009
   11717  0.17545E-009
   11718  0.18914E-009
   11719  0.20273E-009
   11720  0.21623E-009
   11721  0.23039E-011
   11722  0.40018E-011
   11723  0.67850E-011
   11724  0.10525E-010
   11725  0.15121E-010
   11726  0.20426E-010
   11727  0.26304E-010
   11728  0.32631E-010
   11729  0.39279E-010
   11730  0.46168E-010
   11731  0.53201E-010
   11732  0.60337E-010
   11733  0.67517E-010
   11734  0.74724E-010
   11735  0.81929E-010
   11736  0.89126E-010
   11737  0.96303E-010
   11738  0.10346E-009
   11739  0.11059E-009
   11740  0.11769E-009
   11741  0.12477E-009
   11742  0.13182E-009
   11743  0.13884E-009
   11744  0.14584E-009
   11745  0.15281E-009
   11746  0.15975E-009
   11747  0.16666E-009
   11748  0.17356E-009
   11749  0.18042E-009
   11750  0.18726E-009
   11751  0.19408E-009
   11752  0.20087E-009
   11753  0.20763E-009
   11754  0.21438E-009
   11755  0.22113E-009
   11756  0.27165E-011
   11757  0.92457E-011
   11758  0.19155E-010
   11759  0.31371E-010
   11760  0.44919E-010
   11761  0.59101E-010
   11762  0.73501E-010
   11763  0.87915E-010
   11764  0.10226E-009
   11765  0.11650E-009
   11766  0.13064E-009
   11767  0.14467E-009
   11768  0.15860E-009
   11769  0.17242E-009
   11770  0.18613E-009
   11771  0.19975E-009
   11772  0.21328E-009
