       1  0.56992E-008
      20  0.58956E-009
      21  0.59013E-009
      22  0.59190E-009
      23  0.59494E-009
      24  0.59911E-009
      25  0.60454E-009
      26  0.61114E-009
      27  0.61880E-009
      28  0.62764E-009
      29  0.63771E-009
      30  0.64894E-009
      31  0.66117E-009
      32  0.67453E-009
      33  0.68915E-009
      34  0.70486E-009
      35  0.72155E-009
      36  0.73928E-009
      37  0.75820E-009
      38  0.77816E-009
      39  0.79907E-009
      40  0.82093E-009
      41  0.84390E-009
      42  0.86786E-009
      43  0.89270E-009
      44  0.91844E-009
      45  0.94522E-009
      46  0.97288E-009
      47  0.10013E-008
      48  0.10306E-008
      49  0.10609E-008
      50  0.10919E-008
      51  0.11237E-008
      52  0.11561E-008
      53  0.11895E-008
      54  0.12235E-008
      55  0.12582E-008
      56  0.12935E-008
      57  0.13295E-008
      58  0.13662E-008
      59  0.14034E-008
      60  0.14411E-008
      61  0.14795E-008
      62  0.15184E-008
      63  0.15578E-008
      64  0.15976E-008
      65  0.16379E-008
      66  0.16787E-008
      67  0.17198E-008
      68  0.17613E-008
      69  0.18031E-008
      70  0.18454E-008
      71  0.18879E-008
      72  0.19307E-008
      73  0.19739E-008
      74  0.20172E-008
      75  0.20609E-008
      76  0.21046E-008
      77  0.21487E-008
      78  0.21929E-008
      79  0.22373E-008
      80  0.22817E-008
      81  0.23264E-008
      82  0.23711E-008
      83  0.24160E-008
      84  0.24608E-008
      85  0.25058E-008
      86  0.25509E-008
      87  0.25959E-008
      88  0.26410E-008
      89  0.26861E-008
      90  0.27312E-008
      91  0.27762E-008
      92  0.28212E-008
      93  0.28662E-008
      94  0.29112E-008
      95  0.29561E-008
      96  0.30008E-008
      97  0.30456E-008
      98  0.30902E-008
      99  0.31348E-008
     100  0.31792E-008
     101  0.32235E-008
     102  0.32677E-008
     103  0.33118E-008
     104  0.33558E-008
     105  0.33996E-008
     106  0.34433E-008
     107  0.34868E-008
     108  0.35302E-008
     109  0.35735E-008
     110  0.36166E-008
     111  0.36595E-008
     112  0.37023E-008
     113  0.37449E-008
     114  0.37873E-008
     115  0.38296E-008
     116  0.38717E-008
     117  0.39136E-008
     118  0.39554E-008
     119  0.39970E-008
     120  0.40384E-008
     121  0.40796E-008
     122  0.41207E-008
     123  0.41616E-008
     124  0.42023E-008
     125  0.42428E-008
     126  0.42832E-008
     127  0.43234E-008
     128  0.43634E-008
     129  0.44032E-008
     130  0.44429E-008
     131  0.44824E-008
     132  0.45217E-008
     133  0.45609E-008
     134  0.45998E-008
     135  0.46387E-008
     136  0.46773E-008
     137  0.47158E-008
     138  0.47541E-008
     139  0.47923E-008
     140  0.48303E-008
     141  0.48681E-008
     142  0.49058E-008
     143  0.49434E-008
     144  0.49807E-008
     145  0.50180E-008
     146  0.50551E-008
     147  0.50920E-008
     148  0.51288E-008
     149  0.51654E-008
     150  0.52019E-008
     151  0.52383E-008
     152  0.52745E-008
     153  0.53106E-008
     154  0.53466E-008
     155  0.53824E-008
     156  0.54181E-008
     157  0.54537E-008
     158  0.54891E-008
     159  0.55245E-008
     160  0.55597E-008
     161  0.55947E-008
     162  0.56297E-008
     163  0.56645E-008
    2253   0.0000     
    2271  0.56896E-008
    2272  0.75281E-012
    2273  0.30093E-011
    2274  0.67684E-011
    2275  0.12025E-010
    2276  0.18775E-010
    2277  0.27011E-010
    2278  0.36725E-010
    2279  0.47907E-010
    2280  0.60546E-010
    2281  0.74629E-010
    2282  0.90142E-010
    2283  0.10707E-009
    2284  0.12539E-009
    2285  0.14509E-009
    2286  0.16615E-009
    2287  0.18855E-009
    2288  0.21226E-009
    2289  0.23726E-009
    2290  0.26352E-009
    2291  0.29103E-009
    2292  0.31975E-009
    2293  0.34966E-009
    2294  0.38073E-009
    2295  0.41293E-009
    2296  0.44623E-009
    2297  0.48060E-009
    2298  0.51601E-009
    2299  0.55243E-009
    2300  0.58982E-009
    2301  0.62816E-009
    2302  0.66740E-009
    2303  0.70752E-009
    2304  0.74849E-009
    2305  0.79026E-009
    2306  0.83280E-009
    2307  0.87609E-009
    2308  0.92008E-009
    2309  0.96474E-009
    2310  0.10100E-008
    2311  0.10560E-008
    2312  0.11024E-008
    2313  0.11494E-008
    2314  0.11970E-008
    2315  0.12450E-008
    2316  0.12934E-008
    2317  0.13422E-008
    2318  0.13915E-008
    2319  0.14410E-008
    2320  0.14909E-008
    2321  0.15411E-008
    2322  0.15915E-008
    2323  0.16422E-008
    2324  0.16931E-008
    2325  0.17441E-008
    2326  0.17953E-008
    2327  0.18466E-008
    2328  0.18981E-008
    2329  0.19496E-008
    2330  0.20011E-008
    2331  0.20527E-008
    2332  0.21043E-008
    2333  0.21559E-008
    2334  0.22075E-008
    2335  0.22590E-008
    2336  0.23105E-008
    2337  0.23618E-008
    2338  0.24131E-008
    2339  0.24643E-008
    2340  0.25153E-008
    2341  0.25662E-008
    2342  0.26170E-008
    2343  0.26675E-008
    2344  0.27179E-008
    2345  0.27682E-008
    2346  0.28182E-008
    2347  0.28680E-008
    2348  0.29176E-008
    2349  0.29669E-008
    2350  0.30161E-008
    2351  0.30650E-008
    2352  0.31136E-008
    2353  0.31620E-008
    2354  0.32102E-008
    2355  0.32581E-008
    2356  0.33057E-008
    2357  0.33531E-008
    2358  0.34002E-008
    2359  0.34470E-008
    2360  0.34936E-008
    2361  0.35399E-008
    2362  0.35859E-008
    2363  0.36317E-008
    2364  0.36771E-008
    2365  0.37223E-008
    2366  0.37673E-008
    2367  0.38119E-008
    2368  0.38563E-008
    2369  0.39005E-008
    2370  0.39443E-008
    2371  0.39879E-008
    2372  0.40312E-008
    2373  0.40743E-008
    2374  0.41171E-008
    2375  0.41596E-008
    2376  0.42019E-008
    2377  0.42440E-008
    2378  0.42858E-008
    2379  0.43273E-008
    2380  0.43687E-008
    2381  0.44097E-008
    2382  0.44506E-008
    2383  0.44912E-008
    2384  0.45316E-008
    2385  0.45717E-008
    2386  0.46117E-008
    2387  0.46514E-008
    2388  0.46909E-008
    2389  0.47302E-008
    2390  0.47693E-008
    2391  0.48082E-008
    2392  0.48469E-008
    2393  0.48854E-008
    2394  0.49237E-008
    2395  0.49618E-008
    2396  0.49997E-008
    2397  0.50374E-008
    2398  0.50750E-008
    2399  0.51124E-008
    2400  0.51496E-008
    2401  0.51867E-008
    2402  0.52236E-008
    2403  0.52603E-008
    2404  0.52969E-008
    2405  0.53333E-008
    2406  0.53696E-008
    2407  0.54057E-008
    2408  0.54416E-008
    2409  0.54775E-008
    2410  0.55132E-008
    2411  0.55487E-008
    2412  0.55841E-008
    2413  0.56194E-008
    2414  0.56546E-008
    7994  0.57247E-009
    7995  0.55532E-009
    7996  0.53808E-009
    7997  0.52075E-009
    7998  0.50334E-009
    7999  0.48585E-009
    8000  0.46826E-009
    8001  0.45058E-009
    8002  0.43280E-009
    8003  0.41494E-009
    8004  0.39698E-009
    8005  0.37893E-009
    8006  0.36078E-009
    8007  0.34254E-009
    8008  0.32420E-009
    8009  0.30576E-009
    8010  0.28723E-009
    8011  0.26860E-009
    8012  0.24988E-009
    8013  0.23107E-009
    8014  0.21218E-009
    8015  0.19324E-009
    8016  0.17427E-009
    8017  0.15535E-009
    8018  0.13652E-009
    8019  0.11793E-009
    8020  0.99706E-010
    8021  0.82098E-010
    8022  0.65322E-010
    8023  0.49726E-010
    8024  0.35637E-010
    8025  0.23425E-010
    8026  0.13481E-010
    8027  0.60791E-011
    8028  0.15626E-011
    8029  0.56897E-008
    8030  0.56897E-008
    8031  0.56897E-008
    8032  0.56898E-008
    8033  0.56899E-008
    8034  0.56900E-008
    8035  0.56901E-008
    8036  0.56902E-008
    8037  0.56903E-008
    8038  0.56905E-008
    8039  0.56906E-008
    8040  0.56908E-008
    8041  0.56910E-008
    8042  0.56912E-008
    8043  0.56915E-008
    8044  0.56917E-008
    8045  0.56919E-008
    8046  0.56922E-008
    8047  0.56925E-008
    8048  0.56928E-008
    8049  0.56931E-008
    8050  0.56934E-008
    8051  0.56937E-008
    8052  0.56941E-008
    8053  0.56944E-008
    8054  0.56948E-008
    8055  0.56952E-008
    8056  0.56956E-008
    8057  0.56960E-008
    8058  0.56964E-008
    8059  0.56969E-008
    8060  0.56973E-008
    8061  0.56978E-008
    8062  0.56982E-008
    8063  0.56987E-008
    8064  0.56546E-008
    8065  0.56547E-008
    8066  0.56549E-008
    8067  0.56552E-008
    8068  0.56555E-008
    8069  0.56559E-008
    8070  0.56563E-008
    8071  0.56568E-008
    8072  0.56573E-008
    8073  0.56579E-008
    8074  0.56585E-008
    8075  0.56592E-008
    8076  0.56600E-008
    8077  0.56608E-008
    8078  0.56616E-008
    8079  0.56625E-008
    8080  0.56635E-008
    8081  0.56194E-008
    8082  0.56195E-008
    8083  0.56195E-008
    8084  0.56196E-008
    8085  0.56197E-008
    8086  0.56198E-008
    8087  0.56199E-008
    8088  0.56200E-008
    8089  0.56202E-008
    8090  0.56204E-008
    8091  0.56206E-008
    8092  0.56208E-008
    8093  0.56210E-008
    8094  0.56212E-008
    8095  0.56214E-008
    8096  0.56217E-008
    8097  0.56220E-008
    8098  0.56223E-008
    8099  0.56226E-008
    8100  0.56229E-008
    8101  0.56232E-008
    8102  0.56235E-008
    8103  0.56239E-008
    8104  0.56243E-008
    8105  0.56246E-008
    8106  0.56250E-008
    8107  0.56254E-008
    8108  0.56259E-008
    8109  0.56263E-008
    8110  0.56267E-008
    8111  0.56272E-008
    8112  0.56277E-008
    8113  0.56281E-008
    8114  0.56286E-008
    8115  0.56292E-008
    8116  0.55842E-008
    8117  0.55843E-008
    8118  0.55845E-008
    8119  0.55848E-008
    8120  0.55851E-008
    8121  0.55855E-008
    8122  0.55860E-008
    8123  0.55865E-008
    8124  0.55871E-008
    8125  0.55877E-008
    8126  0.55884E-008
    8127  0.55892E-008
    8128  0.55899E-008
    8129  0.55908E-008
    8130  0.55917E-008
    8131  0.55927E-008
    8132  0.55937E-008
    8133  0.55487E-008
    8134  0.55488E-008
    8135  0.55488E-008
    8136  0.55489E-008
    8137  0.55490E-008
    8138  0.55491E-008
    8139  0.55492E-008
    8140  0.55494E-008
    8141  0.55496E-008
    8142  0.55498E-008
    8143  0.55500E-008
    8144  0.55502E-008
    8145  0.55504E-008
    8146  0.55507E-008
    8147  0.55509E-008
    8148  0.55512E-008
    8149  0.55515E-008
    8150  0.55518E-008
    8151  0.55521E-008
    8152  0.55525E-008
    8153  0.55528E-008
    8154  0.55532E-008
    8155  0.55535E-008
    8156  0.55539E-008
    8157  0.55543E-008
    8158  0.55547E-008
    8159  0.55552E-008
    8160  0.55556E-008
    8161  0.55561E-008
    8162  0.55565E-008
    8163  0.55570E-008
    8164  0.55575E-008
    8165  0.55580E-008
    8166  0.55586E-008
    8167  0.55591E-008
    8168  0.55132E-008
    8169  0.55133E-008
    8170  0.55136E-008
    8171  0.55139E-008
    8172  0.55143E-008
    8173  0.55147E-008
    8174  0.55152E-008
    8175  0.55158E-008
    8176  0.55164E-008
    8177  0.55171E-008
    8178  0.55178E-008
    8179  0.55186E-008
    8180  0.55194E-008
    8181  0.55203E-008
    8182  0.55213E-008
    8183  0.55223E-008
    8184  0.55233E-008
    8185  0.54775E-008
    8186  0.54775E-008
    8187  0.54776E-008
    8188  0.54777E-008
    8189  0.54778E-008
    8190  0.54779E-008
    8191  0.54781E-008
    8192  0.54782E-008
    8193  0.54784E-008
    8194  0.54786E-008
    8195  0.54788E-008
    8196  0.54791E-008
    8197  0.54793E-008
    8198  0.54796E-008
    8199  0.54799E-008
    8200  0.54802E-008
    8201  0.54805E-008
    8202  0.54808E-008
    8203  0.54812E-008
    8204  0.54815E-008
    8205  0.54819E-008
    8206  0.54823E-008
    8207  0.54827E-008
    8208  0.54831E-008
    8209  0.54835E-008
    8210  0.54840E-008
    8211  0.54844E-008
    8212  0.54849E-008
    8213  0.54854E-008
    8214  0.54859E-008
    8215  0.54864E-008
    8216  0.54869E-008
    8217  0.54874E-008
    8218  0.54880E-008
    8219  0.54886E-008
    8220  0.54417E-008
    8221  0.54419E-008
    8222  0.54421E-008
    8223  0.54424E-008
    8224  0.54428E-008
    8225  0.54433E-008
    8226  0.54439E-008
    8227  0.54445E-008
    8228  0.54451E-008
    8229  0.54459E-008
    8230  0.54466E-008
    8231  0.54475E-008
    8232  0.54484E-008
    8233  0.54493E-008
    8234  0.54503E-008
    8235  0.54514E-008
    8236  0.54525E-008
    8237  0.54057E-008
    8238  0.54057E-008
    8239  0.54058E-008
    8240  0.54059E-008
    8241  0.54060E-008
    8242  0.54062E-008
    8243  0.54063E-008
    8244  0.54065E-008
    8245  0.54067E-008
    8246  0.54069E-008
    8247  0.54072E-008
    8248  0.54074E-008
    8249  0.54077E-008
    8250  0.54080E-008
    8251  0.54083E-008
    8252  0.54086E-008
    8253  0.54090E-008
    8254  0.54093E-008
    8255  0.54097E-008
    8256  0.54100E-008
    8257  0.54104E-008
    8258  0.54109E-008
    8259  0.54113E-008
    8260  0.54117E-008
    8261  0.54122E-008
    8262  0.54126E-008
    8263  0.54131E-008
    8264  0.54136E-008
    8265  0.54141E-008
    8266  0.54147E-008
    8267  0.54152E-008
    8268  0.54158E-008
    8269  0.54163E-008
    8270  0.54169E-008
    8271  0.54175E-008
    8272  0.53696E-008
    8273  0.53698E-008
    8274  0.53701E-008
    8275  0.53704E-008
    8276  0.53709E-008
    8277  0.53714E-008
    8278  0.53720E-008
    8279  0.53726E-008
    8280  0.53733E-008
    8281  0.53741E-008
    8282  0.53749E-008
    8283  0.53758E-008
    8284  0.53768E-008
    8285  0.53778E-008
    8286  0.53789E-008
    8287  0.53800E-008
    8288  0.53812E-008
    8289  0.53333E-008
    8290  0.53334E-008
    8291  0.53334E-008
    8292  0.53335E-008
    8293  0.53337E-008
    8294  0.53338E-008
    8295  0.53340E-008
    8296  0.53342E-008
    8297  0.53344E-008
    8298  0.53347E-008
    8299  0.53349E-008
    8300  0.53352E-008
    8301  0.53355E-008
    8302  0.53358E-008
    8303  0.53361E-008
    8304  0.53365E-008
    8305  0.53369E-008
    8306  0.53372E-008
    8307  0.53376E-008
    8308  0.53380E-008
    8309  0.53384E-008
    8310  0.53389E-008
    8311  0.53393E-008
    8312  0.53398E-008
    8313  0.53403E-008
    8314  0.53408E-008
    8315  0.53413E-008
    8316  0.53418E-008
    8317  0.53424E-008
    8318  0.53429E-008
    8319  0.53435E-008
    8320  0.53441E-008
    8321  0.53447E-008
    8322  0.53453E-008
    8323  0.53460E-008
    8324  0.52969E-008
    8325  0.52971E-008
    8326  0.52974E-008
    8327  0.52978E-008
    8328  0.52983E-008
    8329  0.52989E-008
    8330  0.52995E-008
    8331  0.53002E-008
    8332  0.53010E-008
    8333  0.53018E-008
    8334  0.53027E-008
    8335  0.53036E-008
    8336  0.53047E-008
    8337  0.53057E-008
    8338  0.53069E-008
    8339  0.53081E-008
    8340  0.53093E-008
    8341  0.52603E-008
    8342  0.52604E-008
    8343  0.52605E-008
    8344  0.52606E-008
    8345  0.52607E-008
    8346  0.52609E-008
    8347  0.52611E-008
    8348  0.52613E-008
    8349  0.52616E-008
    8350  0.52618E-008
    8351  0.52621E-008
    8352  0.52624E-008
    8353  0.52627E-008
    8354  0.52631E-008
    8355  0.52634E-008
    8356  0.52638E-008
    8357  0.52642E-008
    8358  0.52646E-008
    8359  0.52650E-008
    8360  0.52654E-008
    8361  0.52659E-008
    8362  0.52664E-008
    8363  0.52668E-008
    8364  0.52673E-008
    8365  0.52679E-008
    8366  0.52684E-008
    8367  0.52689E-008
    8368  0.52695E-008
    8369  0.52701E-008
    8370  0.52707E-008
    8371  0.52713E-008
    8372  0.52719E-008
    8373  0.52725E-008
    8374  0.52732E-008
    8375  0.52739E-008
    8376  0.52237E-008
    8377  0.52239E-008
    8378  0.52242E-008
    8379  0.52246E-008
    8380  0.52252E-008
    8381  0.52258E-008
    8382  0.52265E-008
    8383  0.52272E-008
    8384  0.52280E-008
    8385  0.52289E-008
    8386  0.52299E-008
    8387  0.52309E-008
    8388  0.52320E-008
    8389  0.52331E-008
    8390  0.52343E-008
    8391  0.52356E-008
    8392  0.52369E-008
    8393  0.51867E-008
    8394  0.51868E-008
    8395  0.51869E-008
    8396  0.51870E-008
    8397  0.51871E-008
    8398  0.51873E-008
    8399  0.51876E-008
    8400  0.51878E-008
    8401  0.51881E-008
    8402  0.51883E-008
    8403  0.51887E-008
    8404  0.51890E-008
    8405  0.51893E-008
    8406  0.51897E-008
    8407  0.51901E-008
    8408  0.51905E-008
    8409  0.51909E-008
    8410  0.51913E-008
    8411  0.51918E-008
    8412  0.51922E-008
    8413  0.51927E-008
    8414  0.51932E-008
    8415  0.51938E-008
    8416  0.51943E-008
    8417  0.51948E-008
    8418  0.51954E-008
    8419  0.51960E-008
    8420  0.51966E-008
    8421  0.51972E-008
    8422  0.51978E-008
    8423  0.51985E-008
    8424  0.51991E-008
    8425  0.51998E-008
    8426  0.52005E-008
    8427  0.52012E-008
    8428  0.51497E-008
    8429  0.51499E-008
    8430  0.51503E-008
    8431  0.51508E-008
    8432  0.51514E-008
    8433  0.51520E-008
    8434  0.51528E-008
    8435  0.51536E-008
    8436  0.51545E-008
    8437  0.51554E-008
    8438  0.51564E-008
    8439  0.51575E-008
    8440  0.51587E-008
    8441  0.51599E-008
    8442  0.51612E-008
    8443  0.51625E-008
    8444  0.51640E-008
    8445  0.51124E-008
    8446  0.51125E-008
    8447  0.51126E-008
    8448  0.51127E-008
    8449  0.51129E-008
    8450  0.51131E-008
    8451  0.51134E-008
    8452  0.51136E-008
    8453  0.51139E-008
    8454  0.51142E-008
    8455  0.51146E-008
    8456  0.51149E-008
    8457  0.51153E-008
    8458  0.51157E-008
    8459  0.51161E-008
    8460  0.51165E-008
    8461  0.51170E-008
    8462  0.51175E-008
    8463  0.51179E-008
    8464  0.51185E-008
    8465  0.51190E-008
    8466  0.51195E-008
    8467  0.51201E-008
    8468  0.51206E-008
    8469  0.51212E-008
    8470  0.51218E-008
    8471  0.51224E-008
    8472  0.51231E-008
    8473  0.51237E-008
    8474  0.51244E-008
    8475  0.51251E-008
    8476  0.51258E-008
    8477  0.51265E-008
    8478  0.51273E-008
    8479  0.51280E-008
    8480  0.50751E-008
    8481  0.50754E-008
    8482  0.50758E-008
    8483  0.50763E-008
    8484  0.50769E-008
    8485  0.50777E-008
    8486  0.50785E-008
    8487  0.50793E-008
    8488  0.50803E-008
    8489  0.50813E-008
    8490  0.50824E-008
    8491  0.50836E-008
    8492  0.50848E-008
    8493  0.50861E-008
    8494  0.50875E-008
    8495  0.50889E-008
    8496  0.50904E-008
    8497  0.50375E-008
    8498  0.50375E-008
    8499  0.50377E-008
    8500  0.50378E-008
    8501  0.50380E-008
    8502  0.50382E-008
    8503  0.50385E-008
    8504  0.50388E-008
    8505  0.50391E-008
    8506  0.50395E-008
    8507  0.50398E-008
    8508  0.50402E-008
    8509  0.50406E-008
    8510  0.50411E-008
    8511  0.50415E-008
    8512  0.50420E-008
    8513  0.50425E-008
    8514  0.50430E-008
    8515  0.50435E-008
    8516  0.50440E-008
    8517  0.50446E-008
    8518  0.50452E-008
    8519  0.50458E-008
    8520  0.50464E-008
    8521  0.50470E-008
    8522  0.50476E-008
    8523  0.50483E-008
    8524  0.50490E-008
    8525  0.50497E-008
    8526  0.50504E-008
    8527  0.50511E-008
    8528  0.50519E-008
    8529  0.50527E-008
    8530  0.50534E-008
    8531  0.50542E-008
    8532  0.49998E-008
    8533  0.50001E-008
    8534  0.50005E-008
    8535  0.50011E-008
    8536  0.50018E-008
    8537  0.50026E-008
    8538  0.50035E-008
    8539  0.50044E-008
    8540  0.50055E-008
    8541  0.50066E-008
    8542  0.50077E-008
    8543  0.50090E-008
    8544  0.50103E-008
    8545  0.50117E-008
    8546  0.50132E-008
    8547  0.50147E-008
    8548  0.50163E-008
    8549  0.49618E-008
    8550  0.49619E-008
    8551  0.49620E-008
    8552  0.49622E-008
    8553  0.49624E-008
    8554  0.49626E-008
    8555  0.49629E-008
    8556  0.49633E-008
    8557  0.49636E-008
    8558  0.49640E-008
    8559  0.49644E-008
    8560  0.49648E-008
    8561  0.49653E-008
    8562  0.49657E-008
    8563  0.49662E-008
    8564  0.49667E-008
    8565  0.49673E-008
    8566  0.49678E-008
    8567  0.49684E-008
    8568  0.49689E-008
    8569  0.49695E-008
    8570  0.49702E-008
    8571  0.49708E-008
    8572  0.49715E-008
    8573  0.49721E-008
    8574  0.49728E-008
    8575  0.49735E-008
    8576  0.49743E-008
    8577  0.49750E-008
    8578  0.49758E-008
    8579  0.49766E-008
    8580  0.49774E-008
    8581  0.49782E-008
    8582  0.49790E-008
    8583  0.49799E-008
    8584  0.49238E-008
    8585  0.49241E-008
    8586  0.49246E-008
    8587  0.49252E-008
    8588  0.49260E-008
    8589  0.49269E-008
    8590  0.49278E-008
    8591  0.49288E-008
    8592  0.49300E-008
    8593  0.49312E-008
    8594  0.49324E-008
    8595  0.49338E-008
    8596  0.49352E-008
    8597  0.49367E-008
    8598  0.49382E-008
    8599  0.49399E-008
    8600  0.49416E-008
    8601  0.48854E-008
    8602  0.48855E-008
    8603  0.48856E-008
    8604  0.48858E-008
    8605  0.48860E-008
    8606  0.48863E-008
    8607  0.48866E-008
    8608  0.48870E-008
    8609  0.48874E-008
    8610  0.48878E-008
    8611  0.48882E-008
    8612  0.48887E-008
    8613  0.48892E-008
    8614  0.48897E-008
    8615  0.48902E-008
    8616  0.48908E-008
    8617  0.48914E-008
    8618  0.48920E-008
    8619  0.48926E-008
    8620  0.48932E-008
    8621  0.48938E-008
    8622  0.48945E-008
    8623  0.48952E-008
    8624  0.48959E-008
    8625  0.48966E-008
    8626  0.48974E-008
    8627  0.48981E-008
    8628  0.48989E-008
    8629  0.48997E-008
    8630  0.49005E-008
    8631  0.49014E-008
    8632  0.49022E-008
    8633  0.49031E-008
    8634  0.49040E-008
    8635  0.49049E-008
    8636  0.48470E-008
    8637  0.48473E-008
    8638  0.48479E-008
    8639  0.48486E-008
    8640  0.48494E-008
    8641  0.48504E-008
    8642  0.48514E-008
    8643  0.48526E-008
    8644  0.48538E-008
    8645  0.48551E-008
    8646  0.48564E-008
    8647  0.48579E-008
    8648  0.48594E-008
    8649  0.48610E-008
    8650  0.48627E-008
    8651  0.48644E-008
    8652  0.48662E-008
    8653  0.48082E-008
    8654  0.48083E-008
    8655  0.48084E-008
    8656  0.48087E-008
    8657  0.48089E-008
    8658  0.48092E-008
    8659  0.48096E-008
    8660  0.48100E-008
    8661  0.48104E-008
    8662  0.48109E-008
    8663  0.48114E-008
    8664  0.48119E-008
    8665  0.48124E-008
    8666  0.48130E-008
    8667  0.48135E-008
    8668  0.48141E-008
    8669  0.48148E-008
    8670  0.48154E-008
    8671  0.48161E-008
    8672  0.48168E-008
    8673  0.48175E-008
    8674  0.48182E-008
    8675  0.48189E-008
    8676  0.48197E-008
    8677  0.48205E-008
    8678  0.48213E-008
    8679  0.48221E-008
    8680  0.48229E-008
    8681  0.48238E-008
    8682  0.48246E-008
    8683  0.48255E-008
    8684  0.48264E-008
    8685  0.48274E-008
    8686  0.48283E-008
    8687  0.48293E-008
    8688  0.47694E-008
    8689  0.47698E-008
    8690  0.47704E-008
    8691  0.47712E-008
    8692  0.47721E-008
    8693  0.47732E-008
    8694  0.47743E-008
    8695  0.47755E-008
    8696  0.47769E-008
    8697  0.47783E-008
    8698  0.47797E-008
    8699  0.47813E-008
    8700  0.47829E-008
    8701  0.47847E-008
    8702  0.47864E-008
    8703  0.47883E-008
    8704  0.47903E-008
    8705  0.47302E-008
    8706  0.47303E-008
    8707  0.47305E-008
    8708  0.47307E-008
    8709  0.47310E-008
    8710  0.47314E-008
    8711  0.47318E-008
    8712  0.47322E-008
    8713  0.47327E-008
    8714  0.47332E-008
    8715  0.47337E-008
    8716  0.47343E-008
    8717  0.47349E-008
    8718  0.47355E-008
    8719  0.47361E-008
    8720  0.47368E-008
    8721  0.47374E-008
    8722  0.47381E-008
    8723  0.47389E-008
    8724  0.47396E-008
    8725  0.47404E-008
    8726  0.47411E-008
    8727  0.47419E-008
    8728  0.47428E-008
    8729  0.47436E-008
    8730  0.47445E-008
    8731  0.47453E-008
    8732  0.47462E-008
    8733  0.47471E-008
    8734  0.47481E-008
    8735  0.47490E-008
    8736  0.47500E-008
    8737  0.47510E-008
    8738  0.47520E-008
    8739  0.47531E-008
    8740  0.46910E-008
    8741  0.46915E-008
    8742  0.46921E-008
    8743  0.46930E-008
    8744  0.46940E-008
    8745  0.46952E-008
    8746  0.46964E-008
    8747  0.46978E-008
    8748  0.46992E-008
    8749  0.47007E-008
    8750  0.47023E-008
    8751  0.47040E-008
    8752  0.47058E-008
    8753  0.47076E-008
    8754  0.47096E-008
    8755  0.47116E-008
    8756  0.47136E-008
    8757  0.46514E-008
    8758  0.46515E-008
    8759  0.46517E-008
    8760  0.46520E-008
    8761  0.46523E-008
    8762  0.46527E-008
    8763  0.46531E-008
    8764  0.46536E-008
    8765  0.46541E-008
    8766  0.46547E-008
    8767  0.46553E-008
    8768  0.46559E-008
    8769  0.46566E-008
    8770  0.46572E-008
    8771  0.46579E-008
    8772  0.46586E-008
    8773  0.46594E-008
    8774  0.46601E-008
    8775  0.46609E-008
    8776  0.46617E-008
    8777  0.46625E-008
    8778  0.46634E-008
    8779  0.46642E-008
    8780  0.46651E-008
    8781  0.46660E-008
    8782  0.46669E-008
    8783  0.46679E-008
    8784  0.46689E-008
    8785  0.46698E-008
    8786  0.46709E-008
    8787  0.46719E-008
    8788  0.46729E-008
    8789  0.46740E-008
    8790  0.46751E-008
    8791  0.46762E-008
    8792  0.46118E-008
    8793  0.46123E-008
    8794  0.46131E-008
    8795  0.46140E-008
    8796  0.46152E-008
    8797  0.46164E-008
    8798  0.46178E-008
    8799  0.46193E-008
    8800  0.46208E-008
    8801  0.46225E-008
    8802  0.46242E-008
    8803  0.46260E-008
    8804  0.46279E-008
    8805  0.46299E-008
    8806  0.46320E-008
    8807  0.46341E-008
    8808  0.46363E-008
    8809  0.45718E-008
    8810  0.45719E-008
    8811  0.45721E-008
    8812  0.45724E-008
    8813  0.45728E-008
    8814  0.45732E-008
    8815  0.45737E-008
    8816  0.45742E-008
    8817  0.45748E-008
    8818  0.45754E-008
    8819  0.45761E-008
    8820  0.45767E-008
    8821  0.45774E-008
    8822  0.45782E-008
    8823  0.45789E-008
    8824  0.45797E-008
    8825  0.45805E-008
    8826  0.45813E-008
    8827  0.45822E-008
    8828  0.45831E-008
    8829  0.45839E-008
    8830  0.45849E-008
    8831  0.45858E-008
    8832  0.45867E-008
    8833  0.45877E-008
    8834  0.45887E-008
    8835  0.45897E-008
    8836  0.45908E-008
    8837  0.45918E-008
    8838  0.45929E-008
    8839  0.45940E-008
    8840  0.45952E-008
    8841  0.45963E-008
    8842  0.45975E-008
    8843  0.45986E-008
    8844  0.45317E-008
    8845  0.45323E-008
    8846  0.45331E-008
    8847  0.45342E-008
    8848  0.45354E-008
    8849  0.45368E-008
    8850  0.45383E-008
    8851  0.45399E-008
    8852  0.45416E-008
    8853  0.45434E-008
    8854  0.45453E-008
    8855  0.45473E-008
    8856  0.45493E-008
    8857  0.45515E-008
    8858  0.45537E-008
    8859  0.45560E-008
    8860  0.45584E-008
    8861  0.44912E-008
    8862  0.44914E-008
    8863  0.44916E-008
    8864  0.44919E-008
    8865  0.44923E-008
    8866  0.44928E-008
    8867  0.44934E-008
    8868  0.44940E-008
    8869  0.44946E-008
    8870  0.44953E-008
    8871  0.44960E-008
    8872  0.44967E-008
    8873  0.44975E-008
    8874  0.44983E-008
    8875  0.44991E-008
    8876  0.45000E-008
    8877  0.45009E-008
    8878  0.45018E-008
    8879  0.45027E-008
    8880  0.45036E-008
    8881  0.45046E-008
    8882  0.45056E-008
    8883  0.45066E-008
    8884  0.45076E-008
    8885  0.45087E-008
    8886  0.45098E-008
    8887  0.45109E-008
    8888  0.45120E-008
    8889  0.45131E-008
    8890  0.45143E-008
    8891  0.45155E-008
    8892  0.45167E-008
    8893  0.45179E-008
    8894  0.45192E-008
    8895  0.45204E-008
    8896  0.44508E-008
    8897  0.44514E-008
    8898  0.44523E-008
    8899  0.44535E-008
    8900  0.44549E-008
    8901  0.44564E-008
    8902  0.44581E-008
    8903  0.44598E-008
    8904  0.44617E-008
    8905  0.44636E-008
    8906  0.44657E-008
    8907  0.44678E-008
    8908  0.44700E-008
    8909  0.44723E-008
    8910  0.44747E-008
    8911  0.44772E-008
    8912  0.44797E-008
    8913  0.44098E-008
    8914  0.44099E-008
    8915  0.44102E-008
    8916  0.44106E-008
    8917  0.44110E-008
    8918  0.44116E-008
    8919  0.44122E-008
    8920  0.44128E-008
    8921  0.44135E-008
    8922  0.44143E-008
    8923  0.44151E-008
    8924  0.44159E-008
    8925  0.44167E-008
    8926  0.44176E-008
    8927  0.44185E-008
    8928  0.44194E-008
    8929  0.44204E-008
    8930  0.44214E-008
    8931  0.44224E-008
    8932  0.44234E-008
    8933  0.44245E-008
    8934  0.44255E-008
    8935  0.44266E-008
    8936  0.44278E-008
    8937  0.44289E-008
    8938  0.44301E-008
    8939  0.44312E-008
    8940  0.44325E-008
    8941  0.44337E-008
    8942  0.44349E-008
    8943  0.44362E-008
    8944  0.44375E-008
    8945  0.44388E-008
    8946  0.44402E-008
    8947  0.44415E-008
    8948  0.43689E-008
    8949  0.43695E-008
    8950  0.43706E-008
    8951  0.43719E-008
    8952  0.43734E-008
    8953  0.43751E-008
    8954  0.43769E-008
    8955  0.43789E-008
    8956  0.43809E-008
    8957  0.43830E-008
    8958  0.43852E-008
    8959  0.43875E-008
    8960  0.43899E-008
    8961  0.43924E-008
    8962  0.43950E-008
    8963  0.43977E-008
    8964  0.44004E-008
    8965  0.43274E-008
    8966  0.43276E-008
    8967  0.43279E-008
    8968  0.43283E-008
    8969  0.43288E-008
    8970  0.43294E-008
    8971  0.43300E-008
    8972  0.43308E-008
    8973  0.43315E-008
    8974  0.43324E-008
    8975  0.43332E-008
    8976  0.43341E-008
    8977  0.43351E-008
    8978  0.43361E-008
    8979  0.43370E-008
    8980  0.43381E-008
    8981  0.43391E-008
    8982  0.43402E-008
    8983  0.43413E-008
    8984  0.43424E-008
    8985  0.43435E-008
    8986  0.43447E-008
    8987  0.43459E-008
    8988  0.43471E-008
    8989  0.43483E-008
    8990  0.43496E-008
    8991  0.43509E-008
    8992  0.43522E-008
    8993  0.43535E-008
    8994  0.43549E-008
    8995  0.43562E-008
    8996  0.43576E-008
    8997  0.43590E-008
    8998  0.43605E-008
    8999  0.43619E-008
    9000  0.42860E-008
    9001  0.42868E-008
    9002  0.42879E-008
    9003  0.42894E-008
    9004  0.42911E-008
    9005  0.42930E-008
    9006  0.42949E-008
    9007  0.42971E-008
    9008  0.42993E-008
    9009  0.43016E-008
    9010  0.43040E-008
    9011  0.43065E-008
    9012  0.43091E-008
    9013  0.43118E-008
    9014  0.43145E-008
    9015  0.43174E-008
    9016  0.43203E-008
    9017  0.42441E-008
    9018  0.42443E-008
    9019  0.42446E-008
    9020  0.42450E-008
    9021  0.42456E-008
    9022  0.42462E-008
    9023  0.42470E-008
    9024  0.42478E-008
    9025  0.42487E-008
    9026  0.42496E-008
    9027  0.42505E-008
    9028  0.42515E-008
    9029  0.42526E-008
    9030  0.42536E-008
    9031  0.42547E-008
    9032  0.42558E-008
    9033  0.42570E-008
    9034  0.42581E-008
    9035  0.42593E-008
    9036  0.42605E-008
    9037  0.42618E-008
    9038  0.42631E-008
    9039  0.42643E-008
    9040  0.42657E-008
    9041  0.42670E-008
    9042  0.42684E-008
    9043  0.42697E-008
    9044  0.42711E-008
    9045  0.42726E-008
    9046  0.42740E-008
    9047  0.42755E-008
    9048  0.42770E-008
    9049  0.42785E-008
    9050  0.42800E-008
    9051  0.42816E-008
    9052  0.42022E-008
    9053  0.42030E-008
    9054  0.42043E-008
    9055  0.42059E-008
    9056  0.42078E-008
    9057  0.42099E-008
    9058  0.42121E-008
    9059  0.42144E-008
    9060  0.42168E-008
    9061  0.42193E-008
    9062  0.42219E-008
    9063  0.42246E-008
    9064  0.42274E-008
    9065  0.42303E-008
    9066  0.42333E-008
    9067  0.42364E-008
    9068  0.42396E-008
    9069  0.41597E-008
    9070  0.41599E-008
    9071  0.41603E-008
    9072  0.41608E-008
    9073  0.41614E-008
    9074  0.41622E-008
    9075  0.41630E-008
    9076  0.41639E-008
    9077  0.41648E-008
    9078  0.41658E-008
    9079  0.41669E-008
    9080  0.41680E-008
    9081  0.41691E-008
    9082  0.41703E-008
    9083  0.41715E-008
    9084  0.41727E-008
    9085  0.41740E-008
    9086  0.41752E-008
    9087  0.41765E-008
    9088  0.41779E-008
    9089  0.41792E-008
    9090  0.41806E-008
    9091  0.41820E-008
    9092  0.41834E-008
    9093  0.41848E-008
    9094  0.41863E-008
    9095  0.41878E-008
    9096  0.41893E-008
    9097  0.41909E-008
    9098  0.41924E-008
    9099  0.41940E-008
    9100  0.41956E-008
    9101  0.41973E-008
    9102  0.41989E-008
    9103  0.42006E-008
    9104  0.41174E-008
    9105  0.41183E-008
    9106  0.41197E-008
    9107  0.41215E-008
    9108  0.41236E-008
    9109  0.41259E-008
    9110  0.41283E-008
    9111  0.41308E-008
    9112  0.41334E-008
    9113  0.41362E-008
    9114  0.41390E-008
    9115  0.41420E-008
    9116  0.41450E-008
    9117  0.41481E-008
    9118  0.41514E-008
    9119  0.41547E-008
    9120  0.41581E-008
    9121  0.40744E-008
    9122  0.40746E-008
    9123  0.40750E-008
    9124  0.40756E-008
    9125  0.40763E-008
    9126  0.40771E-008
    9127  0.40780E-008
    9128  0.40790E-008
    9129  0.40800E-008
    9130  0.40811E-008
    9131  0.40823E-008
    9132  0.40835E-008
    9133  0.40848E-008
    9134  0.40860E-008
    9135  0.40874E-008
    9136  0.40887E-008
    9137  0.40901E-008
    9138  0.40914E-008
    9139  0.40929E-008
    9140  0.40943E-008
    9141  0.40958E-008
    9142  0.40973E-008
    9143  0.40988E-008
    9144  0.41003E-008
    9145  0.41019E-008
    9146  0.41035E-008
    9147  0.41051E-008
    9148  0.41068E-008
    9149  0.41084E-008
    9150  0.41101E-008
    9151  0.41118E-008
    9152  0.41135E-008
    9153  0.41153E-008
    9154  0.41171E-008
    9155  0.41189E-008
    9156  0.40316E-008
    9157  0.40326E-008
    9158  0.40342E-008
    9159  0.40362E-008
    9160  0.40384E-008
    9161  0.40409E-008
    9162  0.40436E-008
    9163  0.40463E-008
    9164  0.40492E-008
    9165  0.40522E-008
    9166  0.40553E-008
    9167  0.40585E-008
    9168  0.40618E-008
    9169  0.40652E-008
    9170  0.40686E-008
    9171  0.40722E-008
    9172  0.40759E-008
    9173  0.39880E-008
    9174  0.39883E-008
    9175  0.39887E-008
    9176  0.39893E-008
    9177  0.39901E-008
    9178  0.39910E-008
    9179  0.39920E-008
    9180  0.39931E-008
    9181  0.39943E-008
    9182  0.39955E-008
    9183  0.39968E-008
    9184  0.39981E-008
    9185  0.39995E-008
    9186  0.40009E-008
    9187  0.40023E-008
    9188  0.40038E-008
    9189  0.40053E-008
    9190  0.40068E-008
    9191  0.40083E-008
    9192  0.40099E-008
    9193  0.40115E-008
    9194  0.40131E-008
    9195  0.40148E-008
    9196  0.40164E-008
    9197  0.40181E-008
    9198  0.40199E-008
    9199  0.40216E-008
    9200  0.40234E-008
    9201  0.40252E-008
    9202  0.40270E-008
    9203  0.40288E-008
    9204  0.40307E-008
    9205  0.40326E-008
    9206  0.40345E-008
    9207  0.40365E-008
    9208  0.39447E-008
    9209  0.39458E-008
    9210  0.39476E-008
    9211  0.39498E-008
    9212  0.39523E-008
    9213  0.39550E-008
    9214  0.39579E-008
    9215  0.39610E-008
    9216  0.39641E-008
    9217  0.39674E-008
    9218  0.39707E-008
    9219  0.39742E-008
    9220  0.39777E-008
    9221  0.39814E-008
    9222  0.39852E-008
    9223  0.39890E-008
    9224  0.39930E-008
    9225  0.39006E-008
    9226  0.39009E-008
    9227  0.39014E-008
    9228  0.39021E-008
    9229  0.39029E-008
    9230  0.39039E-008
    9231  0.39050E-008
    9232  0.39062E-008
    9233  0.39075E-008
    9234  0.39088E-008
    9235  0.39103E-008
    9236  0.39117E-008
    9237  0.39132E-008
    9238  0.39148E-008
    9239  0.39163E-008
    9240  0.39179E-008
    9241  0.39196E-008
    9242  0.39212E-008
    9243  0.39229E-008
    9244  0.39246E-008
    9245  0.39264E-008
    9246  0.39281E-008
    9247  0.39299E-008
    9248  0.39317E-008
    9249  0.39336E-008
    9250  0.39354E-008
    9251  0.39373E-008
    9252  0.39392E-008
    9253  0.39412E-008
    9254  0.39431E-008
    9255  0.39451E-008
    9256  0.39471E-008
    9257  0.39492E-008
    9258  0.39512E-008
    9259  0.39533E-008
    9260  0.38568E-008
    9261  0.38580E-008
    9262  0.38599E-008
    9263  0.38624E-008
    9264  0.38652E-008
    9265  0.38682E-008
    9266  0.38714E-008
    9267  0.38747E-008
    9268  0.38781E-008
    9269  0.38817E-008
    9270  0.38853E-008
    9271  0.38891E-008
    9272  0.38929E-008
    9273  0.38969E-008
    9274  0.39009E-008
    9275  0.39051E-008
    9276  0.39093E-008
    9277  0.38121E-008
    9278  0.38124E-008
    9279  0.38130E-008
    9280  0.38137E-008
    9281  0.38147E-008
    9282  0.38157E-008
    9283  0.38170E-008
    9284  0.38183E-008
    9285  0.38197E-008
    9286  0.38212E-008
    9287  0.38228E-008
    9288  0.38244E-008
    9289  0.38260E-008
    9290  0.38277E-008
    9291  0.38294E-008
    9292  0.38312E-008
    9293  0.38330E-008
    9294  0.38348E-008
    9295  0.38366E-008
    9296  0.38385E-008
    9297  0.38404E-008
    9298  0.38423E-008
    9299  0.38442E-008
    9300  0.38462E-008
    9301  0.38482E-008
    9302  0.38502E-008
    9303  0.38522E-008
    9304  0.38543E-008
    9305  0.38564E-008
    9306  0.38585E-008
    9307  0.38606E-008
    9308  0.38628E-008
    9309  0.38650E-008
    9310  0.38672E-008
    9311  0.38694E-008
    9312  0.37678E-008
    9313  0.37691E-008
    9314  0.37713E-008
    9315  0.37740E-008
    9316  0.37770E-008
    9317  0.37803E-008
    9318  0.37838E-008
    9319  0.37875E-008
    9320  0.37912E-008
    9321  0.37951E-008
    9322  0.37990E-008
    9323  0.38031E-008
    9324  0.38073E-008
    9325  0.38115E-008
    9326  0.38159E-008
    9327  0.38204E-008
    9328  0.38249E-008
    9329  0.37225E-008
    9330  0.37229E-008
    9331  0.37235E-008
    9332  0.37243E-008
    9333  0.37253E-008
    9334  0.37265E-008
    9335  0.37279E-008
    9336  0.37294E-008
    9337  0.37309E-008
    9338  0.37326E-008
    9339  0.37343E-008
    9340  0.37361E-008
    9341  0.37379E-008
    9342  0.37397E-008
    9343  0.37416E-008
    9344  0.37435E-008
    9345  0.37454E-008
    9346  0.37474E-008
    9347  0.37494E-008
    9348  0.37514E-008
    9349  0.37535E-008
    9350  0.37556E-008
    9351  0.37577E-008
    9352  0.37598E-008
    9353  0.37620E-008
    9354  0.37641E-008
    9355  0.37664E-008
    9356  0.37686E-008
    9357  0.37708E-008
    9358  0.37731E-008
    9359  0.37754E-008
    9360  0.37778E-008
    9361  0.37801E-008
    9362  0.37825E-008
    9363  0.37849E-008
    9364  0.36777E-008
    9365  0.36792E-008
    9366  0.36816E-008
    9367  0.36845E-008
    9368  0.36879E-008
    9369  0.36915E-008
    9370  0.36954E-008
    9371  0.36993E-008
    9372  0.37034E-008
    9373  0.37076E-008
    9374  0.37119E-008
    9375  0.37163E-008
    9376  0.37208E-008
    9377  0.37254E-008
    9378  0.37302E-008
    9379  0.37350E-008
    9380  0.37399E-008
    9381  0.36318E-008
    9382  0.36322E-008
    9383  0.36329E-008
    9384  0.36338E-008
    9385  0.36350E-008
    9386  0.36363E-008
    9387  0.36378E-008
    9388  0.36394E-008
    9389  0.36411E-008
    9390  0.36429E-008
    9391  0.36448E-008
    9392  0.36468E-008
    9393  0.36487E-008
    9394  0.36508E-008
    9395  0.36528E-008
    9396  0.36549E-008
    9397  0.36570E-008
    9398  0.36592E-008
    9399  0.36613E-008
    9400  0.36635E-008
    9401  0.36658E-008
    9402  0.36680E-008
    9403  0.36703E-008
    9404  0.36726E-008
    9405  0.36750E-008
    9406  0.36773E-008
    9407  0.36797E-008
    9408  0.36821E-008
    9409  0.36845E-008
    9410  0.36870E-008
    9411  0.36895E-008
    9412  0.36920E-008
    9413  0.36945E-008
    9414  0.36971E-008
    9415  0.36997E-008
    9416  0.35865E-008
    9417  0.35882E-008
    9418  0.35908E-008
    9419  0.35940E-008
    9420  0.35977E-008
    9421  0.36017E-008
    9422  0.36059E-008
    9423  0.36103E-008
    9424  0.36147E-008
    9425  0.36193E-008
    9426  0.36239E-008
    9427  0.36287E-008
    9428  0.36336E-008
    9429  0.36386E-008
    9430  0.36437E-008
    9431  0.36488E-008
    9432  0.36541E-008
    9433  0.35401E-008
    9434  0.35405E-008
    9435  0.35413E-008
    9436  0.35423E-008
    9437  0.35435E-008
    9438  0.35450E-008
    9439  0.35466E-008
    9440  0.35484E-008
    9441  0.35503E-008
    9442  0.35523E-008
    9443  0.35544E-008
    9444  0.35565E-008
    9445  0.35587E-008
    9446  0.35609E-008
    9447  0.35631E-008
    9448  0.35654E-008
    9449  0.35677E-008
    9450  0.35700E-008
    9451  0.35724E-008
    9452  0.35748E-008
    9453  0.35772E-008
    9454  0.35797E-008
    9455  0.35821E-008
    9456  0.35846E-008
    9457  0.35872E-008
    9458  0.35897E-008
    9459  0.35923E-008
    9460  0.35949E-008
    9461  0.35975E-008
    9462  0.36002E-008
    9463  0.36028E-008
    9464  0.36055E-008
    9465  0.36082E-008
    9466  0.36110E-008
    9467  0.36138E-008
    9468  0.34942E-008
    9469  0.34961E-008
    9470  0.34990E-008
    9471  0.35025E-008
    9472  0.35066E-008
    9473  0.35110E-008
    9474  0.35156E-008
    9475  0.35203E-008
    9476  0.35251E-008
    9477  0.35301E-008
    9478  0.35352E-008
    9479  0.35403E-008
    9480  0.35456E-008
    9481  0.35510E-008
    9482  0.35565E-008
    9483  0.35620E-008
    9484  0.35677E-008
    9485  0.34472E-008
    9486  0.34477E-008
    9487  0.34485E-008
    9488  0.34497E-008
    9489  0.34510E-008
    9490  0.34527E-008
    9491  0.34545E-008
    9492  0.34564E-008
    9493  0.34585E-008
    9494  0.34607E-008
    9495  0.34629E-008
    9496  0.34652E-008
    9497  0.34676E-008
    9498  0.34700E-008
    9499  0.34725E-008
    9500  0.34750E-008
    9501  0.34775E-008
    9502  0.34800E-008
    9503  0.34826E-008
    9504  0.34852E-008
    9505  0.34878E-008
    9506  0.34905E-008
    9507  0.34931E-008
    9508  0.34958E-008
    9509  0.34986E-008
    9510  0.35013E-008
    9511  0.35041E-008
    9512  0.35069E-008
    9513  0.35097E-008
    9514  0.35126E-008
    9515  0.35155E-008
    9516  0.35184E-008
    9517  0.35213E-008
    9518  0.35242E-008
    9519  0.35272E-008
    9520  0.34009E-008
    9521  0.34030E-008
    9522  0.34061E-008
    9523  0.34100E-008
    9524  0.34145E-008
    9525  0.34193E-008
    9526  0.34243E-008
    9527  0.34294E-008
    9528  0.34347E-008
    9529  0.34401E-008
    9530  0.34456E-008
    9531  0.34512E-008
    9532  0.34569E-008
    9533  0.34627E-008
    9534  0.34686E-008
    9535  0.34745E-008
    9536  0.34806E-008
    9537  0.33533E-008
    9538  0.33538E-008
    9539  0.33547E-008
    9540  0.33560E-008
    9541  0.33575E-008
    9542  0.33593E-008
    9543  0.33612E-008
    9544  0.33634E-008
    9545  0.33657E-008
    9546  0.33681E-008
    9547  0.33705E-008
    9548  0.33731E-008
    9549  0.33756E-008
    9550  0.33783E-008
    9551  0.33809E-008
    9552  0.33836E-008
    9553  0.33864E-008
    9554  0.33891E-008
    9555  0.33919E-008
    9556  0.33948E-008
    9557  0.33976E-008
    9558  0.34005E-008
    9559  0.34034E-008
    9560  0.34063E-008
    9561  0.34092E-008
    9562  0.34122E-008
    9563  0.34152E-008
    9564  0.34182E-008
    9565  0.34213E-008
    9566  0.34244E-008
    9567  0.34274E-008
    9568  0.34306E-008
    9569  0.34337E-008
    9570  0.34369E-008
    9571  0.34401E-008
    9572  0.33065E-008
    9573  0.33087E-008
    9574  0.33122E-008
    9575  0.33165E-008
    9576  0.33214E-008
    9577  0.33266E-008
    9578  0.33321E-008
    9579  0.33377E-008
    9580  0.33434E-008
    9581  0.33492E-008
    9582  0.33552E-008
    9583  0.33612E-008
    9584  0.33674E-008
    9585  0.33736E-008
    9586  0.33800E-008
    9587  0.33864E-008
    9588  0.33930E-008
    9589  0.32583E-008
    9590  0.32589E-008
    9591  0.32599E-008
    9592  0.32613E-008
    9593  0.32629E-008
    9594  0.32649E-008
    9595  0.32670E-008
    9596  0.32694E-008
    9597  0.32719E-008
    9598  0.32745E-008
    9599  0.32772E-008
    9600  0.32799E-008
    9601  0.32828E-008
    9602  0.32856E-008
    9603  0.32885E-008
    9604  0.32915E-008
    9605  0.32944E-008
    9606  0.32974E-008
    9607  0.33005E-008
    9608  0.33035E-008
    9609  0.33066E-008
    9610  0.33097E-008
    9611  0.33128E-008
    9612  0.33160E-008
    9613  0.33192E-008
    9614  0.33224E-008
    9615  0.33256E-008
    9616  0.33289E-008
    9617  0.33322E-008
    9618  0.33355E-008
    9619  0.33388E-008
    9620  0.33421E-008
    9621  0.33455E-008
    9622  0.33489E-008
    9623  0.33523E-008
    9624  0.32110E-008
    9625  0.32135E-008
    9626  0.32173E-008
    9627  0.32220E-008
    9628  0.32273E-008
    9629  0.32330E-008
    9630  0.32390E-008
    9631  0.32451E-008
    9632  0.32513E-008
    9633  0.32576E-008
    9634  0.32640E-008
    9635  0.32706E-008
    9636  0.32772E-008
    9637  0.32839E-008
    9638  0.32908E-008
    9639  0.32977E-008
    9640  0.33047E-008
    9641  0.31623E-008
    9642  0.31629E-008
    9643  0.31640E-008
    9644  0.31655E-008
    9645  0.31673E-008
    9646  0.31695E-008
    9647  0.31718E-008
    9648  0.31744E-008
    9649  0.31771E-008
    9650  0.31800E-008
    9651  0.31829E-008
    9652  0.31859E-008
    9653  0.31890E-008
    9654  0.31921E-008
    9655  0.31953E-008
    9656  0.31985E-008
    9657  0.32017E-008
    9658  0.32049E-008
    9659  0.32082E-008
    9660  0.32115E-008
    9661  0.32148E-008
    9662  0.32182E-008
    9663  0.32216E-008
    9664  0.32250E-008
    9665  0.32284E-008
    9666  0.32319E-008
    9667  0.32354E-008
    9668  0.32389E-008
    9669  0.32424E-008
    9670  0.32459E-008
    9671  0.32495E-008
    9672  0.32531E-008
    9673  0.32567E-008
    9674  0.32604E-008
    9675  0.32640E-008
    9676  0.31146E-008
    9677  0.31173E-008
    9678  0.31214E-008
    9679  0.31265E-008
    9680  0.31324E-008
    9681  0.31386E-008
    9682  0.31450E-008
    9683  0.31517E-008
    9684  0.31584E-008
    9685  0.31652E-008
    9686  0.31722E-008
    9687  0.31792E-008
    9688  0.31864E-008
    9689  0.31936E-008
    9690  0.32010E-008
    9691  0.32084E-008
    9692  0.32159E-008
    9693  0.30652E-008
    9694  0.30659E-008
    9695  0.30671E-008
    9696  0.30688E-008
    9697  0.30708E-008
    9698  0.30731E-008
    9699  0.30757E-008
    9700  0.30785E-008
    9701  0.30814E-008
    9702  0.30845E-008
    9703  0.30877E-008
    9704  0.30910E-008
    9705  0.30944E-008
    9706  0.30978E-008
    9707  0.31012E-008
    9708  0.31046E-008
    9709  0.31081E-008
    9710  0.31117E-008
    9711  0.31152E-008
    9712  0.31188E-008
    9713  0.31224E-008
    9714  0.31260E-008
    9715  0.31297E-008
    9716  0.31333E-008
    9717  0.31370E-008
    9718  0.31407E-008
    9719  0.31445E-008
    9720  0.31482E-008
    9721  0.31520E-008
    9722  0.31558E-008
    9723  0.31597E-008
    9724  0.31635E-008
    9725  0.31674E-008
    9726  0.31713E-008
    9727  0.31752E-008
    9728  0.30171E-008
    9729  0.30200E-008
    9730  0.30245E-008
    9731  0.30302E-008
    9732  0.30365E-008
    9733  0.30433E-008
    9734  0.30503E-008
    9735  0.30575E-008
    9736  0.30648E-008
    9737  0.30722E-008
    9738  0.30797E-008
    9739  0.30873E-008
    9740  0.30949E-008
    9741  0.31027E-008
    9742  0.31106E-008
    9743  0.31186E-008
    9744  0.31266E-008
    9745  0.29672E-008
    9746  0.29680E-008
    9747  0.29693E-008
    9748  0.29711E-008
    9749  0.29733E-008
    9750  0.29758E-008
    9751  0.29786E-008
    9752  0.29817E-008
    9753  0.29849E-008
    9754  0.29883E-008
    9755  0.29918E-008
    9756  0.29953E-008
    9757  0.29989E-008
    9758  0.30026E-008
    9759  0.30063E-008
    9760  0.30101E-008
    9761  0.30139E-008
    9762  0.30177E-008
    9763  0.30215E-008
    9764  0.30254E-008
    9765  0.30292E-008
    9766  0.30332E-008
    9767  0.30371E-008
    9768  0.30410E-008
    9769  0.30450E-008
    9770  0.30490E-008
    9771  0.30530E-008
    9772  0.30571E-008
    9773  0.30611E-008
    9774  0.30652E-008
    9775  0.30693E-008
    9776  0.30735E-008
    9777  0.30776E-008
    9778  0.30818E-008
    9779  0.30860E-008
    9780  0.29187E-008
    9781  0.29219E-008
    9782  0.29268E-008
    9783  0.29329E-008
    9784  0.29398E-008
    9785  0.29472E-008
    9786  0.29548E-008
    9787  0.29625E-008
    9788  0.29704E-008
    9789  0.29784E-008
    9790  0.29865E-008
    9791  0.29947E-008
    9792  0.30029E-008
    9793  0.30113E-008
    9794  0.30197E-008
    9795  0.30283E-008
    9796  0.30369E-008
    9797  0.28683E-008
    9798  0.28691E-008
    9799  0.28706E-008
    9800  0.28725E-008
    9801  0.28749E-008
    9802  0.28776E-008
    9803  0.28807E-008
    9804  0.28840E-008
    9805  0.28875E-008
    9806  0.28912E-008
    9807  0.28950E-008
    9808  0.28988E-008
    9809  0.29028E-008
    9810  0.29067E-008
    9811  0.29108E-008
    9812  0.29148E-008
    9813  0.29189E-008
    9814  0.29230E-008
    9815  0.29272E-008
    9816  0.29313E-008
    9817  0.29355E-008
    9818  0.29397E-008
    9819  0.29439E-008
    9820  0.29482E-008
    9821  0.29525E-008
    9822  0.29567E-008
    9823  0.29611E-008
    9824  0.29654E-008
    9825  0.29698E-008
    9826  0.29741E-008
    9827  0.29785E-008
    9828  0.29829E-008
    9829  0.29874E-008
    9830  0.29918E-008
    9831  0.29963E-008
    9832  0.28194E-008
    9833  0.28229E-008
    9834  0.28282E-008
    9835  0.28349E-008
    9836  0.28424E-008
    9837  0.28503E-008
    9838  0.28586E-008
    9839  0.28669E-008
    9840  0.28755E-008
    9841  0.28841E-008
    9842  0.28928E-008
    9843  0.29016E-008
    9844  0.29104E-008
    9845  0.29194E-008
    9846  0.29284E-008
    9847  0.29375E-008
    9848  0.29467E-008
    9849  0.27685E-008
    9850  0.27694E-008
    9851  0.27710E-008
    9852  0.27731E-008
    9853  0.27756E-008
    9854  0.27786E-008
    9855  0.27820E-008
    9856  0.27856E-008
    9857  0.27894E-008
    9858  0.27934E-008
    9859  0.27975E-008
    9860  0.28016E-008
    9861  0.28059E-008
    9862  0.28102E-008
    9863  0.28145E-008
    9864  0.28189E-008
    9865  0.28233E-008
    9866  0.28278E-008
    9867  0.28322E-008
    9868  0.28367E-008
    9869  0.28412E-008
    9870  0.28457E-008
    9871  0.28503E-008
    9872  0.28548E-008
    9873  0.28594E-008
    9874  0.28640E-008
    9875  0.28686E-008
    9876  0.28733E-008
    9877  0.28780E-008
    9878  0.28826E-008
    9879  0.28873E-008
    9880  0.28921E-008
    9881  0.28968E-008
    9882  0.29016E-008
    9883  0.29063E-008
    9884  0.27193E-008
    9885  0.27231E-008
    9886  0.27289E-008
    9887  0.27361E-008
    9888  0.27442E-008
    9889  0.27528E-008
    9890  0.27617E-008
    9891  0.27708E-008
    9892  0.27799E-008
    9893  0.27892E-008
    9894  0.27986E-008
    9895  0.28080E-008
    9896  0.28175E-008
    9897  0.28271E-008
    9898  0.28368E-008
    9899  0.28465E-008
    9900  0.28563E-008
    9901  0.26679E-008
    9902  0.26689E-008
    9903  0.26706E-008
    9904  0.26729E-008
    9905  0.26757E-008
    9906  0.26789E-008
    9907  0.26825E-008
    9908  0.26864E-008
    9909  0.26906E-008
    9910  0.26949E-008
    9911  0.26993E-008
    9912  0.27038E-008
    9913  0.27084E-008
    9914  0.27131E-008
    9915  0.27177E-008
    9916  0.27225E-008
    9917  0.27272E-008
    9918  0.27320E-008
    9919  0.27368E-008
    9920  0.27416E-008
    9921  0.27464E-008
    9922  0.27513E-008
    9923  0.27562E-008
    9924  0.27610E-008
    9925  0.27660E-008
    9926  0.27709E-008
    9927  0.27758E-008
    9928  0.27808E-008
    9929  0.27858E-008
    9930  0.27908E-008
    9931  0.27958E-008
    9932  0.28009E-008
    9933  0.28059E-008
    9934  0.28110E-008
    9935  0.28161E-008
    9936  0.26184E-008
    9937  0.26225E-008
    9938  0.26288E-008
    9939  0.26366E-008
    9940  0.26454E-008
    9941  0.26547E-008
    9942  0.26643E-008
    9943  0.26740E-008
    9944  0.26839E-008
    9945  0.26939E-008
    9946  0.27039E-008
    9947  0.27140E-008
    9948  0.27242E-008
    9949  0.27345E-008
    9950  0.27448E-008
    9951  0.27552E-008
    9952  0.27656E-008
    9953  0.25666E-008
    9954  0.25677E-008
    9955  0.25695E-008
    9956  0.25720E-008
    9957  0.25750E-008
    9958  0.25785E-008
    9959  0.25824E-008
    9960  0.25867E-008
    9961  0.25911E-008
    9962  0.25958E-008
    9963  0.26006E-008
    9964  0.26054E-008
    9965  0.26104E-008
    9966  0.26154E-008
    9967  0.26204E-008
    9968  0.26255E-008
    9969  0.26306E-008
    9970  0.26358E-008
    9971  0.26409E-008
    9972  0.26461E-008
    9973  0.26513E-008
    9974  0.26565E-008
    9975  0.26617E-008
    9976  0.26669E-008
    9977  0.26722E-008
    9978  0.26775E-008
    9979  0.26828E-008
    9980  0.26881E-008
    9981  0.26934E-008
    9982  0.26987E-008
    9983  0.27041E-008
    9984  0.27095E-008
    9985  0.27149E-008
    9986  0.27203E-008
    9987  0.27257E-008
    9988  0.25169E-008
    9989  0.25213E-008
    9990  0.25281E-008
    9991  0.25366E-008
    9992  0.25460E-008
    9993  0.25561E-008
    9994  0.25664E-008
    9995  0.25769E-008
    9996  0.25875E-008
    9997  0.25982E-008
    9998  0.26089E-008
    9999  0.26198E-008
   10000  0.26307E-008
   10001  0.26416E-008
   10002  0.26526E-008
   10003  0.26637E-008
   10004  0.26749E-008
   10005  0.24647E-008
   10006  0.24659E-008
   10007  0.24679E-008
   10008  0.24705E-008
   10009  0.24738E-008
   10010  0.24776E-008
   10011  0.24818E-008
   10012  0.24864E-008
   10013  0.24912E-008
   10014  0.24962E-008
   10015  0.25013E-008
   10016  0.25066E-008
   10017  0.25119E-008
   10018  0.25173E-008
   10019  0.25227E-008
   10020  0.25282E-008
   10021  0.25337E-008
   10022  0.25392E-008
   10023  0.25447E-008
   10024  0.25502E-008
   10025  0.25558E-008
   10026  0.25614E-008
   10027  0.25670E-008
   10028  0.25726E-008
   10029  0.25782E-008
   10030  0.25838E-008
   10031  0.25895E-008
   10032  0.25951E-008
   10033  0.26008E-008
   10034  0.26065E-008
   10035  0.26122E-008
   10036  0.26179E-008
   10037  0.26237E-008
   10038  0.26294E-008
   10039  0.26352E-008
   10040  0.24148E-008
   10041  0.24196E-008
   10042  0.24269E-008
   10043  0.24360E-008
   10044  0.24462E-008
   10045  0.24570E-008
   10046  0.24681E-008
   10047  0.24794E-008
   10048  0.24908E-008
   10049  0.25022E-008
   10050  0.25137E-008
   10051  0.25253E-008
   10052  0.25369E-008
   10053  0.25486E-008
   10054  0.25604E-008
   10055  0.25721E-008
   10056  0.25840E-008
   10057  0.23623E-008
   10058  0.23636E-008
   10059  0.23657E-008
   10060  0.23686E-008
   10061  0.23721E-008
   10062  0.23762E-008
   10063  0.23807E-008
   10064  0.23856E-008
   10065  0.23908E-008
   10066  0.23962E-008
   10067  0.24017E-008
   10068  0.24074E-008
   10069  0.24131E-008
   10070  0.24189E-008
   10071  0.24247E-008
   10072  0.24306E-008
   10073  0.24365E-008
   10074  0.24423E-008
   10075  0.24483E-008
   10076  0.24542E-008
   10077  0.24601E-008
   10078  0.24661E-008
   10079  0.24721E-008
   10080  0.24780E-008
   10081  0.24840E-008
   10082  0.24900E-008
   10083  0.24961E-008
   10084  0.25021E-008
   10085  0.25082E-008
   10086  0.25142E-008
   10087  0.25203E-008
   10088  0.25264E-008
   10089  0.25325E-008
   10090  0.25386E-008
   10091  0.25447E-008
   10092  0.23123E-008
   10093  0.23175E-008
   10094  0.23253E-008
   10095  0.23351E-008
   10096  0.23461E-008
   10097  0.23577E-008
   10098  0.23696E-008
   10099  0.23817E-008
   10100  0.23939E-008
   10101  0.24061E-008
   10102  0.24184E-008
   10103  0.24308E-008
   10104  0.24431E-008
   10105  0.24556E-008
   10106  0.24681E-008
   10107  0.24806E-008
   10108  0.24932E-008
   10109  0.22595E-008
   10110  0.22609E-008
   10111  0.22632E-008
   10112  0.22663E-008
   10113  0.22700E-008
   10114  0.22744E-008
   10115  0.22793E-008
   10116  0.22846E-008
   10117  0.22902E-008
   10118  0.22960E-008
   10119  0.23019E-008
   10120  0.23080E-008
   10121  0.23141E-008
   10122  0.23203E-008
   10123  0.23265E-008
   10124  0.23328E-008
   10125  0.23391E-008
   10126  0.23454E-008
   10127  0.23517E-008
   10128  0.23580E-008
   10129  0.23644E-008
   10130  0.23707E-008
   10131  0.23771E-008
   10132  0.23835E-008
   10133  0.23899E-008
   10134  0.23963E-008
   10135  0.24027E-008
   10136  0.24091E-008
   10137  0.24155E-008
   10138  0.24220E-008
   10139  0.24284E-008
   10140  0.24349E-008
   10141  0.24413E-008
   10142  0.24478E-008
   10143  0.24543E-008
   10144  0.22094E-008
   10145  0.22150E-008
   10146  0.22235E-008
   10147  0.22340E-008
   10148  0.22458E-008
   10149  0.22582E-008
   10150  0.22710E-008
   10151  0.22839E-008
   10152  0.22969E-008
   10153  0.23100E-008
   10154  0.23231E-008
   10155  0.23362E-008
   10156  0.23494E-008
   10157  0.23626E-008
   10158  0.23759E-008
   10159  0.23892E-008
   10160  0.24025E-008
   10161  0.21564E-008
   10162  0.21579E-008
   10163  0.21604E-008
   10164  0.21637E-008
   10165  0.21678E-008
   10166  0.21725E-008
   10167  0.21777E-008
   10168  0.21834E-008
   10169  0.21894E-008
   10170  0.21956E-008
   10171  0.22019E-008
   10172  0.22084E-008
   10173  0.22150E-008
   10174  0.22216E-008
   10175  0.22283E-008
   10176  0.22350E-008
   10177  0.22417E-008
   10178  0.22484E-008
   10179  0.22552E-008
   10180  0.22619E-008
   10181  0.22687E-008
   10182  0.22754E-008
   10183  0.22822E-008
   10184  0.22890E-008
   10185  0.22958E-008
   10186  0.23026E-008
   10187  0.23094E-008
   10188  0.23162E-008
   10189  0.23231E-008
   10190  0.23299E-008
   10191  0.23367E-008
   10192  0.23436E-008
   10193  0.23505E-008
   10194  0.23573E-008
   10195  0.23642E-008
   10196  0.21064E-008
   10197  0.21124E-008
   10198  0.21215E-008
   10199  0.21328E-008
   10200  0.21454E-008
   10201  0.21587E-008
   10202  0.21723E-008
   10203  0.21861E-008
   10204  0.22000E-008
   10205  0.22139E-008
   10206  0.22279E-008
   10207  0.22418E-008
   10208  0.22559E-008
   10209  0.22699E-008
   10210  0.22840E-008
   10211  0.22981E-008
   10212  0.23122E-008
   10213  0.20533E-008
   10214  0.20549E-008
   10215  0.20575E-008
   10216  0.20611E-008
   10217  0.20654E-008
   10218  0.20705E-008
   10219  0.20761E-008
   10220  0.20821E-008
   10221  0.20885E-008
   10222  0.20952E-008
   10223  0.21020E-008
   10224  0.21089E-008
   10225  0.21159E-008
   10226  0.21230E-008
   10227  0.21301E-008
   10228  0.21373E-008
   10229  0.21444E-008
   10230  0.21516E-008
   10231  0.21588E-008
   10232  0.21660E-008
   10233  0.21731E-008
   10234  0.21803E-008
   10235  0.21875E-008
   10236  0.21948E-008
   10237  0.22020E-008
   10238  0.22092E-008
   10239  0.22164E-008
   10240  0.22237E-008
   10241  0.22309E-008
   10242  0.22381E-008
   10243  0.22454E-008
   10244  0.22526E-008
   10245  0.22599E-008
   10246  0.22672E-008
   10247  0.22744E-008
   10248  0.20034E-008
   10249  0.20098E-008
   10250  0.20195E-008
   10251  0.20316E-008
   10252  0.20450E-008
   10253  0.20592E-008
   10254  0.20738E-008
   10255  0.20885E-008
   10256  0.21033E-008
   10257  0.21181E-008
   10258  0.21329E-008
   10259  0.21478E-008
   10260  0.21626E-008
   10261  0.21775E-008
   10262  0.21924E-008
   10263  0.22073E-008
   10264  0.22222E-008
   10265  0.19502E-008
   10266  0.19519E-008
   10267  0.19547E-008
   10268  0.19585E-008
   10269  0.19632E-008
   10270  0.19686E-008
   10271  0.19745E-008
   10272  0.19810E-008
   10273  0.19878E-008
   10274  0.19949E-008
   10275  0.20022E-008
   10276  0.20096E-008
   10277  0.20171E-008
   10278  0.20246E-008
   10279  0.20322E-008
   10280  0.20398E-008
   10281  0.20474E-008
   10282  0.20550E-008
   10283  0.20627E-008
   10284  0.20703E-008
   10285  0.20779E-008
   10286  0.20856E-008
   10287  0.20932E-008
   10288  0.21009E-008
   10289  0.21085E-008
   10290  0.21162E-008
   10291  0.21238E-008
   10292  0.21315E-008
   10293  0.21391E-008
   10294  0.21468E-008
   10295  0.21545E-008
   10296  0.21621E-008
   10297  0.21698E-008
   10298  0.21775E-008
   10299  0.21852E-008
   10300  0.19005E-008
   10301  0.19073E-008
   10302  0.19177E-008
   10303  0.19306E-008
   10304  0.19449E-008
   10305  0.19601E-008
   10306  0.19756E-008
   10307  0.19912E-008
   10308  0.20069E-008
   10309  0.20226E-008
   10310  0.20384E-008
   10311  0.20541E-008
   10312  0.20698E-008
   10313  0.20856E-008
   10314  0.21013E-008
   10315  0.21171E-008
   10316  0.21329E-008
   10317  0.18473E-008
   10318  0.18491E-008
   10319  0.18521E-008
   10320  0.18562E-008
   10321  0.18611E-008
   10322  0.18669E-008
   10323  0.18733E-008
   10324  0.18802E-008
   10325  0.18874E-008
   10326  0.18950E-008
   10327  0.19027E-008
   10328  0.19106E-008
   10329  0.19186E-008
   10330  0.19266E-008
   10331  0.19347E-008
   10332  0.19427E-008
   10333  0.19508E-008
   10334  0.19589E-008
   10335  0.19670E-008
   10336  0.19751E-008
   10337  0.19832E-008
   10338  0.19913E-008
   10339  0.19994E-008
   10340  0.20075E-008
   10341  0.20156E-008
   10342  0.20237E-008
   10343  0.20318E-008
   10344  0.20399E-008
   10345  0.20480E-008
   10346  0.20561E-008
   10347  0.20641E-008
   10348  0.20722E-008
   10349  0.20803E-008
   10350  0.20884E-008
   10351  0.20965E-008
   10352  0.17979E-008
   10353  0.18051E-008
   10354  0.18162E-008
   10355  0.18299E-008
   10356  0.18452E-008
   10357  0.18613E-008
   10358  0.18778E-008
   10359  0.18944E-008
   10360  0.19111E-008
   10361  0.19277E-008
   10362  0.19444E-008
   10363  0.19610E-008
   10364  0.19777E-008
   10365  0.19943E-008
   10366  0.20109E-008
   10367  0.20276E-008
   10368  0.20442E-008
   10369  0.17448E-008
   10370  0.17467E-008
   10371  0.17499E-008
   10372  0.17543E-008
   10373  0.17596E-008
   10374  0.17657E-008
   10375  0.17725E-008
   10376  0.17798E-008
   10377  0.17875E-008
   10378  0.17956E-008
   10379  0.18038E-008
   10380  0.18122E-008
   10381  0.18206E-008
   10382  0.18291E-008
   10383  0.18377E-008
   10384  0.18462E-008
   10385  0.18548E-008
   10386  0.18634E-008
   10387  0.18719E-008
   10388  0.18805E-008
   10389  0.18891E-008
   10390  0.18977E-008
   10391  0.19062E-008
   10392  0.19148E-008
   10393  0.19233E-008
   10394  0.19319E-008
   10395  0.19404E-008
   10396  0.19490E-008
   10397  0.19575E-008
   10398  0.19660E-008
   10399  0.19746E-008
   10400  0.19831E-008
   10401  0.19916E-008
   10402  0.20001E-008
   10403  0.20087E-008
   10404  0.16958E-008
   10405  0.17035E-008
   10406  0.17153E-008
   10407  0.17299E-008
   10408  0.17461E-008
   10409  0.17632E-008
   10410  0.17807E-008
   10411  0.17983E-008
   10412  0.18159E-008
   10413  0.18335E-008
   10414  0.18511E-008
   10415  0.18687E-008
   10416  0.18863E-008
   10417  0.19038E-008
   10418  0.19214E-008
   10419  0.19389E-008
   10420  0.19563E-008
   10421  0.16429E-008
   10422  0.16450E-008
   10423  0.16484E-008
   10424  0.16530E-008
   10425  0.16586E-008
   10426  0.16651E-008
   10427  0.16723E-008
   10428  0.16801E-008
   10429  0.16883E-008
   10430  0.16968E-008
   10431  0.17055E-008
   10432  0.17144E-008
   10433  0.17234E-008
   10434  0.17324E-008
   10435  0.17414E-008
   10436  0.17505E-008
   10437  0.17596E-008
   10438  0.17686E-008
   10439  0.17777E-008
   10440  0.17867E-008
   10441  0.17958E-008
   10442  0.18048E-008
   10443  0.18139E-008
   10444  0.18229E-008
   10445  0.18319E-008
   10446  0.18409E-008
   10447  0.18499E-008
   10448  0.18589E-008
   10449  0.18679E-008
   10450  0.18769E-008
   10451  0.18859E-008
   10452  0.18949E-008
   10453  0.19038E-008
   10454  0.19128E-008
   10455  0.19217E-008
   10456  0.15944E-008
   10457  0.16026E-008
   10458  0.16151E-008
   10459  0.16306E-008
   10460  0.16478E-008
   10461  0.16659E-008
   10462  0.16844E-008
   10463  0.17030E-008
   10464  0.17216E-008
   10465  0.17402E-008
   10466  0.17588E-008
   10467  0.17773E-008
   10468  0.17958E-008
   10469  0.18143E-008
   10470  0.18327E-008
   10471  0.18511E-008
   10472  0.18695E-008
   10473  0.15419E-008
   10474  0.15441E-008
   10475  0.15477E-008
   10476  0.15525E-008
   10477  0.15585E-008
   10478  0.15654E-008
   10479  0.15730E-008
   10480  0.15813E-008
   10481  0.15899E-008
   10482  0.15990E-008
   10483  0.16082E-008
   10484  0.16176E-008
   10485  0.16270E-008
   10486  0.16366E-008
   10487  0.16461E-008
   10488  0.16557E-008
   10489  0.16653E-008
   10490  0.16748E-008
   10491  0.16844E-008
   10492  0.16940E-008
   10493  0.17035E-008
   10494  0.17130E-008
   10495  0.17225E-008
   10496  0.17321E-008
   10497  0.17416E-008
   10498  0.17510E-008
   10499  0.17605E-008
   10500  0.17700E-008
   10501  0.17794E-008
   10502  0.17889E-008
   10503  0.17983E-008
   10504  0.18077E-008
   10505  0.18171E-008
   10506  0.18265E-008
   10507  0.18360E-008
   10508  0.14940E-008
   10509  0.15027E-008
   10510  0.15159E-008
   10511  0.15322E-008
   10512  0.15504E-008
   10513  0.15696E-008
   10514  0.15891E-008
   10515  0.16087E-008
   10516  0.16284E-008
   10517  0.16480E-008
   10518  0.16676E-008
   10519  0.16871E-008
   10520  0.17065E-008
   10521  0.17259E-008
   10522  0.17453E-008
   10523  0.17646E-008
   10524  0.17839E-008
   10525  0.14418E-008
   10526  0.14442E-008
   10527  0.14480E-008
   10528  0.14531E-008
   10529  0.14594E-008
   10530  0.14667E-008
   10531  0.14748E-008
   10532  0.14835E-008
   10533  0.14927E-008
   10534  0.15022E-008
   10535  0.15119E-008
   10536  0.15219E-008
   10537  0.15318E-008
   10538  0.15419E-008
   10539  0.15520E-008
   10540  0.15621E-008
   10541  0.15721E-008
   10542  0.15822E-008
   10543  0.15923E-008
   10544  0.16023E-008
   10545  0.16124E-008
   10546  0.16224E-008
   10547  0.16324E-008
   10548  0.16424E-008
   10549  0.16524E-008
   10550  0.16624E-008
   10551  0.16723E-008
   10552  0.16822E-008
   10553  0.16922E-008
   10554  0.17021E-008
   10555  0.17120E-008
   10556  0.17218E-008
   10557  0.17317E-008
   10558  0.17416E-008
   10559  0.17514E-008
   10560  0.13947E-008
   10561  0.14039E-008
   10562  0.14178E-008
   10563  0.14351E-008
   10564  0.14543E-008
   10565  0.14745E-008
   10566  0.14950E-008
   10567  0.15157E-008
   10568  0.15364E-008
   10569  0.15570E-008
   10570  0.15776E-008
   10571  0.15981E-008
   10572  0.16185E-008
   10573  0.16389E-008
   10574  0.16592E-008
   10575  0.16794E-008
   10576  0.16996E-008
   10577  0.13431E-008
   10578  0.13455E-008
   10579  0.13496E-008
   10580  0.13550E-008
   10581  0.13616E-008
   10582  0.13693E-008
   10583  0.13779E-008
   10584  0.13870E-008
   10585  0.13967E-008
   10586  0.14068E-008
   10587  0.14170E-008
   10588  0.14275E-008
   10589  0.14380E-008
   10590  0.14486E-008
   10591  0.14592E-008
   10592  0.14698E-008
   10593  0.14804E-008
   10594  0.14910E-008
   10595  0.15015E-008
   10596  0.15121E-008
   10597  0.15227E-008
   10598  0.15332E-008
   10599  0.15437E-008
   10600  0.15542E-008
   10601  0.15646E-008
   10602  0.15751E-008
   10603  0.15855E-008
   10604  0.15959E-008
   10605  0.16063E-008
   10606  0.16167E-008
   10607  0.16270E-008
   10608  0.16374E-008
   10609  0.16477E-008
   10610  0.16580E-008
   10611  0.16683E-008
   10612  0.12968E-008
   10613  0.13065E-008
   10614  0.13212E-008
   10615  0.13394E-008
   10616  0.13596E-008
   10617  0.13808E-008
   10618  0.14025E-008
   10619  0.14242E-008
   10620  0.14459E-008
   10621  0.14676E-008
   10622  0.14891E-008
   10623  0.15106E-008
   10624  0.15320E-008
   10625  0.15534E-008
   10626  0.15746E-008
   10627  0.15957E-008
   10628  0.16168E-008
   10629  0.12459E-008
   10630  0.12484E-008
   10631  0.12527E-008
   10632  0.12584E-008
   10633  0.12654E-008
   10634  0.12735E-008
   10635  0.12824E-008
   10636  0.12921E-008
   10637  0.13023E-008
   10638  0.13128E-008
   10639  0.13236E-008
   10640  0.13346E-008
   10641  0.13457E-008
   10642  0.13568E-008
   10643  0.13679E-008
   10644  0.13791E-008
   10645  0.13902E-008
   10646  0.14013E-008
   10647  0.14124E-008
   10648  0.14235E-008
   10649  0.14345E-008
   10650  0.14455E-008
   10651  0.14565E-008
   10652  0.14675E-008
   10653  0.14785E-008
   10654  0.14894E-008
   10655  0.15003E-008
   10656  0.15112E-008
   10657  0.15221E-008
   10658  0.15329E-008
   10659  0.15437E-008
   10660  0.15545E-008
   10661  0.15653E-008
   10662  0.15761E-008
   10663  0.15868E-008
   10664  0.12005E-008
   10665  0.12107E-008
   10666  0.12262E-008
   10667  0.12453E-008
   10668  0.12665E-008
   10669  0.12888E-008
   10670  0.13116E-008
   10671  0.13344E-008
   10672  0.13571E-008
   10673  0.13798E-008
   10674  0.14024E-008
   10675  0.14249E-008
   10676  0.14472E-008
   10677  0.14695E-008
   10678  0.14917E-008
   10679  0.15138E-008
   10680  0.15358E-008
   10681  0.11504E-008
   10682  0.11531E-008
   10683  0.11576E-008
   10684  0.11635E-008
   10685  0.11709E-008
   10686  0.11794E-008
   10687  0.11888E-008
   10688  0.11990E-008
   10689  0.12096E-008
   10690  0.12207E-008
   10691  0.12321E-008
   10692  0.12436E-008
   10693  0.12551E-008
   10694  0.12668E-008
   10695  0.12785E-008
   10696  0.12901E-008
   10697  0.13018E-008
   10698  0.13134E-008
   10699  0.13250E-008
   10700  0.13366E-008
   10701  0.13482E-008
   10702  0.13597E-008
   10703  0.13712E-008
   10704  0.13827E-008
   10705  0.13941E-008
   10706  0.14056E-008
   10707  0.14170E-008
   10708  0.14283E-008
   10709  0.14397E-008
   10710  0.14510E-008
   10711  0.14622E-008
   10712  0.14735E-008
   10713  0.14847E-008
   10714  0.14960E-008
   10715  0.15072E-008
   10716  0.11062E-008
   10717  0.11169E-008
   10718  0.11331E-008
   10719  0.11531E-008
   10720  0.11754E-008
   10721  0.11988E-008
   10722  0.12226E-008
   10723  0.12464E-008
   10724  0.12702E-008
   10725  0.12940E-008
   10726  0.13175E-008
   10727  0.13410E-008
   10728  0.13644E-008
   10729  0.13876E-008
   10730  0.14107E-008
   10731  0.14337E-008
   10732  0.14567E-008
   10733  0.10569E-008
   10734  0.10598E-008
   10735  0.10644E-008
   10736  0.10707E-008
   10737  0.10784E-008
   10738  0.10873E-008
   10739  0.10972E-008
   10740  0.11078E-008
   10741  0.11190E-008
   10742  0.11306E-008
   10743  0.11425E-008
   10744  0.11545E-008
   10745  0.11667E-008
   10746  0.11788E-008
   10747  0.11910E-008
   10748  0.12032E-008
   10749  0.12154E-008
   10750  0.12276E-008
   10751  0.12397E-008
   10752  0.12518E-008
   10753  0.12639E-008
   10754  0.12759E-008
   10755  0.12879E-008
   10756  0.12999E-008
   10757  0.13118E-008
   10758  0.13237E-008
   10759  0.13356E-008
   10760  0.13474E-008
   10761  0.13592E-008
   10762  0.13710E-008
   10763  0.13828E-008
   10764  0.13945E-008
   10765  0.14062E-008
   10766  0.14179E-008
   10767  0.14295E-008
   10768  0.10140E-008
   10769  0.10252E-008
   10770  0.10421E-008
   10771  0.10631E-008
   10772  0.10864E-008
   10773  0.11108E-008
   10774  0.11357E-008
   10775  0.11606E-008
   10776  0.11855E-008
   10777  0.12102E-008
   10778  0.12348E-008
   10779  0.12593E-008
   10780  0.12836E-008
   10781  0.13078E-008
   10782  0.13319E-008
   10783  0.13558E-008
   10784  0.13796E-008
   10785  0.96577E-009
   10786  0.96875E-009
   10787  0.97363E-009
   10788  0.98019E-009
   10789  0.98825E-009
   10790  0.99756E-009
   10791  0.10079E-008
   10792  0.10190E-008
   10793  0.10307E-008
   10794  0.10428E-008
   10795  0.10552E-008
   10796  0.10678E-008
   10797  0.10804E-008
   10798  0.10932E-008
   10799  0.11059E-008
   10800  0.11186E-008
   10801  0.11313E-008
   10802  0.11440E-008
   10803  0.11566E-008
   10804  0.11692E-008
   10805  0.11818E-008
   10806  0.11943E-008
   10807  0.12068E-008
   10808  0.12193E-008
   10809  0.12317E-008
   10810  0.12441E-008
   10811  0.12565E-008
   10812  0.12688E-008
   10813  0.12811E-008
   10814  0.12933E-008
   10815  0.13055E-008
   10816  0.13177E-008
   10817  0.13298E-008
   10818  0.13420E-008
   10819  0.13541E-008
   10820  0.92417E-009
   10821  0.93586E-009
   10822  0.95361E-009
   10823  0.97551E-009
   10824  0.99983E-009
   10825  0.10253E-008
   10826  0.10512E-008
   10827  0.10772E-008
   10828  0.11031E-008
   10829  0.11289E-008
   10830  0.11545E-008
   10831  0.11799E-008
   10832  0.12052E-008
   10833  0.12303E-008
   10834  0.12553E-008
   10835  0.12802E-008
   10836  0.13049E-008
   10837  0.87716E-009
   10838  0.88027E-009
   10839  0.88536E-009
   10840  0.89220E-009
   10841  0.90062E-009
   10842  0.91033E-009
   10843  0.92110E-009
   10844  0.93269E-009
   10845  0.94488E-009
   10846  0.95751E-009
   10847  0.97042E-009
   10848  0.98352E-009
   10849  0.99672E-009
   10850  0.10100E-008
   10851  0.10232E-008
   10852  0.10365E-008
   10853  0.10497E-008
   10854  0.10629E-008
   10855  0.10760E-008
   10856  0.10891E-008
   10857  0.11022E-008
   10858  0.11152E-008
   10859  0.11282E-008
   10860  0.11412E-008
   10861  0.11541E-008
   10862  0.11669E-008
   10863  0.11798E-008
   10864  0.11926E-008
   10865  0.12053E-008
   10866  0.12180E-008
   10867  0.12307E-008
   10868  0.12433E-008
   10869  0.12559E-008
   10870  0.12684E-008
   10871  0.12810E-008
   10872  0.83707E-009
   10873  0.84925E-009
   10874  0.86775E-009
   10875  0.89057E-009
   10876  0.91589E-009
   10877  0.94242E-009
   10878  0.96939E-009
   10879  0.99642E-009
   10880  0.10233E-008
   10881  0.10501E-008
   10882  0.10767E-008
   10883  0.11031E-008
   10884  0.11293E-008
   10885  0.11554E-008
   10886  0.11813E-008
   10887  0.12071E-008
   10888  0.12326E-008
   10889  0.79137E-009
   10890  0.79461E-009
   10891  0.79991E-009
   10892  0.80704E-009
   10893  0.81579E-009
   10894  0.82590E-009
   10895  0.83711E-009
   10896  0.84917E-009
   10897  0.86185E-009
   10898  0.87500E-009
   10899  0.88842E-009
   10900  0.90205E-009
   10901  0.91576E-009
   10902  0.92953E-009
   10903  0.94331E-009
   10904  0.95707E-009
   10905  0.97080E-009
   10906  0.98450E-009
   10907  0.99815E-009
   10908  0.10118E-008
   10909  0.10253E-008
   10910  0.10388E-008
   10911  0.10523E-008
   10912  0.10657E-008
   10913  0.10791E-008
   10914  0.10924E-008
   10915  0.11057E-008
   10916  0.11190E-008
   10917  0.11322E-008
   10918  0.11453E-008
   10919  0.11584E-008
   10920  0.11715E-008
   10921  0.11845E-008
   10922  0.11975E-008
   10923  0.12105E-008
   10924  0.75292E-009
   10925  0.76559E-009
   10926  0.78483E-009
   10927  0.80854E-009
   10928  0.83486E-009
   10929  0.86242E-009
   10930  0.89042E-009
   10931  0.91847E-009
   10932  0.94640E-009
   10933  0.97415E-009
   10934  0.10017E-008
   10935  0.10291E-008
   10936  0.10562E-008
   10937  0.10832E-008
   10938  0.11100E-008
   10939  0.11366E-008
   10940  0.11631E-008
   10941  0.70868E-009
   10942  0.71204E-009
   10943  0.71755E-009
   10944  0.72495E-009
   10945  0.73405E-009
   10946  0.74455E-009
   10947  0.75618E-009
   10948  0.76871E-009
   10949  0.78187E-009
   10950  0.79551E-009
   10951  0.80944E-009
   10952  0.82358E-009
   10953  0.83780E-009
   10954  0.85209E-009
   10955  0.86637E-009
   10956  0.88064E-009
   10957  0.89487E-009
   10958  0.90906E-009
   10959  0.92320E-009
   10960  0.93729E-009
   10961  0.95134E-009
   10962  0.96533E-009
   10963  0.97927E-009
   10964  0.99316E-009
   10965  0.10070E-008
   10966  0.10208E-008
   10967  0.10345E-008
   10968  0.10482E-008
   10969  0.10619E-008
   10970  0.10754E-008
   10971  0.10890E-008
   10972  0.11025E-008
   10973  0.11159E-008
   10974  0.11294E-008
   10975  0.11428E-008
   10976  0.67201E-009
   10977  0.68515E-009
   10978  0.70510E-009
   10979  0.72970E-009
   10980  0.75699E-009
   10981  0.78555E-009
   10982  0.81456E-009
   10983  0.84361E-009
   10984  0.87252E-009
   10985  0.90123E-009
   10986  0.92974E-009
   10987  0.95803E-009
   10988  0.98611E-009
   10989  0.10140E-008
   10990  0.10416E-008
   10991  0.10691E-008
   10992  0.10964E-008
   10993  0.62936E-009
   10994  0.63284E-009
   10995  0.63855E-009
   10996  0.64622E-009
   10997  0.65565E-009
   10998  0.66653E-009
   10999  0.67858E-009
   11000  0.69156E-009
   11001  0.70519E-009
   11002  0.71932E-009
   11003  0.73374E-009
   11004  0.74837E-009
   11005  0.76310E-009
   11006  0.77788E-009
   11007  0.79265E-009
   11008  0.80741E-009
   11009  0.82213E-009
   11010  0.83680E-009
   11011  0.85142E-009
   11012  0.86599E-009
   11013  0.88050E-009
   11014  0.89496E-009
   11015  0.90935E-009
   11016  0.92370E-009
   11017  0.93799E-009
   11018  0.95222E-009
   11019  0.96640E-009
   11020  0.98053E-009
   11021  0.99460E-009
   11022  0.10086E-008
   11023  0.10226E-008
   11024  0.10365E-008
   11025  0.10504E-008
   11026  0.10642E-008
   11027  0.10781E-008
   11028  0.59459E-009
   11029  0.60820E-009
   11030  0.62885E-009
   11031  0.65430E-009
   11032  0.68253E-009
   11033  0.71207E-009
   11034  0.74206E-009
   11035  0.77208E-009
   11036  0.80194E-009
   11037  0.83159E-009
   11038  0.86101E-009
   11039  0.89020E-009
   11040  0.91916E-009
   11041  0.94790E-009
   11042  0.97642E-009
   11043  0.10047E-008
   11044  0.10328E-008
   11045  0.55367E-009
   11046  0.55727E-009
   11047  0.56318E-009
   11048  0.57111E-009
   11049  0.58085E-009
   11050  0.59210E-009
   11051  0.60456E-009
   11052  0.61797E-009
   11053  0.63206E-009
   11054  0.64666E-009
   11055  0.66156E-009
   11056  0.67668E-009
   11057  0.69188E-009
   11058  0.70714E-009
   11059  0.72240E-009
   11060  0.73763E-009
   11061  0.75282E-009
   11062  0.76796E-009
   11063  0.78304E-009
   11064  0.79807E-009
   11065  0.81303E-009
   11066  0.82793E-009
   11067  0.84278E-009
   11068  0.85756E-009
   11069  0.87229E-009
   11070  0.88695E-009
   11071  0.90156E-009
   11072  0.91611E-009
   11073  0.93060E-009
   11074  0.94504E-009
   11075  0.95942E-009
   11076  0.97375E-009
   11077  0.98803E-009
   11078  0.10023E-008
   11079  0.10165E-008
   11080  0.52094E-009
   11081  0.53499E-009
   11082  0.55632E-009
   11083  0.58260E-009
   11084  0.61173E-009
   11085  0.64222E-009
   11086  0.67316E-009
   11087  0.70411E-009
   11088  0.73489E-009
   11089  0.76544E-009
   11090  0.79575E-009
   11091  0.82580E-009
   11092  0.85561E-009
   11093  0.88518E-009
   11094  0.91452E-009
   11095  0.94363E-009
   11096  0.97253E-009
   11097  0.48189E-009
   11098  0.48560E-009
   11099  0.49169E-009
   11100  0.49987E-009
   11101  0.50992E-009
   11102  0.52153E-009
   11103  0.53438E-009
   11104  0.54821E-009
   11105  0.56274E-009
   11106  0.57778E-009
   11107  0.59315E-009
   11108  0.60873E-009
   11109  0.62440E-009
   11110  0.64012E-009
   11111  0.65583E-009
   11112  0.67153E-009
   11113  0.68717E-009
   11114  0.70276E-009
   11115  0.71828E-009
   11116  0.73374E-009
   11117  0.74914E-009
   11118  0.76448E-009
   11119  0.77975E-009
   11120  0.79495E-009
   11121  0.81010E-009
   11122  0.82518E-009
   11123  0.84020E-009
   11124  0.85515E-009
   11125  0.87005E-009
   11126  0.88488E-009
   11127  0.89966E-009
   11128  0.91438E-009
   11129  0.92905E-009
   11130  0.94368E-009
   11131  0.95828E-009
   11132  0.45131E-009
   11133  0.46579E-009
   11134  0.48776E-009
   11135  0.51483E-009
   11136  0.54484E-009
   11137  0.57623E-009
   11138  0.60807E-009
   11139  0.63992E-009
   11140  0.67158E-009
   11141  0.70300E-009
   11142  0.73415E-009
   11143  0.76504E-009
   11144  0.79566E-009
   11145  0.82603E-009
   11146  0.85615E-009
   11147  0.88603E-009
   11148  0.91570E-009
   11149  0.41426E-009
   11150  0.41808E-009
   11151  0.42435E-009
   11152  0.43277E-009
   11153  0.44311E-009
   11154  0.45505E-009
   11155  0.46827E-009
   11156  0.48251E-009
   11157  0.49745E-009
   11158  0.51293E-009
   11159  0.52873E-009
   11160  0.54475E-009
   11161  0.56087E-009
   11162  0.57704E-009
   11163  0.59319E-009
   11164  0.60931E-009
   11165  0.62539E-009
   11166  0.64140E-009
   11167  0.65735E-009
   11168  0.67323E-009
   11169  0.68905E-009
   11170  0.70479E-009
   11171  0.72047E-009
   11172  0.73608E-009
   11173  0.75162E-009
   11174  0.76710E-009
   11175  0.78250E-009
   11176  0.79785E-009
   11177  0.81313E-009
   11178  0.82834E-009
   11179  0.84350E-009
   11180  0.85859E-009
   11181  0.87362E-009
   11182  0.88861E-009
   11183  0.90354E-009
   11184  0.38595E-009
   11185  0.40084E-009
   11186  0.42343E-009
   11187  0.45125E-009
   11188  0.48209E-009
   11189  0.51433E-009
   11190  0.54704E-009
   11191  0.57974E-009
   11192  0.61224E-009
   11193  0.64447E-009
   11194  0.67643E-009
   11195  0.70810E-009
   11196  0.73950E-009
   11197  0.77062E-009
   11198  0.80148E-009
   11199  0.83208E-009
   11200  0.86245E-009
   11201  0.35102E-009
   11202  0.35495E-009
   11203  0.36138E-009
   11204  0.37003E-009
   11205  0.38065E-009
   11206  0.39291E-009
   11207  0.40649E-009
   11208  0.42110E-009
   11209  0.43644E-009
   11210  0.45233E-009
   11211  0.46854E-009
   11212  0.48499E-009
   11213  0.50152E-009
   11214  0.51810E-009
   11215  0.53467E-009
   11216  0.55121E-009
   11217  0.56769E-009
   11218  0.58411E-009
   11219  0.60046E-009
   11220  0.61674E-009
   11221  0.63294E-009
   11222  0.64908E-009
   11223  0.66514E-009
   11224  0.68113E-009
   11225  0.69704E-009
   11226  0.71289E-009
   11227  0.72867E-009
   11228  0.74437E-009
   11229  0.76001E-009
   11230  0.77559E-009
   11231  0.79109E-009
   11232  0.80654E-009
   11233  0.82192E-009
   11234  0.83725E-009
   11235  0.85256E-009
   11236  0.32511E-009
   11237  0.34038E-009
   11238  0.36354E-009
   11239  0.39208E-009
   11240  0.42369E-009
   11241  0.45674E-009
   11242  0.49026E-009
   11243  0.52376E-009
   11244  0.55705E-009
   11245  0.59005E-009
   11246  0.62276E-009
   11247  0.65518E-009
   11248  0.68730E-009
   11249  0.71913E-009
   11250  0.75069E-009
   11251  0.78197E-009
   11252  0.81301E-009
   11253  0.29242E-009
   11254  0.29645E-009
   11255  0.30304E-009
   11256  0.31190E-009
   11257  0.32278E-009
   11258  0.33534E-009
   11259  0.34925E-009
   11260  0.36421E-009
   11261  0.37992E-009
   11262  0.39620E-009
   11263  0.41280E-009
   11264  0.42963E-009
   11265  0.44656E-009
   11266  0.46353E-009
   11267  0.48049E-009
   11268  0.49741E-009
   11269  0.51427E-009
   11270  0.53107E-009
   11271  0.54779E-009
   11272  0.56444E-009
   11273  0.58102E-009
   11274  0.59751E-009
   11275  0.61393E-009
   11276  0.63028E-009
   11277  0.64655E-009
   11278  0.66274E-009
   11279  0.67886E-009
   11280  0.69491E-009
   11281  0.71089E-009
   11282  0.72680E-009
   11283  0.74263E-009
   11284  0.75841E-009
   11285  0.77411E-009
   11286  0.78976E-009
   11287  0.80536E-009
   11288  0.26900E-009
   11289  0.28463E-009
   11290  0.30833E-009
   11291  0.33753E-009
   11292  0.36987E-009
   11293  0.40367E-009
   11294  0.43794E-009
   11295  0.47219E-009
   11296  0.50621E-009
   11297  0.53993E-009
   11298  0.57334E-009
   11299  0.60645E-009
   11300  0.63924E-009
   11301  0.67173E-009
   11302  0.70394E-009
   11303  0.73586E-009
   11304  0.76753E-009
   11305  0.23868E-009
   11306  0.24279E-009
   11307  0.24953E-009
   11308  0.25859E-009
   11309  0.26971E-009
   11310  0.28255E-009
   11311  0.29676E-009
   11312  0.31205E-009
   11313  0.32811E-009
   11314  0.34473E-009
   11315  0.36170E-009
   11316  0.37889E-009
   11317  0.39618E-009
   11318  0.41352E-009
   11319  0.43083E-009
   11320  0.44811E-009
   11321  0.46533E-009
   11322  0.48247E-009
   11323  0.49954E-009
   11324  0.51654E-009
   11325  0.53345E-009
   11326  0.55028E-009
   11327  0.56703E-009
   11328  0.58370E-009
   11329  0.60030E-009
   11330  0.61681E-009
   11331  0.63325E-009
   11332  0.64962E-009
   11333  0.66591E-009
   11334  0.68212E-009
   11335  0.69827E-009
   11336  0.71434E-009
   11337  0.73035E-009
   11338  0.74631E-009
   11339  0.76224E-009
   11340  0.21785E-009
   11341  0.23380E-009
   11342  0.25800E-009
   11343  0.28781E-009
   11344  0.32082E-009
   11345  0.35531E-009
   11346  0.39027E-009
   11347  0.42520E-009
   11348  0.45990E-009
   11349  0.49428E-009
   11350  0.52834E-009
   11351  0.56207E-009
   11352  0.59548E-009
   11353  0.62858E-009
   11354  0.66138E-009
   11355  0.69388E-009
   11356  0.72611E-009
   11357  0.19000E-009
   11358  0.19419E-009
   11359  0.20107E-009
   11360  0.21030E-009
   11361  0.22164E-009
   11362  0.23473E-009
   11363  0.24922E-009
   11364  0.26482E-009
   11365  0.28119E-009
   11366  0.29814E-009
   11367  0.31543E-009
   11368  0.33295E-009
   11369  0.35057E-009
   11370  0.36824E-009
   11371  0.38588E-009
   11372  0.40349E-009
   11373  0.42102E-009
   11374  0.43849E-009
   11375  0.45588E-009
   11376  0.47318E-009
   11377  0.49040E-009
   11378  0.50754E-009
   11379  0.52459E-009
   11380  0.54157E-009
   11381  0.55846E-009
   11382  0.57527E-009
   11383  0.59200E-009
   11384  0.60865E-009
   11385  0.62522E-009
   11386  0.64171E-009
   11387  0.65814E-009
   11388  0.67448E-009
   11389  0.69076E-009
   11390  0.70698E-009
   11391  0.72314E-009
   11392  0.17185E-009
   11393  0.18810E-009
   11394  0.21275E-009
   11395  0.24310E-009
   11396  0.27672E-009
   11397  0.31184E-009
   11398  0.34743E-009
   11399  0.38298E-009
   11400  0.41828E-009
   11401  0.45326E-009
   11402  0.48791E-009
   11403  0.52221E-009
   11404  0.55618E-009
   11405  0.58983E-009
   11406  0.62316E-009
   11407  0.65618E-009
   11408  0.68894E-009
   11409  0.14657E-009
   11410  0.15084E-009
   11411  0.15783E-009
   11412  0.16723E-009
   11413  0.17877E-009
   11414  0.19208E-009
   11415  0.20683E-009
   11416  0.22269E-009
   11417  0.23934E-009
   11418  0.25658E-009
   11419  0.27417E-009
   11420  0.29199E-009
   11421  0.30991E-009
   11422  0.32787E-009
   11423  0.34581E-009
   11424  0.36371E-009
   11425  0.38153E-009
   11426  0.39929E-009
   11427  0.41696E-009
   11428  0.43454E-009
   11429  0.45204E-009
   11430  0.46945E-009
   11431  0.48678E-009
   11432  0.50402E-009
   11433  0.52117E-009
   11434  0.53825E-009
   11435  0.55524E-009
   11436  0.57214E-009
   11437  0.58897E-009
   11438  0.60572E-009
   11439  0.62239E-009
   11440  0.63899E-009
   11441  0.65551E-009
   11442  0.67199E-009
   11443  0.68843E-009
   11444  0.13118E-009
   11445  0.14770E-009
   11446  0.17275E-009
   11447  0.20359E-009
   11448  0.23775E-009
   11449  0.27343E-009
   11450  0.30958E-009
   11451  0.34568E-009
   11452  0.38152E-009
   11453  0.41703E-009
   11454  0.45220E-009
   11455  0.48701E-009
   11456  0.52148E-009
   11457  0.55561E-009
   11458  0.58942E-009
   11459  0.62291E-009
   11460  0.65612E-009
   11461  0.10857E-009
   11462  0.11290E-009
   11463  0.12000E-009
   11464  0.12954E-009
   11465  0.14125E-009
   11466  0.15477E-009
   11467  0.16974E-009
   11468  0.18583E-009
   11469  0.20273E-009
   11470  0.22023E-009
   11471  0.23807E-009
   11472  0.25616E-009
   11473  0.27434E-009
   11474  0.29256E-009
   11475  0.31076E-009
   11476  0.32892E-009
   11477  0.34700E-009
   11478  0.36501E-009
   11479  0.38292E-009
   11480  0.40076E-009
   11481  0.41850E-009
   11482  0.43615E-009
   11483  0.45372E-009
   11484  0.47119E-009
   11485  0.48858E-009
   11486  0.50589E-009
   11487  0.52310E-009
   11488  0.54024E-009
   11489  0.55729E-009
   11490  0.57426E-009
   11491  0.59115E-009
   11492  0.60796E-009
   11493  0.62469E-009
   11494  0.64136E-009
   11495  0.65797E-009
   11496  0.96011E-010
   11497  0.11276E-009
   11498  0.13816E-009
   11499  0.16943E-009
   11500  0.20405E-009
   11501  0.24022E-009
   11502  0.27685E-009
   11503  0.31344E-009
   11504  0.34975E-009
   11505  0.38572E-009
   11506  0.42134E-009
   11507  0.45659E-009
   11508  0.49149E-009
   11509  0.52604E-009
   11510  0.56026E-009
   11511  0.59416E-009
   11512  0.62775E-009
   11513  0.76147E-010
   11514  0.80534E-010
   11515  0.87726E-010
   11516  0.97386E-010
   11517  0.10925E-009
   11518  0.12294E-009
   11519  0.13809E-009
   11520  0.15440E-009
   11521  0.17151E-009
   11522  0.18923E-009
   11523  0.20729E-009
   11524  0.22561E-009
   11525  0.24401E-009
   11526  0.26246E-009
   11527  0.28088E-009
   11528  0.29925E-009
   11529  0.31755E-009
   11530  0.33578E-009
   11531  0.35391E-009
   11532  0.37195E-009
   11533  0.38990E-009
   11534  0.40776E-009
   11535  0.42553E-009
   11536  0.44321E-009
   11537  0.46080E-009
   11538  0.47830E-009
   11539  0.49572E-009
   11540  0.51304E-009
   11541  0.53029E-009
   11542  0.54745E-009
   11543  0.56452E-009
   11544  0.58152E-009
   11545  0.59844E-009
   11546  0.61530E-009
   11547  0.63212E-009
   11548  0.66484E-010
   11549  0.83429E-010
   11550  0.10912E-009
   11551  0.14075E-009
   11552  0.17577E-009
   11553  0.21234E-009
   11554  0.24939E-009
   11555  0.28638E-009
   11556  0.32309E-009
   11557  0.35945E-009
   11558  0.39545E-009
   11559  0.43107E-009
   11560  0.46634E-009
   11561  0.50125E-009
   11562  0.53581E-009
   11563  0.57005E-009
   11564  0.60399E-009
   11565  0.49441E-010
   11566  0.53874E-010
   11567  0.61141E-010
   11568  0.70902E-010
   11569  0.82891E-010
   11570  0.96722E-010
   11571  0.11203E-009
   11572  0.12851E-009
   11573  0.14580E-009
   11574  0.16369E-009
   11575  0.18195E-009
   11576  0.20044E-009
   11577  0.21903E-009
   11578  0.23767E-009
   11579  0.25627E-009
   11580  0.27483E-009
   11581  0.29331E-009
   11582  0.31171E-009
   11583  0.33002E-009
   11584  0.34824E-009
   11585  0.36636E-009
   11586  0.38439E-009
   11587  0.40233E-009
   11588  0.42018E-009
   11589  0.43793E-009
   11590  0.45560E-009
   11591  0.47318E-009
   11592  0.49066E-009
   11593  0.50806E-009
   11594  0.52538E-009
   11595  0.54261E-009
   11596  0.55976E-009
   11597  0.57682E-009
   11598  0.59382E-009
   11599  0.61075E-009
   11600  0.42718E-010
   11601  0.59820E-010
   11602  0.85752E-010
   11603  0.11767E-009
   11604  0.15301E-009
   11605  0.18992E-009
   11606  0.22729E-009
   11607  0.26461E-009
   11608  0.30165E-009
   11609  0.33832E-009
   11610  0.37462E-009
   11611  0.41055E-009
   11612  0.44611E-009
   11613  0.48130E-009
   11614  0.51615E-009
   11615  0.55065E-009
   11616  0.58484E-009
   11617  0.28557E-010
   11618  0.33027E-010
   11619  0.40353E-010
   11620  0.50193E-010
   11621  0.62279E-010
   11622  0.76222E-010
   11623  0.91659E-010
   11624  0.10826E-009
   11625  0.12569E-009
   11626  0.14373E-009
   11627  0.16213E-009
   11628  0.18077E-009
   11629  0.19951E-009
   11630  0.21829E-009
   11631  0.23703E-009
   11632  0.25574E-009
   11633  0.27436E-009
   11634  0.29290E-009
   11635  0.31135E-009
   11636  0.32971E-009
   11637  0.34797E-009
   11638  0.36613E-009
   11639  0.38421E-009
   11640  0.40218E-009
   11641  0.42007E-009
   11642  0.43786E-009
   11643  0.45557E-009
   11644  0.47318E-009
   11645  0.49070E-009
   11646  0.50814E-009
   11647  0.52549E-009
   11648  0.54276E-009
   11649  0.55994E-009
   11650  0.57706E-009
   11651  0.59411E-009
   11652  0.24810E-010
   11653  0.42031E-010
   11654  0.68143E-010
   11655  0.10028E-009
   11656  0.13586E-009
   11657  0.17302E-009
   11658  0.21065E-009
   11659  0.24822E-009
   11660  0.28549E-009
   11661  0.32241E-009
   11662  0.35894E-009
   11663  0.39510E-009
   11664  0.43088E-009
   11665  0.46629E-009
   11666  0.50135E-009
   11667  0.53606E-009
   11668  0.57044E-009
   11669  0.13580E-010
   11670  0.18076E-010
   11671  0.25444E-010
   11672  0.35342E-010
   11673  0.47498E-010
   11674  0.61522E-010
   11675  0.77047E-010
   11676  0.93746E-010
   11677  0.11127E-009
   11678  0.12942E-009
   11679  0.14792E-009
   11680  0.16667E-009
   11681  0.18551E-009
   11682  0.20439E-009
   11683  0.22324E-009
   11684  0.24205E-009
   11685  0.26078E-009
   11686  0.27942E-009
   11687  0.29797E-009
   11688  0.31642E-009
   11689  0.33478E-009
   11690  0.35304E-009
   11691  0.37121E-009
   11692  0.38928E-009
   11693  0.40726E-009
   11694  0.42515E-009
   11695  0.44294E-009
   11696  0.46064E-009
   11697  0.47826E-009
   11698  0.49578E-009
   11699  0.51321E-009
   11700  0.53056E-009
   11701  0.54782E-009
   11702  0.56499E-009
   11703  0.58208E-009
   11704  0.12832E-010
   11705  0.30133E-010
   11706  0.56365E-010
   11707  0.88654E-010
   11708  0.12440E-009
   11709  0.16172E-009
   11710  0.19952E-009
   11711  0.23725E-009
   11712  0.27469E-009
   11713  0.31176E-009
   11714  0.34845E-009
   11715  0.38476E-009
   11716  0.42069E-009
   11717  0.45624E-009
   11718  0.49144E-009
   11719  0.52627E-009
   11720  0.56076E-009
   11721  0.45701E-011
   11722  0.90814E-011
   11723  0.16475E-010
   11724  0.26407E-010
   11725  0.38606E-010
   11726  0.52678E-010
   11727  0.68256E-010
   11728  0.85013E-010
   11729  0.10260E-009
   11730  0.12081E-009
   11731  0.13937E-009
   11732  0.15818E-009
   11733  0.17708E-009
   11734  0.19603E-009
   11735  0.21495E-009
   11736  0.23382E-009
   11737  0.25260E-009
   11738  0.27131E-009
   11739  0.28992E-009
   11740  0.30843E-009
   11741  0.32685E-009
   11742  0.34517E-009
   11743  0.36339E-009
   11744  0.38152E-009
   11745  0.39955E-009
   11746  0.41749E-009
   11747  0.43534E-009
   11748  0.45310E-009
   11749  0.47076E-009
   11750  0.48833E-009
   11751  0.50581E-009
   11752  0.52321E-009
   11753  0.54051E-009
   11754  0.55774E-009
   11755  0.57486E-009
   11756  0.68301E-011
   11757  0.24171E-010
   11758  0.50464E-010
   11759  0.82827E-010
   11760  0.11865E-009
   11761  0.15606E-009
   11762  0.19394E-009
   11763  0.23176E-009
   11764  0.26928E-009
   11765  0.30643E-009
   11766  0.34320E-009
   11767  0.37958E-009
   11768  0.41558E-009
   11769  0.45121E-009
   11770  0.48647E-009
   11771  0.52137E-009
   11772  0.55592E-009
