       1  0.17239E-004
      20  0.11819E-005
      21  0.11835E-005
      22  0.11896E-005
      23  0.11988E-005
      24  0.12120E-005
      25  0.12288E-005
      26  0.12498E-005
      27  0.12739E-005
      28  0.13020E-005
      29  0.13337E-005
      30  0.13693E-005
      31  0.14081E-005
      32  0.14505E-005
      33  0.14964E-005
      34  0.15459E-005
      35  0.15985E-005
      36  0.16547E-005
      37  0.17143E-005
      38  0.17774E-005
      39  0.18435E-005
      40  0.19128E-005
      41  0.19853E-005
      42  0.20611E-005
      43  0.21395E-005
      44  0.22209E-005
      45  0.23054E-005
      46  0.23927E-005
      47  0.24826E-005
      48  0.25751E-005
      49  0.26702E-005
      50  0.27680E-005
      51  0.28681E-005
      52  0.29705E-005
      53  0.30754E-005
      54  0.31826E-005
      55  0.32918E-005
      56  0.34030E-005
      57  0.35164E-005
      58  0.36317E-005
      59  0.37488E-005
      60  0.38675E-005
      61  0.39881E-005
      62  0.41104E-005
      63  0.42341E-005
      64  0.43591E-005
      65  0.44857E-005
      66  0.46138E-005
      67  0.47430E-005
      68  0.48733E-005
      69  0.50048E-005
      70  0.51375E-005
      71  0.52710E-005
      72  0.54054E-005
      73  0.55407E-005
      74  0.56769E-005
      75  0.58137E-005
      76  0.59511E-005
      77  0.60892E-005
      78  0.62279E-005
      79  0.63670E-005
      80  0.65064E-005
      81  0.66463E-005
      82  0.67865E-005
      83  0.69270E-005
      84  0.70677E-005
      85  0.72086E-005
      86  0.73497E-005
      87  0.74908E-005
      88  0.76319E-005
      89  0.77730E-005
      90  0.79142E-005
      91  0.80552E-005
      92  0.81962E-005
      93  0.83370E-005
      94  0.84776E-005
      95  0.86181E-005
      96  0.87582E-005
      97  0.88981E-005
      98  0.90378E-005
      99  0.91771E-005
     100  0.93161E-005
     101  0.94547E-005
     102  0.95930E-005
     103  0.97309E-005
     104  0.98683E-005
     105  0.10005E-004
     106  0.10142E-004
     107  0.10278E-004
     108  0.10414E-004
     109  0.10549E-004
     110  0.10684E-004
     111  0.10818E-004
     112  0.10952E-004
     113  0.11085E-004
     114  0.11218E-004
     115  0.11350E-004
     116  0.11481E-004
     117  0.11613E-004
     118  0.11743E-004
     119  0.11873E-004
     120  0.12003E-004
     121  0.12132E-004
     122  0.12260E-004
     123  0.12388E-004
     124  0.12516E-004
     125  0.12643E-004
     126  0.12769E-004
     127  0.12895E-004
     128  0.13020E-004
     129  0.13145E-004
     130  0.13269E-004
     131  0.13393E-004
     132  0.13516E-004
     133  0.13639E-004
     134  0.13761E-004
     135  0.13883E-004
     136  0.14004E-004
     137  0.14125E-004
     138  0.14245E-004
     139  0.14365E-004
     140  0.14485E-004
     141  0.14604E-004
     142  0.14722E-004
     143  0.14841E-004
     144  0.14958E-004
     145  0.15076E-004
     146  0.15193E-004
     147  0.15309E-004
     148  0.15425E-004
     149  0.15541E-004
     150  0.15656E-004
     151  0.15771E-004
     152  0.15886E-004
     153  0.16000E-004
     154  0.16114E-004
     155  0.16228E-004
     156  0.16342E-004
     157  0.16455E-004
     158  0.16568E-004
     159  0.16680E-004
     160  0.16792E-004
     161  0.16904E-004
     162  0.17016E-004
     163  0.17128E-004
    2253   0.0000     
    2271  0.17224E-004
    2272  0.22180E-008
    2273  0.88673E-008
    2274  0.19944E-007
    2275  0.35434E-007
    2276  0.55324E-007
    2277  0.79591E-007
    2278  0.10821E-006
    2279  0.14115E-006
    2280  0.17839E-006
    2281  0.21987E-006
    2282  0.26556E-006
    2283  0.31541E-006
    2284  0.36938E-006
    2285  0.42740E-006
    2286  0.48942E-006
    2287  0.55537E-006
    2288  0.62521E-006
    2289  0.69885E-006
    2290  0.77623E-006
    2291  0.85728E-006
    2292  0.94191E-006
    2293  0.10300E-005
    2294  0.11216E-005
    2295  0.12165E-005
    2296  0.13146E-005
    2297  0.14159E-005
    2298  0.15202E-005
    2299  0.16275E-005
    2300  0.17378E-005
    2301  0.18508E-005
    2302  0.19665E-005
    2303  0.20848E-005
    2304  0.22056E-005
    2305  0.23288E-005
    2306  0.24543E-005
    2307  0.25821E-005
    2308  0.27120E-005
    2309  0.28439E-005
    2310  0.29777E-005
    2311  0.31133E-005
    2312  0.32507E-005
    2313  0.33897E-005
    2314  0.35302E-005
    2315  0.36722E-005
    2316  0.38156E-005
    2317  0.39602E-005
    2318  0.41060E-005
    2319  0.42528E-005
    2320  0.44007E-005
    2321  0.45495E-005
    2322  0.46991E-005
    2323  0.48495E-005
    2324  0.50006E-005
    2325  0.51522E-005
    2326  0.53044E-005
    2327  0.54570E-005
    2328  0.56100E-005
    2329  0.57634E-005
    2330  0.59169E-005
    2331  0.60707E-005
    2332  0.62246E-005
    2333  0.63785E-005
    2334  0.65325E-005
    2335  0.66864E-005
    2336  0.68402E-005
    2337  0.69938E-005
    2338  0.71473E-005
    2339  0.73005E-005
    2340  0.74535E-005
    2341  0.76061E-005
    2342  0.77584E-005
    2343  0.79103E-005
    2344  0.80617E-005
    2345  0.82127E-005
    2346  0.83632E-005
    2347  0.85132E-005
    2348  0.86626E-005
    2349  0.88115E-005
    2350  0.89598E-005
    2351  0.91075E-005
    2352  0.92545E-005
    2353  0.94009E-005
    2354  0.95466E-005
    2355  0.96917E-005
    2356  0.98361E-005
    2357  0.99797E-005
    2358  0.10123E-004
    2359  0.10265E-004
    2360  0.10407E-004
    2361  0.10547E-004
    2362  0.10687E-004
    2363  0.10827E-004
    2364  0.10966E-004
    2365  0.11103E-004
    2366  0.11241E-004
    2367  0.11377E-004
    2368  0.11513E-004
    2369  0.11648E-004
    2370  0.11782E-004
    2371  0.11916E-004
    2372  0.12049E-004
    2373  0.12181E-004
    2374  0.12312E-004
    2375  0.12443E-004
    2376  0.12573E-004
    2377  0.12703E-004
    2378  0.12831E-004
    2379  0.12960E-004
    2380  0.13087E-004
    2381  0.13214E-004
    2382  0.13340E-004
    2383  0.13466E-004
    2384  0.13591E-004
    2385  0.13715E-004
    2386  0.13839E-004
    2387  0.13962E-004
    2388  0.14084E-004
    2389  0.14207E-004
    2390  0.14328E-004
    2391  0.14449E-004
    2392  0.14570E-004
    2393  0.14690E-004
    2394  0.14809E-004
    2395  0.14928E-004
    2396  0.15046E-004
    2397  0.15164E-004
    2398  0.15282E-004
    2399  0.15399E-004
    2400  0.15516E-004
    2401  0.15632E-004
    2402  0.15748E-004
    2403  0.15864E-004
    2404  0.15979E-004
    2405  0.16094E-004
    2406  0.16208E-004
    2407  0.16322E-004
    2408  0.16436E-004
    2409  0.16549E-004
    2410  0.16662E-004
    2411  0.16775E-004
    2412  0.16888E-004
    2413  0.17000E-004
    2414  0.17112E-004
    7994  0.11470E-005
    7995  0.11120E-005
    7996  0.10770E-005
    7997  0.10419E-005
    7998  0.10066E-005
    7999  0.97116E-006
    8000  0.93560E-006
    8001  0.89989E-006
    8002  0.86404E-006
    8003  0.82803E-006
    8004  0.79188E-006
    8005  0.75557E-006
    8006  0.71911E-006
    8007  0.68249E-006
    8008  0.64572E-006
    8009  0.60880E-006
    8010  0.57172E-006
    8011  0.53448E-006
    8012  0.49709E-006
    8013  0.45957E-006
    8014  0.42191E-006
    8015  0.38419E-006
    8016  0.34643E-006
    8017  0.30879E-006
    8018  0.27134E-006
    8019  0.23440E-006
    8020  0.19818E-006
    8021  0.16319E-006
    8022  0.12986E-006
    8023  0.98861E-007
    8024  0.70857E-007
    8025  0.46577E-007
    8026  0.26806E-007
    8027  0.12087E-007
    8028  0.31069E-008
    8029  0.17224E-004
    8030  0.17224E-004
    8031  0.17224E-004
    8032  0.17224E-004
    8033  0.17224E-004
    8034  0.17224E-004
    8035  0.17224E-004
    8036  0.17225E-004
    8037  0.17225E-004
    8038  0.17225E-004
    8039  0.17225E-004
    8040  0.17226E-004
    8041  0.17226E-004
    8042  0.17226E-004
    8043  0.17227E-004
    8044  0.17227E-004
    8045  0.17227E-004
    8046  0.17228E-004
    8047  0.17228E-004
    8048  0.17229E-004
    8049  0.17229E-004
    8050  0.17230E-004
    8051  0.17230E-004
    8052  0.17231E-004
    8053  0.17231E-004
    8054  0.17232E-004
    8055  0.17232E-004
    8056  0.17233E-004
    8057  0.17234E-004
    8058  0.17234E-004
    8059  0.17235E-004
    8060  0.17236E-004
    8061  0.17237E-004
    8062  0.17237E-004
    8063  0.17238E-004
    8064  0.17112E-004
    8065  0.17112E-004
    8066  0.17112E-004
    8067  0.17113E-004
    8068  0.17113E-004
    8069  0.17114E-004
    8070  0.17115E-004
    8071  0.17115E-004
    8072  0.17116E-004
    8073  0.17117E-004
    8074  0.17118E-004
    8075  0.17119E-004
    8076  0.17120E-004
    8077  0.17122E-004
    8078  0.17123E-004
    8079  0.17124E-004
    8080  0.17126E-004
    8081  0.17000E-004
    8082  0.17000E-004
    8083  0.17000E-004
    8084  0.17000E-004
    8085  0.17000E-004
    8086  0.17000E-004
    8087  0.17001E-004
    8088  0.17001E-004
    8089  0.17001E-004
    8090  0.17001E-004
    8091  0.17002E-004
    8092  0.17002E-004
    8093  0.17002E-004
    8094  0.17003E-004
    8095  0.17003E-004
    8096  0.17004E-004
    8097  0.17004E-004
    8098  0.17004E-004
    8099  0.17005E-004
    8100  0.17005E-004
    8101  0.17006E-004
    8102  0.17006E-004
    8103  0.17007E-004
    8104  0.17008E-004
    8105  0.17008E-004
    8106  0.17009E-004
    8107  0.17009E-004
    8108  0.17010E-004
    8109  0.17011E-004
    8110  0.17011E-004
    8111  0.17012E-004
    8112  0.17013E-004
    8113  0.17014E-004
    8114  0.17014E-004
    8115  0.17015E-004
    8116  0.16888E-004
    8117  0.16888E-004
    8118  0.16888E-004
    8119  0.16889E-004
    8120  0.16889E-004
    8121  0.16890E-004
    8122  0.16891E-004
    8123  0.16891E-004
    8124  0.16892E-004
    8125  0.16893E-004
    8126  0.16894E-004
    8127  0.16896E-004
    8128  0.16897E-004
    8129  0.16898E-004
    8130  0.16900E-004
    8131  0.16901E-004
    8132  0.16903E-004
    8133  0.16775E-004
    8134  0.16775E-004
    8135  0.16775E-004
    8136  0.16775E-004
    8137  0.16775E-004
    8138  0.16776E-004
    8139  0.16776E-004
    8140  0.16776E-004
    8141  0.16776E-004
    8142  0.16777E-004
    8143  0.16777E-004
    8144  0.16777E-004
    8145  0.16778E-004
    8146  0.16778E-004
    8147  0.16779E-004
    8148  0.16779E-004
    8149  0.16780E-004
    8150  0.16780E-004
    8151  0.16780E-004
    8152  0.16781E-004
    8153  0.16782E-004
    8154  0.16782E-004
    8155  0.16783E-004
    8156  0.16783E-004
    8157  0.16784E-004
    8158  0.16785E-004
    8159  0.16785E-004
    8160  0.16786E-004
    8161  0.16787E-004
    8162  0.16787E-004
    8163  0.16788E-004
    8164  0.16789E-004
    8165  0.16790E-004
    8166  0.16791E-004
    8167  0.16791E-004
    8168  0.16662E-004
    8169  0.16663E-004
    8170  0.16663E-004
    8171  0.16663E-004
    8172  0.16664E-004
    8173  0.16665E-004
    8174  0.16666E-004
    8175  0.16666E-004
    8176  0.16667E-004
    8177  0.16668E-004
    8178  0.16670E-004
    8179  0.16671E-004
    8180  0.16672E-004
    8181  0.16674E-004
    8182  0.16675E-004
    8183  0.16677E-004
    8184  0.16678E-004
    8185  0.16549E-004
    8186  0.16549E-004
    8187  0.16549E-004
    8188  0.16549E-004
    8189  0.16550E-004
    8190  0.16550E-004
    8191  0.16550E-004
    8192  0.16550E-004
    8193  0.16551E-004
    8194  0.16551E-004
    8195  0.16551E-004
    8196  0.16552E-004
    8197  0.16552E-004
    8198  0.16553E-004
    8199  0.16553E-004
    8200  0.16553E-004
    8201  0.16554E-004
    8202  0.16554E-004
    8203  0.16555E-004
    8204  0.16556E-004
    8205  0.16556E-004
    8206  0.16557E-004
    8207  0.16557E-004
    8208  0.16558E-004
    8209  0.16559E-004
    8210  0.16559E-004
    8211  0.16560E-004
    8212  0.16561E-004
    8213  0.16562E-004
    8214  0.16562E-004
    8215  0.16563E-004
    8216  0.16564E-004
    8217  0.16565E-004
    8218  0.16566E-004
    8219  0.16567E-004
    8220  0.16436E-004
    8221  0.16436E-004
    8222  0.16436E-004
    8223  0.16437E-004
    8224  0.16438E-004
    8225  0.16438E-004
    8226  0.16439E-004
    8227  0.16440E-004
    8228  0.16441E-004
    8229  0.16442E-004
    8230  0.16444E-004
    8231  0.16445E-004
    8232  0.16446E-004
    8233  0.16448E-004
    8234  0.16449E-004
    8235  0.16451E-004
    8236  0.16453E-004
    8237  0.16322E-004
    8238  0.16322E-004
    8239  0.16322E-004
    8240  0.16322E-004
    8241  0.16323E-004
    8242  0.16323E-004
    8243  0.16323E-004
    8244  0.16323E-004
    8245  0.16324E-004
    8246  0.16324E-004
    8247  0.16324E-004
    8248  0.16325E-004
    8249  0.16325E-004
    8250  0.16326E-004
    8251  0.16326E-004
    8252  0.16327E-004
    8253  0.16327E-004
    8254  0.16328E-004
    8255  0.16328E-004
    8256  0.16329E-004
    8257  0.16330E-004
    8258  0.16330E-004
    8259  0.16331E-004
    8260  0.16332E-004
    8261  0.16332E-004
    8262  0.16333E-004
    8263  0.16334E-004
    8264  0.16335E-004
    8265  0.16335E-004
    8266  0.16336E-004
    8267  0.16337E-004
    8268  0.16338E-004
    8269  0.16339E-004
    8270  0.16340E-004
    8271  0.16341E-004
    8272  0.16208E-004
    8273  0.16208E-004
    8274  0.16209E-004
    8275  0.16209E-004
    8276  0.16210E-004
    8277  0.16211E-004
    8278  0.16212E-004
    8279  0.16213E-004
    8280  0.16214E-004
    8281  0.16215E-004
    8282  0.16217E-004
    8283  0.16218E-004
    8284  0.16219E-004
    8285  0.16221E-004
    8286  0.16223E-004
    8287  0.16224E-004
    8288  0.16226E-004
    8289  0.16094E-004
    8290  0.16094E-004
    8291  0.16094E-004
    8292  0.16094E-004
    8293  0.16094E-004
    8294  0.16094E-004
    8295  0.16095E-004
    8296  0.16095E-004
    8297  0.16095E-004
    8298  0.16096E-004
    8299  0.16096E-004
    8300  0.16097E-004
    8301  0.16097E-004
    8302  0.16098E-004
    8303  0.16098E-004
    8304  0.16099E-004
    8305  0.16099E-004
    8306  0.16100E-004
    8307  0.16100E-004
    8308  0.16101E-004
    8309  0.16102E-004
    8310  0.16102E-004
    8311  0.16103E-004
    8312  0.16104E-004
    8313  0.16105E-004
    8314  0.16105E-004
    8315  0.16106E-004
    8316  0.16107E-004
    8317  0.16108E-004
    8318  0.16109E-004
    8319  0.16110E-004
    8320  0.16111E-004
    8321  0.16112E-004
    8322  0.16112E-004
    8323  0.16113E-004
    8324  0.15979E-004
    8325  0.15979E-004
    8326  0.15980E-004
    8327  0.15980E-004
    8328  0.15981E-004
    8329  0.15982E-004
    8330  0.15983E-004
    8331  0.15984E-004
    8332  0.15985E-004
    8333  0.15987E-004
    8334  0.15988E-004
    8335  0.15990E-004
    8336  0.15991E-004
    8337  0.15993E-004
    8338  0.15995E-004
    8339  0.15996E-004
    8340  0.15998E-004
    8341  0.15864E-004
    8342  0.15864E-004
    8343  0.15864E-004
    8344  0.15864E-004
    8345  0.15864E-004
    8346  0.15865E-004
    8347  0.15865E-004
    8348  0.15865E-004
    8349  0.15866E-004
    8350  0.15866E-004
    8351  0.15867E-004
    8352  0.15867E-004
    8353  0.15868E-004
    8354  0.15868E-004
    8355  0.15869E-004
    8356  0.15869E-004
    8357  0.15870E-004
    8358  0.15871E-004
    8359  0.15871E-004
    8360  0.15872E-004
    8361  0.15873E-004
    8362  0.15873E-004
    8363  0.15874E-004
    8364  0.15875E-004
    8365  0.15876E-004
    8366  0.15877E-004
    8367  0.15877E-004
    8368  0.15878E-004
    8369  0.15879E-004
    8370  0.15880E-004
    8371  0.15881E-004
    8372  0.15882E-004
    8373  0.15883E-004
    8374  0.15884E-004
    8375  0.15885E-004
    8376  0.15748E-004
    8377  0.15749E-004
    8378  0.15749E-004
    8379  0.15750E-004
    8380  0.15751E-004
    8381  0.15752E-004
    8382  0.15753E-004
    8383  0.15754E-004
    8384  0.15755E-004
    8385  0.15757E-004
    8386  0.15758E-004
    8387  0.15760E-004
    8388  0.15762E-004
    8389  0.15763E-004
    8390  0.15765E-004
    8391  0.15767E-004
    8392  0.15769E-004
    8393  0.15632E-004
    8394  0.15632E-004
    8395  0.15633E-004
    8396  0.15633E-004
    8397  0.15633E-004
    8398  0.15633E-004
    8399  0.15634E-004
    8400  0.15634E-004
    8401  0.15635E-004
    8402  0.15635E-004
    8403  0.15635E-004
    8404  0.15636E-004
    8405  0.15637E-004
    8406  0.15637E-004
    8407  0.15638E-004
    8408  0.15638E-004
    8409  0.15639E-004
    8410  0.15640E-004
    8411  0.15640E-004
    8412  0.15641E-004
    8413  0.15642E-004
    8414  0.15643E-004
    8415  0.15644E-004
    8416  0.15644E-004
    8417  0.15645E-004
    8418  0.15646E-004
    8419  0.15647E-004
    8420  0.15648E-004
    8421  0.15649E-004
    8422  0.15650E-004
    8423  0.15651E-004
    8424  0.15652E-004
    8425  0.15653E-004
    8426  0.15654E-004
    8427  0.15655E-004
    8428  0.15516E-004
    8429  0.15516E-004
    8430  0.15517E-004
    8431  0.15518E-004
    8432  0.15519E-004
    8433  0.15520E-004
    8434  0.15521E-004
    8435  0.15522E-004
    8436  0.15524E-004
    8437  0.15525E-004
    8438  0.15527E-004
    8439  0.15529E-004
    8440  0.15530E-004
    8441  0.15532E-004
    8442  0.15534E-004
    8443  0.15536E-004
    8444  0.15539E-004
    8445  0.15399E-004
    8446  0.15399E-004
    8447  0.15400E-004
    8448  0.15400E-004
    8449  0.15400E-004
    8450  0.15400E-004
    8451  0.15401E-004
    8452  0.15401E-004
    8453  0.15402E-004
    8454  0.15402E-004
    8455  0.15403E-004
    8456  0.15403E-004
    8457  0.15404E-004
    8458  0.15405E-004
    8459  0.15405E-004
    8460  0.15406E-004
    8461  0.15407E-004
    8462  0.15407E-004
    8463  0.15408E-004
    8464  0.15409E-004
    8465  0.15410E-004
    8466  0.15411E-004
    8467  0.15412E-004
    8468  0.15412E-004
    8469  0.15413E-004
    8470  0.15414E-004
    8471  0.15415E-004
    8472  0.15416E-004
    8473  0.15417E-004
    8474  0.15418E-004
    8475  0.15419E-004
    8476  0.15421E-004
    8477  0.15422E-004
    8478  0.15423E-004
    8479  0.15424E-004
    8480  0.15282E-004
    8481  0.15283E-004
    8482  0.15283E-004
    8483  0.15284E-004
    8484  0.15285E-004
    8485  0.15286E-004
    8486  0.15288E-004
    8487  0.15289E-004
    8488  0.15291E-004
    8489  0.15292E-004
    8490  0.15294E-004
    8491  0.15296E-004
    8492  0.15298E-004
    8493  0.15300E-004
    8494  0.15302E-004
    8495  0.15304E-004
    8496  0.15307E-004
    8497  0.15165E-004
    8498  0.15165E-004
    8499  0.15165E-004
    8500  0.15165E-004
    8501  0.15165E-004
    8502  0.15166E-004
    8503  0.15166E-004
    8504  0.15167E-004
    8505  0.15167E-004
    8506  0.15168E-004
    8507  0.15168E-004
    8508  0.15169E-004
    8509  0.15170E-004
    8510  0.15170E-004
    8511  0.15171E-004
    8512  0.15172E-004
    8513  0.15173E-004
    8514  0.15174E-004
    8515  0.15174E-004
    8516  0.15175E-004
    8517  0.15176E-004
    8518  0.15177E-004
    8519  0.15178E-004
    8520  0.15179E-004
    8521  0.15180E-004
    8522  0.15181E-004
    8523  0.15182E-004
    8524  0.15183E-004
    8525  0.15184E-004
    8526  0.15185E-004
    8527  0.15186E-004
    8528  0.15188E-004
    8529  0.15189E-004
    8530  0.15190E-004
    8531  0.15191E-004
    8532  0.15047E-004
    8533  0.15047E-004
    8534  0.15048E-004
    8535  0.15049E-004
    8536  0.15050E-004
    8537  0.15051E-004
    8538  0.15053E-004
    8539  0.15054E-004
    8540  0.15056E-004
    8541  0.15058E-004
    8542  0.15060E-004
    8543  0.15062E-004
    8544  0.15064E-004
    8545  0.15066E-004
    8546  0.15068E-004
    8547  0.15071E-004
    8548  0.15073E-004
    8549  0.14928E-004
    8550  0.14928E-004
    8551  0.14928E-004
    8552  0.14929E-004
    8553  0.14929E-004
    8554  0.14929E-004
    8555  0.14930E-004
    8556  0.14930E-004
    8557  0.14931E-004
    8558  0.14932E-004
    8559  0.14932E-004
    8560  0.14933E-004
    8561  0.14934E-004
    8562  0.14935E-004
    8563  0.14935E-004
    8564  0.14936E-004
    8565  0.14937E-004
    8566  0.14938E-004
    8567  0.14939E-004
    8568  0.14940E-004
    8569  0.14941E-004
    8570  0.14942E-004
    8571  0.14943E-004
    8572  0.14944E-004
    8573  0.14945E-004
    8574  0.14946E-004
    8575  0.14947E-004
    8576  0.14948E-004
    8577  0.14949E-004
    8578  0.14951E-004
    8579  0.14952E-004
    8580  0.14953E-004
    8581  0.14954E-004
    8582  0.14956E-004
    8583  0.14957E-004
    8584  0.14809E-004
    8585  0.14810E-004
    8586  0.14811E-004
    8587  0.14812E-004
    8588  0.14813E-004
    8589  0.14814E-004
    8590  0.14816E-004
    8591  0.14818E-004
    8592  0.14819E-004
    8593  0.14821E-004
    8594  0.14823E-004
    8595  0.14825E-004
    8596  0.14828E-004
    8597  0.14830E-004
    8598  0.14833E-004
    8599  0.14835E-004
    8600  0.14838E-004
    8601  0.14690E-004
    8602  0.14690E-004
    8603  0.14690E-004
    8604  0.14690E-004
    8605  0.14691E-004
    8606  0.14691E-004
    8607  0.14692E-004
    8608  0.14692E-004
    8609  0.14693E-004
    8610  0.14694E-004
    8611  0.14694E-004
    8612  0.14695E-004
    8613  0.14696E-004
    8614  0.14697E-004
    8615  0.14698E-004
    8616  0.14699E-004
    8617  0.14699E-004
    8618  0.14700E-004
    8619  0.14701E-004
    8620  0.14702E-004
    8621  0.14703E-004
    8622  0.14705E-004
    8623  0.14706E-004
    8624  0.14707E-004
    8625  0.14708E-004
    8626  0.14709E-004
    8627  0.14710E-004
    8628  0.14712E-004
    8629  0.14713E-004
    8630  0.14714E-004
    8631  0.14715E-004
    8632  0.14717E-004
    8633  0.14718E-004
    8634  0.14720E-004
    8635  0.14721E-004
    8636  0.14570E-004
    8637  0.14570E-004
    8638  0.14571E-004
    8639  0.14573E-004
    8640  0.14574E-004
    8641  0.14576E-004
    8642  0.14577E-004
    8643  0.14579E-004
    8644  0.14581E-004
    8645  0.14583E-004
    8646  0.14585E-004
    8647  0.14588E-004
    8648  0.14590E-004
    8649  0.14593E-004
    8650  0.14595E-004
    8651  0.14598E-004
    8652  0.14601E-004
    8653  0.14449E-004
    8654  0.14449E-004
    8655  0.14450E-004
    8656  0.14450E-004
    8657  0.14450E-004
    8658  0.14451E-004
    8659  0.14452E-004
    8660  0.14452E-004
    8661  0.14453E-004
    8662  0.14454E-004
    8663  0.14455E-004
    8664  0.14455E-004
    8665  0.14456E-004
    8666  0.14457E-004
    8667  0.14458E-004
    8668  0.14459E-004
    8669  0.14460E-004
    8670  0.14461E-004
    8671  0.14462E-004
    8672  0.14463E-004
    8673  0.14464E-004
    8674  0.14466E-004
    8675  0.14467E-004
    8676  0.14468E-004
    8677  0.14469E-004
    8678  0.14471E-004
    8679  0.14472E-004
    8680  0.14473E-004
    8681  0.14475E-004
    8682  0.14476E-004
    8683  0.14477E-004
    8684  0.14479E-004
    8685  0.14480E-004
    8686  0.14482E-004
    8687  0.14483E-004
    8688  0.14328E-004
    8689  0.14329E-004
    8690  0.14330E-004
    8691  0.14331E-004
    8692  0.14333E-004
    8693  0.14335E-004
    8694  0.14337E-004
    8695  0.14339E-004
    8696  0.14341E-004
    8697  0.14343E-004
    8698  0.14345E-004
    8699  0.14348E-004
    8700  0.14351E-004
    8701  0.14353E-004
    8702  0.14356E-004
    8703  0.14359E-004
    8704  0.14362E-004
    8705  0.14207E-004
    8706  0.14207E-004
    8707  0.14207E-004
    8708  0.14208E-004
    8709  0.14208E-004
    8710  0.14209E-004
    8711  0.14209E-004
    8712  0.14210E-004
    8713  0.14211E-004
    8714  0.14212E-004
    8715  0.14213E-004
    8716  0.14214E-004
    8717  0.14215E-004
    8718  0.14216E-004
    8719  0.14217E-004
    8720  0.14218E-004
    8721  0.14219E-004
    8722  0.14220E-004
    8723  0.14221E-004
    8724  0.14222E-004
    8725  0.14223E-004
    8726  0.14225E-004
    8727  0.14226E-004
    8728  0.14227E-004
    8729  0.14229E-004
    8730  0.14230E-004
    8731  0.14231E-004
    8732  0.14233E-004
    8733  0.14234E-004
    8734  0.14236E-004
    8735  0.14237E-004
    8736  0.14239E-004
    8737  0.14241E-004
    8738  0.14242E-004
    8739  0.14244E-004
    8740  0.14085E-004
    8741  0.14085E-004
    8742  0.14087E-004
    8743  0.14088E-004
    8744  0.14090E-004
    8745  0.14092E-004
    8746  0.14094E-004
    8747  0.14096E-004
    8748  0.14099E-004
    8749  0.14101E-004
    8750  0.14104E-004
    8751  0.14106E-004
    8752  0.14109E-004
    8753  0.14112E-004
    8754  0.14115E-004
    8755  0.14118E-004
    8756  0.14122E-004
    8757  0.13962E-004
    8758  0.13962E-004
    8759  0.13962E-004
    8760  0.13963E-004
    8761  0.13963E-004
    8762  0.13964E-004
    8763  0.13965E-004
    8764  0.13966E-004
    8765  0.13967E-004
    8766  0.13968E-004
    8767  0.13969E-004
    8768  0.13970E-004
    8769  0.13971E-004
    8770  0.13972E-004
    8771  0.13973E-004
    8772  0.13974E-004
    8773  0.13975E-004
    8774  0.13977E-004
    8775  0.13978E-004
    8776  0.13979E-004
    8777  0.13981E-004
    8778  0.13982E-004
    8779  0.13983E-004
    8780  0.13985E-004
    8781  0.13986E-004
    8782  0.13988E-004
    8783  0.13989E-004
    8784  0.13991E-004
    8785  0.13992E-004
    8786  0.13994E-004
    8787  0.13996E-004
    8788  0.13997E-004
    8789  0.13999E-004
    8790  0.14001E-004
    8791  0.14002E-004
    8792  0.13839E-004
    8793  0.13840E-004
    8794  0.13841E-004
    8795  0.13843E-004
    8796  0.13845E-004
    8797  0.13847E-004
    8798  0.13849E-004
    8799  0.13852E-004
    8800  0.13854E-004
    8801  0.13857E-004
    8802  0.13860E-004
    8803  0.13863E-004
    8804  0.13866E-004
    8805  0.13869E-004
    8806  0.13872E-004
    8807  0.13876E-004
    8808  0.13879E-004
    8809  0.13715E-004
    8810  0.13715E-004
    8811  0.13716E-004
    8812  0.13716E-004
    8813  0.13717E-004
    8814  0.13717E-004
    8815  0.13718E-004
    8816  0.13719E-004
    8817  0.13720E-004
    8818  0.13721E-004
    8819  0.13722E-004
    8820  0.13724E-004
    8821  0.13725E-004
    8822  0.13726E-004
    8823  0.13727E-004
    8824  0.13729E-004
    8825  0.13730E-004
    8826  0.13731E-004
    8827  0.13733E-004
    8828  0.13734E-004
    8829  0.13736E-004
    8830  0.13737E-004
    8831  0.13739E-004
    8832  0.13740E-004
    8833  0.13742E-004
    8834  0.13743E-004
    8835  0.13745E-004
    8836  0.13747E-004
    8837  0.13748E-004
    8838  0.13750E-004
    8839  0.13752E-004
    8840  0.13754E-004
    8841  0.13755E-004
    8842  0.13757E-004
    8843  0.13759E-004
    8844  0.13591E-004
    8845  0.13592E-004
    8846  0.13593E-004
    8847  0.13595E-004
    8848  0.13597E-004
    8849  0.13600E-004
    8850  0.13602E-004
    8851  0.13605E-004
    8852  0.13608E-004
    8853  0.13611E-004
    8854  0.13614E-004
    8855  0.13617E-004
    8856  0.13620E-004
    8857  0.13624E-004
    8858  0.13627E-004
    8859  0.13631E-004
    8860  0.13635E-004
    8861  0.13466E-004
    8862  0.13466E-004
    8863  0.13466E-004
    8864  0.13467E-004
    8865  0.13468E-004
    8866  0.13468E-004
    8867  0.13469E-004
    8868  0.13470E-004
    8869  0.13472E-004
    8870  0.13473E-004
    8871  0.13474E-004
    8872  0.13475E-004
    8873  0.13477E-004
    8874  0.13478E-004
    8875  0.13479E-004
    8876  0.13481E-004
    8877  0.13482E-004
    8878  0.13484E-004
    8879  0.13485E-004
    8880  0.13487E-004
    8881  0.13488E-004
    8882  0.13490E-004
    8883  0.13492E-004
    8884  0.13493E-004
    8885  0.13495E-004
    8886  0.13497E-004
    8887  0.13499E-004
    8888  0.13500E-004
    8889  0.13502E-004
    8890  0.13504E-004
    8891  0.13506E-004
    8892  0.13508E-004
    8893  0.13510E-004
    8894  0.13512E-004
    8895  0.13514E-004
    8896  0.13340E-004
    8897  0.13341E-004
    8898  0.13343E-004
    8899  0.13345E-004
    8900  0.13348E-004
    8901  0.13350E-004
    8902  0.13353E-004
    8903  0.13356E-004
    8904  0.13359E-004
    8905  0.13362E-004
    8906  0.13366E-004
    8907  0.13369E-004
    8908  0.13373E-004
    8909  0.13377E-004
    8910  0.13380E-004
    8911  0.13384E-004
    8912  0.13389E-004
    8913  0.13214E-004
    8914  0.13214E-004
    8915  0.13215E-004
    8916  0.13215E-004
    8917  0.13216E-004
    8918  0.13217E-004
    8919  0.13218E-004
    8920  0.13219E-004
    8921  0.13220E-004
    8922  0.13222E-004
    8923  0.13223E-004
    8924  0.13225E-004
    8925  0.13226E-004
    8926  0.13227E-004
    8927  0.13229E-004
    8928  0.13231E-004
    8929  0.13232E-004
    8930  0.13234E-004
    8931  0.13236E-004
    8932  0.13237E-004
    8933  0.13239E-004
    8934  0.13241E-004
    8935  0.13243E-004
    8936  0.13244E-004
    8937  0.13246E-004
    8938  0.13248E-004
    8939  0.13250E-004
    8940  0.13252E-004
    8941  0.13254E-004
    8942  0.13256E-004
    8943  0.13258E-004
    8944  0.13260E-004
    8945  0.13263E-004
    8946  0.13265E-004
    8947  0.13267E-004
    8948  0.13087E-004
    8949  0.13089E-004
    8950  0.13090E-004
    8951  0.13093E-004
    8952  0.13095E-004
    8953  0.13098E-004
    8954  0.13101E-004
    8955  0.13105E-004
    8956  0.13108E-004
    8957  0.13112E-004
    8958  0.13115E-004
    8959  0.13119E-004
    8960  0.13123E-004
    8961  0.13127E-004
    8962  0.13131E-004
    8963  0.13136E-004
    8964  0.13140E-004
    8965  0.12960E-004
    8966  0.12960E-004
    8967  0.12960E-004
    8968  0.12961E-004
    8969  0.12962E-004
    8970  0.12963E-004
    8971  0.12964E-004
    8972  0.12966E-004
    8973  0.12967E-004
    8974  0.12968E-004
    8975  0.12970E-004
    8976  0.12971E-004
    8977  0.12973E-004
    8978  0.12975E-004
    8979  0.12976E-004
    8980  0.12978E-004
    8981  0.12980E-004
    8982  0.12982E-004
    8983  0.12984E-004
    8984  0.12985E-004
    8985  0.12987E-004
    8986  0.12989E-004
    8987  0.12991E-004
    8988  0.12993E-004
    8989  0.12995E-004
    8990  0.12997E-004
    8991  0.13000E-004
    8992  0.13002E-004
    8993  0.13004E-004
    8994  0.13006E-004
    8995  0.13008E-004
    8996  0.13011E-004
    8997  0.13013E-004
    8998  0.13015E-004
    8999  0.13018E-004
    9000  0.12832E-004
    9001  0.12833E-004
    9002  0.12835E-004
    9003  0.12838E-004
    9004  0.12841E-004
    9005  0.12844E-004
    9006  0.12847E-004
    9007  0.12851E-004
    9008  0.12855E-004
    9009  0.12859E-004
    9010  0.12863E-004
    9011  0.12867E-004
    9012  0.12871E-004
    9013  0.12876E-004
    9014  0.12880E-004
    9015  0.12885E-004
    9016  0.12890E-004
    9017  0.12703E-004
    9018  0.12703E-004
    9019  0.12704E-004
    9020  0.12705E-004
    9021  0.12706E-004
    9022  0.12707E-004
    9023  0.12708E-004
    9024  0.12709E-004
    9025  0.12711E-004
    9026  0.12713E-004
    9027  0.12714E-004
    9028  0.12716E-004
    9029  0.12718E-004
    9030  0.12720E-004
    9031  0.12721E-004
    9032  0.12723E-004
    9033  0.12725E-004
    9034  0.12727E-004
    9035  0.12729E-004
    9036  0.12731E-004
    9037  0.12733E-004
    9038  0.12736E-004
    9039  0.12738E-004
    9040  0.12740E-004
    9041  0.12742E-004
    9042  0.12744E-004
    9043  0.12747E-004
    9044  0.12749E-004
    9045  0.12751E-004
    9046  0.12754E-004
    9047  0.12756E-004
    9048  0.12759E-004
    9049  0.12761E-004
    9050  0.12764E-004
    9051  0.12766E-004
    9052  0.12574E-004
    9053  0.12575E-004
    9054  0.12577E-004
    9055  0.12580E-004
    9056  0.12584E-004
    9057  0.12587E-004
    9058  0.12591E-004
    9059  0.12595E-004
    9060  0.12599E-004
    9061  0.12603E-004
    9062  0.12608E-004
    9063  0.12612E-004
    9064  0.12617E-004
    9065  0.12622E-004
    9066  0.12627E-004
    9067  0.12632E-004
    9068  0.12637E-004
    9069  0.12443E-004
    9070  0.12444E-004
    9071  0.12444E-004
    9072  0.12445E-004
    9073  0.12446E-004
    9074  0.12448E-004
    9075  0.12449E-004
    9076  0.12451E-004
    9077  0.12452E-004
    9078  0.12454E-004
    9079  0.12456E-004
    9080  0.12458E-004
    9081  0.12460E-004
    9082  0.12462E-004
    9083  0.12464E-004
    9084  0.12466E-004
    9085  0.12468E-004
    9086  0.12470E-004
    9087  0.12473E-004
    9088  0.12475E-004
    9089  0.12477E-004
    9090  0.12479E-004
    9091  0.12482E-004
    9092  0.12484E-004
    9093  0.12487E-004
    9094  0.12489E-004
    9095  0.12492E-004
    9096  0.12494E-004
    9097  0.12497E-004
    9098  0.12499E-004
    9099  0.12502E-004
    9100  0.12505E-004
    9101  0.12507E-004
    9102  0.12510E-004
    9103  0.12513E-004
    9104  0.12313E-004
    9105  0.12315E-004
    9106  0.12317E-004
    9107  0.12320E-004
    9108  0.12324E-004
    9109  0.12328E-004
    9110  0.12332E-004
    9111  0.12336E-004
    9112  0.12341E-004
    9113  0.12346E-004
    9114  0.12351E-004
    9115  0.12356E-004
    9116  0.12361E-004
    9117  0.12366E-004
    9118  0.12371E-004
    9119  0.12377E-004
    9120  0.12383E-004
    9121  0.12181E-004
    9122  0.12181E-004
    9123  0.12182E-004
    9124  0.12183E-004
    9125  0.12184E-004
    9126  0.12186E-004
    9127  0.12187E-004
    9128  0.12189E-004
    9129  0.12191E-004
    9130  0.12193E-004
    9131  0.12195E-004
    9132  0.12197E-004
    9133  0.12199E-004
    9134  0.12202E-004
    9135  0.12204E-004
    9136  0.12206E-004
    9137  0.12209E-004
    9138  0.12211E-004
    9139  0.12213E-004
    9140  0.12216E-004
    9141  0.12218E-004
    9142  0.12221E-004
    9143  0.12224E-004
    9144  0.12226E-004
    9145  0.12229E-004
    9146  0.12232E-004
    9147  0.12234E-004
    9148  0.12237E-004
    9149  0.12240E-004
    9150  0.12243E-004
    9151  0.12246E-004
    9152  0.12248E-004
    9153  0.12251E-004
    9154  0.12254E-004
    9155  0.12257E-004
    9156  0.12049E-004
    9157  0.12051E-004
    9158  0.12054E-004
    9159  0.12058E-004
    9160  0.12062E-004
    9161  0.12066E-004
    9162  0.12071E-004
    9163  0.12075E-004
    9164  0.12080E-004
    9165  0.12086E-004
    9166  0.12091E-004
    9167  0.12096E-004
    9168  0.12102E-004
    9169  0.12108E-004
    9170  0.12113E-004
    9171  0.12119E-004
    9172  0.12126E-004
    9173  0.11916E-004
    9174  0.11916E-004
    9175  0.11917E-004
    9176  0.11918E-004
    9177  0.11920E-004
    9178  0.11921E-004
    9179  0.11923E-004
    9180  0.11925E-004
    9181  0.11927E-004
    9182  0.11929E-004
    9183  0.11932E-004
    9184  0.11934E-004
    9185  0.11936E-004
    9186  0.11939E-004
    9187  0.11941E-004
    9188  0.11944E-004
    9189  0.11947E-004
    9190  0.11949E-004
    9191  0.11952E-004
    9192  0.11955E-004
    9193  0.11957E-004
    9194  0.11960E-004
    9195  0.11963E-004
    9196  0.11966E-004
    9197  0.11969E-004
    9198  0.11972E-004
    9199  0.11975E-004
    9200  0.11978E-004
    9201  0.11981E-004
    9202  0.11984E-004
    9203  0.11987E-004
    9204  0.11990E-004
    9205  0.11993E-004
    9206  0.11996E-004
    9207  0.12000E-004
    9208  0.11783E-004
    9209  0.11785E-004
    9210  0.11788E-004
    9211  0.11792E-004
    9212  0.11797E-004
    9213  0.11801E-004
    9214  0.11807E-004
    9215  0.11812E-004
    9216  0.11817E-004
    9217  0.11823E-004
    9218  0.11829E-004
    9219  0.11835E-004
    9220  0.11841E-004
    9221  0.11847E-004
    9222  0.11853E-004
    9223  0.11860E-004
    9224  0.11867E-004
    9225  0.11648E-004
    9226  0.11649E-004
    9227  0.11650E-004
    9228  0.11651E-004
    9229  0.11652E-004
    9230  0.11654E-004
    9231  0.11656E-004
    9232  0.11658E-004
    9233  0.11661E-004
    9234  0.11663E-004
    9235  0.11666E-004
    9236  0.11668E-004
    9237  0.11671E-004
    9238  0.11674E-004
    9239  0.11676E-004
    9240  0.11679E-004
    9241  0.11682E-004
    9242  0.11685E-004
    9243  0.11688E-004
    9244  0.11691E-004
    9245  0.11694E-004
    9246  0.11697E-004
    9247  0.11700E-004
    9248  0.11703E-004
    9249  0.11706E-004
    9250  0.11709E-004
    9251  0.11713E-004
    9252  0.11716E-004
    9253  0.11719E-004
    9254  0.11722E-004
    9255  0.11726E-004
    9256  0.11729E-004
    9257  0.11733E-004
    9258  0.11736E-004
    9259  0.11740E-004
    9260  0.11514E-004
    9261  0.11516E-004
    9262  0.11519E-004
    9263  0.11524E-004
    9264  0.11529E-004
    9265  0.11534E-004
    9266  0.11540E-004
    9267  0.11546E-004
    9268  0.11552E-004
    9269  0.11558E-004
    9270  0.11564E-004
    9271  0.11571E-004
    9272  0.11577E-004
    9273  0.11584E-004
    9274  0.11591E-004
    9275  0.11598E-004
    9276  0.11605E-004
    9277  0.11377E-004
    9278  0.11378E-004
    9279  0.11379E-004
    9280  0.11380E-004
    9281  0.11382E-004
    9282  0.11384E-004
    9283  0.11386E-004
    9284  0.11389E-004
    9285  0.11391E-004
    9286  0.11394E-004
    9287  0.11397E-004
    9288  0.11400E-004
    9289  0.11402E-004
    9290  0.11405E-004
    9291  0.11409E-004
    9292  0.11412E-004
    9293  0.11415E-004
    9294  0.11418E-004
    9295  0.11421E-004
    9296  0.11424E-004
    9297  0.11428E-004
    9298  0.11431E-004
    9299  0.11434E-004
    9300  0.11438E-004
    9301  0.11441E-004
    9302  0.11445E-004
    9303  0.11448E-004
    9304  0.11452E-004
    9305  0.11455E-004
    9306  0.11459E-004
    9307  0.11463E-004
    9308  0.11466E-004
    9309  0.11470E-004
    9310  0.11474E-004
    9311  0.11478E-004
    9312  0.11242E-004
    9313  0.11244E-004
    9314  0.11248E-004
    9315  0.11253E-004
    9316  0.11258E-004
    9317  0.11264E-004
    9318  0.11270E-004
    9319  0.11277E-004
    9320  0.11284E-004
    9321  0.11290E-004
    9322  0.11297E-004
    9323  0.11304E-004
    9324  0.11312E-004
    9325  0.11319E-004
    9326  0.11326E-004
    9327  0.11334E-004
    9328  0.11342E-004
    9329  0.11104E-004
    9330  0.11104E-004
    9331  0.11106E-004
    9332  0.11107E-004
    9333  0.11109E-004
    9334  0.11111E-004
    9335  0.11114E-004
    9336  0.11116E-004
    9337  0.11119E-004
    9338  0.11122E-004
    9339  0.11125E-004
    9340  0.11128E-004
    9341  0.11132E-004
    9342  0.11135E-004
    9343  0.11138E-004
    9344  0.11142E-004
    9345  0.11145E-004
    9346  0.11148E-004
    9347  0.11152E-004
    9348  0.11156E-004
    9349  0.11159E-004
    9350  0.11163E-004
    9351  0.11166E-004
    9352  0.11170E-004
    9353  0.11174E-004
    9354  0.11178E-004
    9355  0.11182E-004
    9356  0.11185E-004
    9357  0.11189E-004
    9358  0.11193E-004
    9359  0.11197E-004
    9360  0.11201E-004
    9361  0.11205E-004
    9362  0.11209E-004
    9363  0.11213E-004
    9364  0.10966E-004
    9365  0.10969E-004
    9366  0.10974E-004
    9367  0.10979E-004
    9368  0.10985E-004
    9369  0.10992E-004
    9370  0.10998E-004
    9371  0.11006E-004
    9372  0.11013E-004
    9373  0.11020E-004
    9374  0.11028E-004
    9375  0.11035E-004
    9376  0.11043E-004
    9377  0.11051E-004
    9378  0.11060E-004
    9379  0.11068E-004
    9380  0.11076E-004
    9381  0.10827E-004
    9382  0.10828E-004
    9383  0.10829E-004
    9384  0.10831E-004
    9385  0.10833E-004
    9386  0.10835E-004
    9387  0.10838E-004
    9388  0.10841E-004
    9389  0.10844E-004
    9390  0.10847E-004
    9391  0.10851E-004
    9392  0.10854E-004
    9393  0.10858E-004
    9394  0.10862E-004
    9395  0.10865E-004
    9396  0.10869E-004
    9397  0.10873E-004
    9398  0.10876E-004
    9399  0.10880E-004
    9400  0.10884E-004
    9401  0.10888E-004
    9402  0.10892E-004
    9403  0.10896E-004
    9404  0.10900E-004
    9405  0.10904E-004
    9406  0.10908E-004
    9407  0.10913E-004
    9408  0.10917E-004
    9409  0.10921E-004
    9410  0.10925E-004
    9411  0.10930E-004
    9412  0.10934E-004
    9413  0.10938E-004
    9414  0.10943E-004
    9415  0.10947E-004
    9416  0.10689E-004
    9417  0.10692E-004
    9418  0.10696E-004
    9419  0.10702E-004
    9420  0.10709E-004
    9421  0.10716E-004
    9422  0.10724E-004
    9423  0.10732E-004
    9424  0.10740E-004
    9425  0.10748E-004
    9426  0.10756E-004
    9427  0.10764E-004
    9428  0.10773E-004
    9429  0.10782E-004
    9430  0.10790E-004
    9431  0.10799E-004
    9432  0.10809E-004
    9433  0.10548E-004
    9434  0.10549E-004
    9435  0.10550E-004
    9436  0.10552E-004
    9437  0.10554E-004
    9438  0.10557E-004
    9439  0.10560E-004
    9440  0.10563E-004
    9441  0.10566E-004
    9442  0.10570E-004
    9443  0.10574E-004
    9444  0.10578E-004
    9445  0.10582E-004
    9446  0.10586E-004
    9447  0.10590E-004
    9448  0.10594E-004
    9449  0.10598E-004
    9450  0.10602E-004
    9451  0.10606E-004
    9452  0.10610E-004
    9453  0.10615E-004
    9454  0.10619E-004
    9455  0.10623E-004
    9456  0.10628E-004
    9457  0.10632E-004
    9458  0.10637E-004
    9459  0.10641E-004
    9460  0.10646E-004
    9461  0.10651E-004
    9462  0.10655E-004
    9463  0.10660E-004
    9464  0.10665E-004
    9465  0.10669E-004
    9466  0.10674E-004
    9467  0.10679E-004
    9468  0.10408E-004
    9469  0.10411E-004
    9470  0.10416E-004
    9471  0.10423E-004
    9472  0.10430E-004
    9473  0.10438E-004
    9474  0.10447E-004
    9475  0.10455E-004
    9476  0.10464E-004
    9477  0.10473E-004
    9478  0.10482E-004
    9479  0.10491E-004
    9480  0.10500E-004
    9481  0.10510E-004
    9482  0.10519E-004
    9483  0.10529E-004
    9484  0.10539E-004
    9485  0.10265E-004
    9486  0.10266E-004
    9487  0.10268E-004
    9488  0.10270E-004
    9489  0.10272E-004
    9490  0.10275E-004
    9491  0.10279E-004
    9492  0.10282E-004
    9493  0.10286E-004
    9494  0.10290E-004
    9495  0.10294E-004
    9496  0.10298E-004
    9497  0.10303E-004
    9498  0.10307E-004
    9499  0.10311E-004
    9500  0.10316E-004
    9501  0.10320E-004
    9502  0.10325E-004
    9503  0.10330E-004
    9504  0.10334E-004
    9505  0.10339E-004
    9506  0.10344E-004
    9507  0.10348E-004
    9508  0.10353E-004
    9509  0.10358E-004
    9510  0.10363E-004
    9511  0.10368E-004
    9512  0.10373E-004
    9513  0.10378E-004
    9514  0.10383E-004
    9515  0.10388E-004
    9516  0.10393E-004
    9517  0.10398E-004
    9518  0.10403E-004
    9519  0.10409E-004
    9520  0.10124E-004
    9521  0.10128E-004
    9522  0.10134E-004
    9523  0.10141E-004
    9524  0.10149E-004
    9525  0.10158E-004
    9526  0.10167E-004
    9527  0.10176E-004
    9528  0.10186E-004
    9529  0.10195E-004
    9530  0.10205E-004
    9531  0.10215E-004
    9532  0.10225E-004
    9533  0.10236E-004
    9534  0.10246E-004
    9535  0.10257E-004
    9536  0.10267E-004
    9537  0.99801E-005
    9538  0.99811E-005
    9539  0.99828E-005
    9540  0.99851E-005
    9541  0.99879E-005
    9542  0.99912E-005
    9543  0.99948E-005
    9544  0.99988E-005
    9545  0.10003E-004
    9546  0.10007E-004
    9547  0.10012E-004
    9548  0.10017E-004
    9549  0.10021E-004
    9550  0.10026E-004
    9551  0.10031E-004
    9552  0.10036E-004
    9553  0.10041E-004
    9554  0.10046E-004
    9555  0.10051E-004
    9556  0.10056E-004
    9557  0.10061E-004
    9558  0.10066E-004
    9559  0.10071E-004
    9560  0.10076E-004
    9561  0.10082E-004
    9562  0.10087E-004
    9563  0.10092E-004
    9564  0.10098E-004
    9565  0.10103E-004
    9566  0.10109E-004
    9567  0.10114E-004
    9568  0.10120E-004
    9569  0.10125E-004
    9570  0.10131E-004
    9571  0.10136E-004
    9572  0.98375E-005
    9573  0.98417E-005
    9574  0.98481E-005
    9575  0.98560E-005
    9576  0.98650E-005
    9577  0.98746E-005
    9578  0.98846E-005
    9579  0.98947E-005
    9580  0.99051E-005
    9581  0.99157E-005
    9582  0.99263E-005
    9583  0.99372E-005
    9584  0.99482E-005
    9585  0.99593E-005
    9586  0.99706E-005
    9587  0.99821E-005
    9588  0.99936E-005
    9589  0.96921E-005
    9590  0.96932E-005
    9591  0.96951E-005
    9592  0.96976E-005
    9593  0.97007E-005
    9594  0.97043E-005
    9595  0.97083E-005
    9596  0.97126E-005
    9597  0.97172E-005
    9598  0.97220E-005
    9599  0.97270E-005
    9600  0.97321E-005
    9601  0.97372E-005
    9602  0.97425E-005
    9603  0.97478E-005
    9604  0.97531E-005
    9605  0.97585E-005
    9606  0.97640E-005
    9607  0.97694E-005
    9608  0.97750E-005
    9609  0.97805E-005
    9610  0.97861E-005
    9611  0.97917E-005
    9612  0.97974E-005
    9613  0.98031E-005
    9614  0.98089E-005
    9615  0.98147E-005
    9616  0.98205E-005
    9617  0.98263E-005
    9618  0.98322E-005
    9619  0.98381E-005
    9620  0.98441E-005
    9621  0.98501E-005
    9622  0.98561E-005
    9623  0.98622E-005
    9624  0.95482E-005
    9625  0.95528E-005
    9626  0.95598E-005
    9627  0.95686E-005
    9628  0.95784E-005
    9629  0.95889E-005
    9630  0.95998E-005
    9631  0.96109E-005
    9632  0.96222E-005
    9633  0.96337E-005
    9634  0.96454E-005
    9635  0.96571E-005
    9636  0.96691E-005
    9637  0.96811E-005
    9638  0.96933E-005
    9639  0.97057E-005
    9640  0.97182E-005
    9641  0.94013E-005
    9642  0.94026E-005
    9643  0.94046E-005
    9644  0.94074E-005
    9645  0.94108E-005
    9646  0.94147E-005
    9647  0.94191E-005
    9648  0.94239E-005
    9649  0.94289E-005
    9650  0.94342E-005
    9651  0.94396E-005
    9652  0.94452E-005
    9653  0.94508E-005
    9654  0.94566E-005
    9655  0.94623E-005
    9656  0.94682E-005
    9657  0.94741E-005
    9658  0.94800E-005
    9659  0.94859E-005
    9660  0.94919E-005
    9661  0.94980E-005
    9662  0.95041E-005
    9663  0.95102E-005
    9664  0.95163E-005
    9665  0.95225E-005
    9666  0.95288E-005
    9667  0.95350E-005
    9668  0.95413E-005
    9669  0.95477E-005
    9670  0.95540E-005
    9671  0.95604E-005
    9672  0.95669E-005
    9673  0.95733E-005
    9674  0.95798E-005
    9675  0.95864E-005
    9676  0.92562E-005
    9677  0.92613E-005
    9678  0.92690E-005
    9679  0.92786E-005
    9680  0.92894E-005
    9681  0.93008E-005
    9682  0.93127E-005
    9683  0.93249E-005
    9684  0.93372E-005
    9685  0.93497E-005
    9686  0.93623E-005
    9687  0.93751E-005
    9688  0.93880E-005
    9689  0.94010E-005
    9690  0.94142E-005
    9691  0.94276E-005
    9692  0.94411E-005
    9693  0.91079E-005
    9694  0.91093E-005
    9695  0.91115E-005
    9696  0.91146E-005
    9697  0.91183E-005
    9698  0.91226E-005
    9699  0.91274E-005
    9700  0.91326E-005
    9701  0.91382E-005
    9702  0.91439E-005
    9703  0.91499E-005
    9704  0.91559E-005
    9705  0.91621E-005
    9706  0.91683E-005
    9707  0.91746E-005
    9708  0.91810E-005
    9709  0.91874E-005
    9710  0.91939E-005
    9711  0.92003E-005
    9712  0.92069E-005
    9713  0.92134E-005
    9714  0.92200E-005
    9715  0.92266E-005
    9716  0.92333E-005
    9717  0.92400E-005
    9718  0.92468E-005
    9719  0.92535E-005
    9720  0.92603E-005
    9721  0.92672E-005
    9722  0.92741E-005
    9723  0.92810E-005
    9724  0.92879E-005
    9725  0.92949E-005
    9726  0.93019E-005
    9727  0.93090E-005
    9728  0.89617E-005
    9729  0.89672E-005
    9730  0.89756E-005
    9731  0.89861E-005
    9732  0.89979E-005
    9733  0.90105E-005
    9734  0.90234E-005
    9735  0.90366E-005
    9736  0.90500E-005
    9737  0.90636E-005
    9738  0.90773E-005
    9739  0.90911E-005
    9740  0.91051E-005
    9741  0.91192E-005
    9742  0.91335E-005
    9743  0.91479E-005
    9744  0.91624E-005
    9745  0.88120E-005
    9746  0.88135E-005
    9747  0.88160E-005
    9748  0.88193E-005
    9749  0.88234E-005
    9750  0.88281E-005
    9751  0.88334E-005
    9752  0.88391E-005
    9753  0.88451E-005
    9754  0.88514E-005
    9755  0.88579E-005
    9756  0.88645E-005
    9757  0.88712E-005
    9758  0.88780E-005
    9759  0.88849E-005
    9760  0.88918E-005
    9761  0.88987E-005
    9762  0.89057E-005
    9763  0.89128E-005
    9764  0.89198E-005
    9765  0.89270E-005
    9766  0.89341E-005
    9767  0.89413E-005
    9768  0.89485E-005
    9769  0.89558E-005
    9770  0.89630E-005
    9771  0.89704E-005
    9772  0.89777E-005
    9773  0.89851E-005
    9774  0.89925E-005
    9775  0.90000E-005
    9776  0.90074E-005
    9777  0.90150E-005
    9778  0.90225E-005
    9779  0.90301E-005
    9780  0.86647E-005
    9781  0.86708E-005
    9782  0.86800E-005
    9783  0.86914E-005
    9784  0.87043E-005
    9785  0.87180E-005
    9786  0.87321E-005
    9787  0.87464E-005
    9788  0.87610E-005
    9789  0.87757E-005
    9790  0.87905E-005
    9791  0.88055E-005
    9792  0.88206E-005
    9793  0.88358E-005
    9794  0.88512E-005
    9795  0.88667E-005
    9796  0.88823E-005
    9797  0.85138E-005
    9798  0.85154E-005
    9799  0.85181E-005
    9800  0.85217E-005
    9801  0.85261E-005
    9802  0.85313E-005
    9803  0.85371E-005
    9804  0.85433E-005
    9805  0.85498E-005
    9806  0.85567E-005
    9807  0.85638E-005
    9808  0.85710E-005
    9809  0.85783E-005
    9810  0.85857E-005
    9811  0.85931E-005
    9812  0.86006E-005
    9813  0.86082E-005
    9814  0.86158E-005
    9815  0.86234E-005
    9816  0.86311E-005
    9817  0.86388E-005
    9818  0.86465E-005
    9819  0.86543E-005
    9820  0.86621E-005
    9821  0.86699E-005
    9822  0.86778E-005
    9823  0.86857E-005
    9824  0.86936E-005
    9825  0.87016E-005
    9826  0.87095E-005
    9827  0.87176E-005
    9828  0.87256E-005
    9829  0.87337E-005
    9830  0.87418E-005
    9831  0.87500E-005
    9832  0.83655E-005
    9833  0.83721E-005
    9834  0.83821E-005
    9835  0.83946E-005
    9836  0.84086E-005
    9837  0.84235E-005
    9838  0.84388E-005
    9839  0.84544E-005
    9840  0.84702E-005
    9841  0.84861E-005
    9842  0.85021E-005
    9843  0.85183E-005
    9844  0.85346E-005
    9845  0.85510E-005
    9846  0.85676E-005
    9847  0.85843E-005
    9848  0.86011E-005
    9849  0.82133E-005
    9850  0.82151E-005
    9851  0.82180E-005
    9852  0.82220E-005
    9853  0.82268E-005
    9854  0.82325E-005
    9855  0.82387E-005
    9856  0.82455E-005
    9857  0.82526E-005
    9858  0.82601E-005
    9859  0.82677E-005
    9860  0.82756E-005
    9861  0.82835E-005
    9862  0.82915E-005
    9863  0.82996E-005
    9864  0.83078E-005
    9865  0.83159E-005
    9866  0.83242E-005
    9867  0.83324E-005
    9868  0.83407E-005
    9869  0.83490E-005
    9870  0.83574E-005
    9871  0.83658E-005
    9872  0.83742E-005
    9873  0.83826E-005
    9874  0.83911E-005
    9875  0.83996E-005
    9876  0.84082E-005
    9877  0.84167E-005
    9878  0.84253E-005
    9879  0.84340E-005
    9880  0.84426E-005
    9881  0.84513E-005
    9882  0.84601E-005
    9883  0.84688E-005
    9884  0.80642E-005
    9885  0.80714E-005
    9886  0.80823E-005
    9887  0.80959E-005
    9888  0.81111E-005
    9889  0.81273E-005
    9890  0.81439E-005
    9891  0.81608E-005
    9892  0.81778E-005
    9893  0.81950E-005
    9894  0.82123E-005
    9895  0.82298E-005
    9896  0.82473E-005
    9897  0.82650E-005
    9898  0.82828E-005
    9899  0.83008E-005
    9900  0.83188E-005
    9901  0.79109E-005
    9902  0.79129E-005
    9903  0.79161E-005
    9904  0.79204E-005
    9905  0.79256E-005
    9906  0.79317E-005
    9907  0.79385E-005
    9908  0.79459E-005
    9909  0.79537E-005
    9910  0.79617E-005
    9911  0.79701E-005
    9912  0.79785E-005
    9913  0.79871E-005
    9914  0.79958E-005
    9915  0.80046E-005
    9916  0.80134E-005
    9917  0.80222E-005
    9918  0.80311E-005
    9919  0.80400E-005
    9920  0.80490E-005
    9921  0.80580E-005
    9922  0.80670E-005
    9923  0.80760E-005
    9924  0.80851E-005
    9925  0.80942E-005
    9926  0.81033E-005
    9927  0.81125E-005
    9928  0.81217E-005
    9929  0.81309E-005
    9930  0.81401E-005
    9931  0.81494E-005
    9932  0.81587E-005
    9933  0.81680E-005
    9934  0.81773E-005
    9935  0.81867E-005
    9936  0.77611E-005
    9937  0.77689E-005
    9938  0.77808E-005
    9939  0.77955E-005
    9940  0.78120E-005
    9941  0.78295E-005
    9942  0.78475E-005
    9943  0.78657E-005
    9944  0.78842E-005
    9945  0.79027E-005
    9946  0.79214E-005
    9947  0.79402E-005
    9948  0.79591E-005
    9949  0.79781E-005
    9950  0.79972E-005
    9951  0.80164E-005
    9952  0.80357E-005
    9953  0.76069E-005
    9954  0.76090E-005
    9955  0.76124E-005
    9956  0.76171E-005
    9957  0.76228E-005
    9958  0.76294E-005
    9959  0.76368E-005
    9960  0.76448E-005
    9961  0.76532E-005
    9962  0.76619E-005
    9963  0.76709E-005
    9964  0.76801E-005
    9965  0.76894E-005
    9966  0.76988E-005
    9967  0.77083E-005
    9968  0.77178E-005
    9969  0.77273E-005
    9970  0.77369E-005
    9971  0.77465E-005
    9972  0.77562E-005
    9973  0.77659E-005
    9974  0.77756E-005
    9975  0.77853E-005
    9976  0.77950E-005
    9977  0.78048E-005
    9978  0.78146E-005
    9979  0.78245E-005
    9980  0.78343E-005
    9981  0.78442E-005
    9982  0.78541E-005
    9983  0.78641E-005
    9984  0.78740E-005
    9985  0.78840E-005
    9986  0.78940E-005
    9987  0.79041E-005
    9988  0.74564E-005
    9989  0.74649E-005
    9990  0.74777E-005
    9991  0.74937E-005
    9992  0.75116E-005
    9993  0.75305E-005
    9994  0.75499E-005
    9995  0.75696E-005
    9996  0.75895E-005
    9997  0.76095E-005
    9998  0.76295E-005
    9999  0.76497E-005
   10000  0.76700E-005
   10001  0.76904E-005
   10002  0.77109E-005
   10003  0.77315E-005
   10004  0.77522E-005
   10005  0.73013E-005
   10006  0.73036E-005
   10007  0.73074E-005
   10008  0.73124E-005
   10009  0.73186E-005
   10010  0.73258E-005
   10011  0.73337E-005
   10012  0.73424E-005
   10013  0.73515E-005
   10014  0.73609E-005
   10015  0.73707E-005
   10016  0.73806E-005
   10017  0.73906E-005
   10018  0.74008E-005
   10019  0.74110E-005
   10020  0.74212E-005
   10021  0.74315E-005
   10022  0.74418E-005
   10023  0.74522E-005
   10024  0.74625E-005
   10025  0.74730E-005
   10026  0.74834E-005
   10027  0.74938E-005
   10028  0.75043E-005
   10029  0.75148E-005
   10030  0.75253E-005
   10031  0.75359E-005
   10032  0.75465E-005
   10033  0.75571E-005
   10034  0.75677E-005
   10035  0.75783E-005
   10036  0.75890E-005
   10037  0.75997E-005
   10038  0.76104E-005
   10039  0.76211E-005
   10040  0.71505E-005
   10041  0.71596E-005
   10042  0.71735E-005
   10043  0.71908E-005
   10044  0.72101E-005
   10045  0.72305E-005
   10046  0.72514E-005
   10047  0.72727E-005
   10048  0.72940E-005
   10049  0.73155E-005
   10050  0.73371E-005
   10051  0.73588E-005
   10052  0.73806E-005
   10053  0.74024E-005
   10054  0.74244E-005
   10055  0.74464E-005
   10056  0.74685E-005
   10057  0.69947E-005
   10058  0.69972E-005
   10059  0.70012E-005
   10060  0.70066E-005
   10061  0.70133E-005
   10062  0.70211E-005
   10063  0.70297E-005
   10064  0.70390E-005
   10065  0.70488E-005
   10066  0.70591E-005
   10067  0.70695E-005
   10068  0.70802E-005
   10069  0.70911E-005
   10070  0.71020E-005
   10071  0.71130E-005
   10072  0.71240E-005
   10073  0.71350E-005
   10074  0.71461E-005
   10075  0.71573E-005
   10076  0.71684E-005
   10077  0.71796E-005
   10078  0.71908E-005
   10079  0.72020E-005
   10080  0.72132E-005
   10081  0.72245E-005
   10082  0.72357E-005
   10083  0.72470E-005
   10084  0.72584E-005
   10085  0.72697E-005
   10086  0.72810E-005
   10087  0.72924E-005
   10088  0.73038E-005
   10089  0.73152E-005
   10090  0.73267E-005
   10091  0.73382E-005
   10092  0.68436E-005
   10093  0.68535E-005
   10094  0.68685E-005
   10095  0.68871E-005
   10096  0.69079E-005
   10097  0.69299E-005
   10098  0.69524E-005
   10099  0.69752E-005
   10100  0.69982E-005
   10101  0.70213E-005
   10102  0.70444E-005
   10103  0.70676E-005
   10104  0.70909E-005
   10105  0.71143E-005
   10106  0.71378E-005
   10107  0.71613E-005
   10108  0.71849E-005
   10109  0.66873E-005
   10110  0.66899E-005
   10111  0.66943E-005
   10112  0.67002E-005
   10113  0.67074E-005
   10114  0.67158E-005
   10115  0.67250E-005
   10116  0.67351E-005
   10117  0.67457E-005
   10118  0.67567E-005
   10119  0.67679E-005
   10120  0.67794E-005
   10121  0.67911E-005
   10122  0.68028E-005
   10123  0.68146E-005
   10124  0.68265E-005
   10125  0.68383E-005
   10126  0.68502E-005
   10127  0.68622E-005
   10128  0.68741E-005
   10129  0.68861E-005
   10130  0.68981E-005
   10131  0.69101E-005
   10132  0.69221E-005
   10133  0.69341E-005
   10134  0.69462E-005
   10135  0.69582E-005
   10136  0.69703E-005
   10137  0.69824E-005
   10138  0.69945E-005
   10139  0.70067E-005
   10140  0.70188E-005
   10141  0.70310E-005
   10142  0.70432E-005
   10143  0.70554E-005
   10144  0.65362E-005
   10145  0.65468E-005
   10146  0.65630E-005
   10147  0.65830E-005
   10148  0.66054E-005
   10149  0.66290E-005
   10150  0.66532E-005
   10151  0.66777E-005
   10152  0.67023E-005
   10153  0.67270E-005
   10154  0.67518E-005
   10155  0.67766E-005
   10156  0.68015E-005
   10157  0.68265E-005
   10158  0.68515E-005
   10159  0.68766E-005
   10160  0.69017E-005
   10161  0.63795E-005
   10162  0.63824E-005
   10163  0.63870E-005
   10164  0.63934E-005
   10165  0.64011E-005
   10166  0.64101E-005
   10167  0.64201E-005
   10168  0.64309E-005
   10169  0.64423E-005
   10170  0.64541E-005
   10171  0.64662E-005
   10172  0.64786E-005
   10173  0.64911E-005
   10174  0.65036E-005
   10175  0.65163E-005
   10176  0.65290E-005
   10177  0.65417E-005
   10178  0.65545E-005
   10179  0.65672E-005
   10180  0.65800E-005
   10181  0.65928E-005
   10182  0.66056E-005
   10183  0.66185E-005
   10184  0.66313E-005
   10185  0.66441E-005
   10186  0.66570E-005
   10187  0.66699E-005
   10188  0.66828E-005
   10189  0.66957E-005
   10190  0.67086E-005
   10191  0.67215E-005
   10192  0.67345E-005
   10193  0.67474E-005
   10194  0.67604E-005
   10195  0.67735E-005
   10196  0.62285E-005
   10197  0.62400E-005
   10198  0.62573E-005
   10199  0.62789E-005
   10200  0.63029E-005
   10201  0.63282E-005
   10202  0.63542E-005
   10203  0.63804E-005
   10204  0.64068E-005
   10205  0.64332E-005
   10206  0.64596E-005
   10207  0.64862E-005
   10208  0.65127E-005
   10209  0.65393E-005
   10210  0.65660E-005
   10211  0.65927E-005
   10212  0.66194E-005
   10213  0.60717E-005
   10214  0.60748E-005
   10215  0.60799E-005
   10216  0.60866E-005
   10217  0.60950E-005
   10218  0.61046E-005
   10219  0.61154E-005
   10220  0.61269E-005
   10221  0.61391E-005
   10222  0.61518E-005
   10223  0.61648E-005
   10224  0.61780E-005
   10225  0.61914E-005
   10226  0.62049E-005
   10227  0.62184E-005
   10228  0.62320E-005
   10229  0.62456E-005
   10230  0.62592E-005
   10231  0.62729E-005
   10232  0.62865E-005
   10233  0.63002E-005
   10234  0.63139E-005
   10235  0.63276E-005
   10236  0.63413E-005
   10237  0.63550E-005
   10238  0.63687E-005
   10239  0.63824E-005
   10240  0.63961E-005
   10241  0.64099E-005
   10242  0.64236E-005
   10243  0.64374E-005
   10244  0.64511E-005
   10245  0.64649E-005
   10246  0.64787E-005
   10247  0.64925E-005
   10248  0.59212E-005
   10249  0.59335E-005
   10250  0.59521E-005
   10251  0.59752E-005
   10252  0.60009E-005
   10253  0.60280E-005
   10254  0.60558E-005
   10255  0.60838E-005
   10256  0.61120E-005
   10257  0.61402E-005
   10258  0.61684E-005
   10259  0.61967E-005
   10260  0.62249E-005
   10261  0.62532E-005
   10262  0.62816E-005
   10263  0.63100E-005
   10264  0.63384E-005
   10265  0.57645E-005
   10266  0.57678E-005
   10267  0.57732E-005
   10268  0.57805E-005
   10269  0.57894E-005
   10270  0.57997E-005
   10271  0.58112E-005
   10272  0.58236E-005
   10273  0.58367E-005
   10274  0.58502E-005
   10275  0.58641E-005
   10276  0.58783E-005
   10277  0.58926E-005
   10278  0.59070E-005
   10279  0.59214E-005
   10280  0.59359E-005
   10281  0.59505E-005
   10282  0.59650E-005
   10283  0.59796E-005
   10284  0.59941E-005
   10285  0.60087E-005
   10286  0.60232E-005
   10287  0.60378E-005
   10288  0.60524E-005
   10289  0.60670E-005
   10290  0.60816E-005
   10291  0.60962E-005
   10292  0.61107E-005
   10293  0.61253E-005
   10294  0.61400E-005
   10295  0.61546E-005
   10296  0.61692E-005
   10297  0.61838E-005
   10298  0.61985E-005
   10299  0.62131E-005
   10300  0.56146E-005
   10301  0.56277E-005
   10302  0.56477E-005
   10303  0.56724E-005
   10304  0.56999E-005
   10305  0.57289E-005
   10306  0.57585E-005
   10307  0.57884E-005
   10308  0.58184E-005
   10309  0.58484E-005
   10310  0.58785E-005
   10311  0.59085E-005
   10312  0.59386E-005
   10313  0.59687E-005
   10314  0.59988E-005
   10315  0.60289E-005
   10316  0.60590E-005
   10317  0.54582E-005
   10318  0.54618E-005
   10319  0.54675E-005
   10320  0.54753E-005
   10321  0.54849E-005
   10322  0.54959E-005
   10323  0.55082E-005
   10324  0.55214E-005
   10325  0.55354E-005
   10326  0.55499E-005
   10327  0.55647E-005
   10328  0.55798E-005
   10329  0.55950E-005
   10330  0.56104E-005
   10331  0.56258E-005
   10332  0.56413E-005
   10333  0.56567E-005
   10334  0.56722E-005
   10335  0.56877E-005
   10336  0.57032E-005
   10337  0.57187E-005
   10338  0.57342E-005
   10339  0.57497E-005
   10340  0.57651E-005
   10341  0.57806E-005
   10342  0.57961E-005
   10343  0.58116E-005
   10344  0.58271E-005
   10345  0.58426E-005
   10346  0.58581E-005
   10347  0.58736E-005
   10348  0.58890E-005
   10349  0.59045E-005
   10350  0.59200E-005
   10351  0.59355E-005
   10352  0.53093E-005
   10353  0.53233E-005
   10354  0.53446E-005
   10355  0.53709E-005
   10356  0.54003E-005
   10357  0.54312E-005
   10358  0.54628E-005
   10359  0.54946E-005
   10360  0.55265E-005
   10361  0.55584E-005
   10362  0.55904E-005
   10363  0.56223E-005
   10364  0.56542E-005
   10365  0.56861E-005
   10366  0.57179E-005
   10367  0.57498E-005
   10368  0.57817E-005
   10369  0.51535E-005
   10370  0.51573E-005
   10371  0.51634E-005
   10372  0.51717E-005
   10373  0.51819E-005
   10374  0.51937E-005
   10375  0.52068E-005
   10376  0.52209E-005
   10377  0.52358E-005
   10378  0.52512E-005
   10379  0.52670E-005
   10380  0.52831E-005
   10381  0.52993E-005
   10382  0.53157E-005
   10383  0.53321E-005
   10384  0.53485E-005
   10385  0.53649E-005
   10386  0.53814E-005
   10387  0.53978E-005
   10388  0.54143E-005
   10389  0.54307E-005
   10390  0.54472E-005
   10391  0.54636E-005
   10392  0.54800E-005
   10393  0.54964E-005
   10394  0.55128E-005
   10395  0.55292E-005
   10396  0.55456E-005
   10397  0.55620E-005
   10398  0.55784E-005
   10399  0.55948E-005
   10400  0.56112E-005
   10401  0.56276E-005
   10402  0.56440E-005
   10403  0.56604E-005
   10404  0.50058E-005
   10405  0.50207E-005
   10406  0.50434E-005
   10407  0.50715E-005
   10408  0.51027E-005
   10409  0.51356E-005
   10410  0.51691E-005
   10411  0.52030E-005
   10412  0.52369E-005
   10413  0.52707E-005
   10414  0.53046E-005
   10415  0.53384E-005
   10416  0.53722E-005
   10417  0.54059E-005
   10418  0.54396E-005
   10419  0.54733E-005
   10420  0.55070E-005
   10421  0.48509E-005
   10422  0.48549E-005
   10423  0.48615E-005
   10424  0.48703E-005
   10425  0.48812E-005
   10426  0.48937E-005
   10427  0.49076E-005
   10428  0.49226E-005
   10429  0.49384E-005
   10430  0.49548E-005
   10431  0.49716E-005
   10432  0.49887E-005
   10433  0.50059E-005
   10434  0.50233E-005
   10435  0.50407E-005
   10436  0.50581E-005
   10437  0.50756E-005
   10438  0.50930E-005
   10439  0.51105E-005
   10440  0.51279E-005
   10441  0.51453E-005
   10442  0.51627E-005
   10443  0.51801E-005
   10444  0.51975E-005
   10445  0.52149E-005
   10446  0.52322E-005
   10447  0.52496E-005
   10448  0.52669E-005
   10449  0.52842E-005
   10450  0.53016E-005
   10451  0.53189E-005
   10452  0.53362E-005
   10453  0.53535E-005
   10454  0.53708E-005
   10455  0.53881E-005
   10456  0.47047E-005
   10457  0.47206E-005
   10458  0.47447E-005
   10459  0.47745E-005
   10460  0.48077E-005
   10461  0.48426E-005
   10462  0.48782E-005
   10463  0.49141E-005
   10464  0.49500E-005
   10465  0.49858E-005
   10466  0.50216E-005
   10467  0.50574E-005
   10468  0.50931E-005
   10469  0.51287E-005
   10470  0.51643E-005
   10471  0.51999E-005
   10472  0.52354E-005
   10473  0.45510E-005
   10474  0.45552E-005
   10475  0.45622E-005
   10476  0.45716E-005
   10477  0.45831E-005
   10478  0.45964E-005
   10479  0.46112E-005
   10480  0.46271E-005
   10481  0.46439E-005
   10482  0.46613E-005
   10483  0.46791E-005
   10484  0.46972E-005
   10485  0.47155E-005
   10486  0.47339E-005
   10487  0.47523E-005
   10488  0.47708E-005
   10489  0.47893E-005
   10490  0.48077E-005
   10491  0.48262E-005
   10492  0.48446E-005
   10493  0.48630E-005
   10494  0.48814E-005
   10495  0.48998E-005
   10496  0.49182E-005
   10497  0.49365E-005
   10498  0.49548E-005
   10499  0.49732E-005
   10500  0.49914E-005
   10501  0.50097E-005
   10502  0.50280E-005
   10503  0.50462E-005
   10504  0.50645E-005
   10505  0.50827E-005
   10506  0.51009E-005
   10507  0.51192E-005
   10508  0.44066E-005
   10509  0.44234E-005
   10510  0.44490E-005
   10511  0.44806E-005
   10512  0.45158E-005
   10513  0.45528E-005
   10514  0.45905E-005
   10515  0.46284E-005
   10516  0.46664E-005
   10517  0.47043E-005
   10518  0.47421E-005
   10519  0.47799E-005
   10520  0.48175E-005
   10521  0.48551E-005
   10522  0.48926E-005
   10523  0.49300E-005
   10524  0.49674E-005
   10525  0.42544E-005
   10526  0.42589E-005
   10527  0.42663E-005
   10528  0.42762E-005
   10529  0.42885E-005
   10530  0.43026E-005
   10531  0.43182E-005
   10532  0.43351E-005
   10533  0.43528E-005
   10534  0.43713E-005
   10535  0.43901E-005
   10536  0.44093E-005
   10537  0.44286E-005
   10538  0.44480E-005
   10539  0.44675E-005
   10540  0.44870E-005
   10541  0.45065E-005
   10542  0.45260E-005
   10543  0.45455E-005
   10544  0.45650E-005
   10545  0.45844E-005
   10546  0.46038E-005
   10547  0.46232E-005
   10548  0.46426E-005
   10549  0.46619E-005
   10550  0.46812E-005
   10551  0.47005E-005
   10552  0.47198E-005
   10553  0.47390E-005
   10554  0.47582E-005
   10555  0.47774E-005
   10556  0.47966E-005
   10557  0.48158E-005
   10558  0.48350E-005
   10559  0.48541E-005
   10560  0.41122E-005
   10561  0.41300E-005
   10562  0.41571E-005
   10563  0.41905E-005
   10564  0.42277E-005
   10565  0.42668E-005
   10566  0.43066E-005
   10567  0.43467E-005
   10568  0.43867E-005
   10569  0.44267E-005
   10570  0.44666E-005
   10571  0.45063E-005
   10572  0.45460E-005
   10573  0.45855E-005
   10574  0.46250E-005
   10575  0.46643E-005
   10576  0.47036E-005
   10577  0.39618E-005
   10578  0.39666E-005
   10579  0.39744E-005
   10580  0.39849E-005
   10581  0.39978E-005
   10582  0.40127E-005
   10583  0.40293E-005
   10584  0.40471E-005
   10585  0.40659E-005
   10586  0.40853E-005
   10587  0.41052E-005
   10588  0.41255E-005
   10589  0.41458E-005
   10590  0.41664E-005
   10591  0.41869E-005
   10592  0.42075E-005
   10593  0.42280E-005
   10594  0.42486E-005
   10595  0.42691E-005
   10596  0.42896E-005
   10597  0.43101E-005
   10598  0.43305E-005
   10599  0.43509E-005
   10600  0.43713E-005
   10601  0.43916E-005
   10602  0.44119E-005
   10603  0.44322E-005
   10604  0.44525E-005
   10605  0.44727E-005
   10606  0.44929E-005
   10607  0.45131E-005
   10608  0.45332E-005
   10609  0.45534E-005
   10610  0.45735E-005
   10611  0.45936E-005
   10612  0.38222E-005
   10613  0.38410E-005
   10614  0.38696E-005
   10615  0.39049E-005
   10616  0.39441E-005
   10617  0.39853E-005
   10618  0.40273E-005
   10619  0.40695E-005
   10620  0.41117E-005
   10621  0.41537E-005
   10622  0.41957E-005
   10623  0.42375E-005
   10624  0.42791E-005
   10625  0.43207E-005
   10626  0.43621E-005
   10627  0.44034E-005
   10628  0.44446E-005
   10629  0.36740E-005
   10630  0.36790E-005
   10631  0.36872E-005
   10632  0.36983E-005
   10633  0.37119E-005
   10634  0.37277E-005
   10635  0.37451E-005
   10636  0.37639E-005
   10637  0.37837E-005
   10638  0.38042E-005
   10639  0.38251E-005
   10640  0.38465E-005
   10641  0.38679E-005
   10642  0.38895E-005
   10643  0.39112E-005
   10644  0.39328E-005
   10645  0.39544E-005
   10646  0.39761E-005
   10647  0.39976E-005
   10648  0.40192E-005
   10649  0.40407E-005
   10650  0.40621E-005
   10651  0.40836E-005
   10652  0.41050E-005
   10653  0.41263E-005
   10654  0.41476E-005
   10655  0.41689E-005
   10656  0.41902E-005
   10657  0.42114E-005
   10658  0.42326E-005
   10659  0.42537E-005
   10660  0.42748E-005
   10661  0.42959E-005
   10662  0.43170E-005
   10663  0.43381E-005
   10664  0.35372E-005
   10665  0.35570E-005
   10666  0.35871E-005
   10667  0.36243E-005
   10668  0.36656E-005
   10669  0.37090E-005
   10670  0.37531E-005
   10671  0.37975E-005
   10672  0.38418E-005
   10673  0.38860E-005
   10674  0.39300E-005
   10675  0.39739E-005
   10676  0.40176E-005
   10677  0.40611E-005
   10678  0.41045E-005
   10679  0.41477E-005
   10680  0.41909E-005
   10681  0.33915E-005
   10682  0.33968E-005
   10683  0.34055E-005
   10684  0.34171E-005
   10685  0.34315E-005
   10686  0.34480E-005
   10687  0.34664E-005
   10688  0.34862E-005
   10689  0.35069E-005
   10690  0.35285E-005
   10691  0.35506E-005
   10692  0.35730E-005
   10693  0.35955E-005
   10694  0.36182E-005
   10695  0.36409E-005
   10696  0.36637E-005
   10697  0.36864E-005
   10698  0.37090E-005
   10699  0.37317E-005
   10700  0.37543E-005
   10701  0.37768E-005
   10702  0.37994E-005
   10703  0.38218E-005
   10704  0.38442E-005
   10705  0.38666E-005
   10706  0.38889E-005
   10707  0.39112E-005
   10708  0.39335E-005
   10709  0.39557E-005
   10710  0.39779E-005
   10711  0.40000E-005
   10712  0.40221E-005
   10713  0.40442E-005
   10714  0.40662E-005
   10715  0.40883E-005
   10716  0.32580E-005
   10717  0.32788E-005
   10718  0.33105E-005
   10719  0.33496E-005
   10720  0.33930E-005
   10721  0.34385E-005
   10722  0.34848E-005
   10723  0.35314E-005
   10724  0.35778E-005
   10725  0.36241E-005
   10726  0.36702E-005
   10727  0.37162E-005
   10728  0.37619E-005
   10729  0.38074E-005
   10730  0.38528E-005
   10731  0.38980E-005
   10732  0.39431E-005
   10733  0.31152E-005
   10734  0.31208E-005
   10735  0.31299E-005
   10736  0.31422E-005
   10737  0.31572E-005
   10738  0.31746E-005
   10739  0.31938E-005
   10740  0.32146E-005
   10741  0.32364E-005
   10742  0.32590E-005
   10743  0.32821E-005
   10744  0.33056E-005
   10745  0.33293E-005
   10746  0.33531E-005
   10747  0.33769E-005
   10748  0.34007E-005
   10749  0.34245E-005
   10750  0.34482E-005
   10751  0.34720E-005
   10752  0.34956E-005
   10753  0.35192E-005
   10754  0.35428E-005
   10755  0.35663E-005
   10756  0.35897E-005
   10757  0.36131E-005
   10758  0.36365E-005
   10759  0.36598E-005
   10760  0.36830E-005
   10761  0.37062E-005
   10762  0.37294E-005
   10763  0.37525E-005
   10764  0.37755E-005
   10765  0.37986E-005
   10766  0.38215E-005
   10767  0.38445E-005
   10768  0.29853E-005
   10769  0.30072E-005
   10770  0.30404E-005
   10771  0.30813E-005
   10772  0.31268E-005
   10773  0.31745E-005
   10774  0.32230E-005
   10775  0.32718E-005
   10776  0.33204E-005
   10777  0.33688E-005
   10778  0.34170E-005
   10779  0.34650E-005
   10780  0.35127E-005
   10781  0.35603E-005
   10782  0.36076E-005
   10783  0.36548E-005
   10784  0.37018E-005
   10785  0.28459E-005
   10786  0.28517E-005
   10787  0.28612E-005
   10788  0.28741E-005
   10789  0.28898E-005
   10790  0.29080E-005
   10791  0.29282E-005
   10792  0.29499E-005
   10793  0.29727E-005
   10794  0.29964E-005
   10795  0.30206E-005
   10796  0.30452E-005
   10797  0.30700E-005
   10798  0.30948E-005
   10799  0.31197E-005
   10800  0.31446E-005
   10801  0.31695E-005
   10802  0.31943E-005
   10803  0.32191E-005
   10804  0.32438E-005
   10805  0.32684E-005
   10806  0.32930E-005
   10807  0.33176E-005
   10808  0.33420E-005
   10809  0.33664E-005
   10810  0.33908E-005
   10811  0.34151E-005
   10812  0.34393E-005
   10813  0.34635E-005
   10814  0.34877E-005
   10815  0.35118E-005
   10816  0.35358E-005
   10817  0.35598E-005
   10818  0.35837E-005
   10819  0.36077E-005
   10820  0.27200E-005
   10821  0.27429E-005
   10822  0.27776E-005
   10823  0.28204E-005
   10824  0.28679E-005
   10825  0.29178E-005
   10826  0.29685E-005
   10827  0.30194E-005
   10828  0.30701E-005
   10829  0.31207E-005
   10830  0.31709E-005
   10831  0.32210E-005
   10832  0.32707E-005
   10833  0.33203E-005
   10834  0.33696E-005
   10835  0.34186E-005
   10836  0.34675E-005
   10837  0.25842E-005
   10838  0.25903E-005
   10839  0.26003E-005
   10840  0.26137E-005
   10841  0.26301E-005
   10842  0.26491E-005
   10843  0.26702E-005
   10844  0.26929E-005
   10845  0.27167E-005
   10846  0.27415E-005
   10847  0.27667E-005
   10848  0.27924E-005
   10849  0.28182E-005
   10850  0.28442E-005
   10851  0.28702E-005
   10852  0.28961E-005
   10853  0.29221E-005
   10854  0.29479E-005
   10855  0.29738E-005
   10856  0.29995E-005
   10857  0.30252E-005
   10858  0.30508E-005
   10859  0.30764E-005
   10860  0.31018E-005
   10861  0.31273E-005
   10862  0.31526E-005
   10863  0.31779E-005
   10864  0.32031E-005
   10865  0.32283E-005
   10866  0.32534E-005
   10867  0.32784E-005
   10868  0.33034E-005
   10869  0.33284E-005
   10870  0.33533E-005
   10871  0.33781E-005
   10872  0.24627E-005
   10873  0.24866E-005
   10874  0.25228E-005
   10875  0.25675E-005
   10876  0.26171E-005
   10877  0.26691E-005
   10878  0.27219E-005
   10879  0.27749E-005
   10880  0.28278E-005
   10881  0.28804E-005
   10882  0.29327E-005
   10883  0.29848E-005
   10884  0.30365E-005
   10885  0.30880E-005
   10886  0.31393E-005
   10887  0.31903E-005
   10888  0.32410E-005
   10889  0.23310E-005
   10890  0.23373E-005
   10891  0.23477E-005
   10892  0.23617E-005
   10893  0.23789E-005
   10894  0.23987E-005
   10895  0.24206E-005
   10896  0.24443E-005
   10897  0.24691E-005
   10898  0.24949E-005
   10899  0.25212E-005
   10900  0.25479E-005
   10901  0.25748E-005
   10902  0.26019E-005
   10903  0.26289E-005
   10904  0.26559E-005
   10905  0.26829E-005
   10906  0.27098E-005
   10907  0.27367E-005
   10908  0.27635E-005
   10909  0.27902E-005
   10910  0.28168E-005
   10911  0.28434E-005
   10912  0.28699E-005
   10913  0.28963E-005
   10914  0.29226E-005
   10915  0.29489E-005
   10916  0.29751E-005
   10917  0.30012E-005
   10918  0.30273E-005
   10919  0.30533E-005
   10920  0.30792E-005
   10921  0.31051E-005
   10922  0.31309E-005
   10923  0.31567E-005
   10924  0.22143E-005
   10925  0.22391E-005
   10926  0.22769E-005
   10927  0.23234E-005
   10928  0.23750E-005
   10929  0.24291E-005
   10930  0.24841E-005
   10931  0.25392E-005
   10932  0.25941E-005
   10933  0.26488E-005
   10934  0.27031E-005
   10935  0.27571E-005
   10936  0.28109E-005
   10937  0.28643E-005
   10938  0.29174E-005
   10939  0.29703E-005
   10940  0.30229E-005
   10941  0.20870E-005
   10942  0.20936E-005
   10943  0.21045E-005
   10944  0.21190E-005
   10945  0.21368E-005
   10946  0.21574E-005
   10947  0.21803E-005
   10948  0.22049E-005
   10949  0.22307E-005
   10950  0.22575E-005
   10951  0.22848E-005
   10952  0.23126E-005
   10953  0.23405E-005
   10954  0.23686E-005
   10955  0.23967E-005
   10956  0.24248E-005
   10957  0.24528E-005
   10958  0.24807E-005
   10959  0.25086E-005
   10960  0.25364E-005
   10961  0.25641E-005
   10962  0.25917E-005
   10963  0.26193E-005
   10964  0.26467E-005
   10965  0.26741E-005
   10966  0.27014E-005
   10967  0.27286E-005
   10968  0.27558E-005
   10969  0.27828E-005
   10970  0.28098E-005
   10971  0.28368E-005
   10972  0.28636E-005
   10973  0.28904E-005
   10974  0.29171E-005
   10975  0.29438E-005
   10976  0.19755E-005
   10977  0.20013E-005
   10978  0.20405E-005
   10979  0.20888E-005
   10980  0.21424E-005
   10981  0.21985E-005
   10982  0.22556E-005
   10983  0.23128E-005
   10984  0.23698E-005
   10985  0.24264E-005
   10986  0.24827E-005
   10987  0.25387E-005
   10988  0.25943E-005
   10989  0.26496E-005
   10990  0.27046E-005
   10991  0.27593E-005
   10992  0.28137E-005
   10993  0.18531E-005
   10994  0.18600E-005
   10995  0.18712E-005
   10996  0.18863E-005
   10997  0.19048E-005
   10998  0.19262E-005
   10999  0.19499E-005
   11000  0.19754E-005
   11001  0.20022E-005
   11002  0.20299E-005
   11003  0.20583E-005
   11004  0.20871E-005
   11005  0.21160E-005
   11006  0.21451E-005
   11007  0.21742E-005
   11008  0.22033E-005
   11009  0.22323E-005
   11010  0.22613E-005
   11011  0.22902E-005
   11012  0.23189E-005
   11013  0.23476E-005
   11014  0.23762E-005
   11015  0.24047E-005
   11016  0.24331E-005
   11017  0.24614E-005
   11018  0.24897E-005
   11019  0.25178E-005
   11020  0.25459E-005
   11021  0.25739E-005
   11022  0.26018E-005
   11023  0.26296E-005
   11024  0.26574E-005
   11025  0.26851E-005
   11026  0.27127E-005
   11027  0.27404E-005
   11028  0.17471E-005
   11029  0.17739E-005
   11030  0.18145E-005
   11031  0.18646E-005
   11032  0.19201E-005
   11033  0.19782E-005
   11034  0.20373E-005
   11035  0.20965E-005
   11036  0.21554E-005
   11037  0.22140E-005
   11038  0.22723E-005
   11039  0.23301E-005
   11040  0.23876E-005
   11041  0.24447E-005
   11042  0.25015E-005
   11043  0.25580E-005
   11044  0.26142E-005
   11045  0.16300E-005
   11046  0.16371E-005
   11047  0.16487E-005
   11048  0.16643E-005
   11049  0.16835E-005
   11050  0.17056E-005
   11051  0.17302E-005
   11052  0.17566E-005
   11053  0.17843E-005
   11054  0.18130E-005
   11055  0.18423E-005
   11056  0.18721E-005
   11057  0.19021E-005
   11058  0.19322E-005
   11059  0.19622E-005
   11060  0.19923E-005
   11061  0.20223E-005
   11062  0.20522E-005
   11063  0.20821E-005
   11064  0.21118E-005
   11065  0.21414E-005
   11066  0.21709E-005
   11067  0.22004E-005
   11068  0.22297E-005
   11069  0.22590E-005
   11070  0.22881E-005
   11071  0.23172E-005
   11072  0.23462E-005
   11073  0.23750E-005
   11074  0.24038E-005
   11075  0.24325E-005
   11076  0.24611E-005
   11077  0.24897E-005
   11078  0.25182E-005
   11079  0.25466E-005
   11080  0.15299E-005
   11081  0.15576E-005
   11082  0.15996E-005
   11083  0.16514E-005
   11084  0.17087E-005
   11085  0.17688E-005
   11086  0.18298E-005
   11087  0.18909E-005
   11088  0.19518E-005
   11089  0.20123E-005
   11090  0.20724E-005
   11091  0.21320E-005
   11092  0.21913E-005
   11093  0.22502E-005
   11094  0.23088E-005
   11095  0.23669E-005
   11096  0.24248E-005
   11097  0.14184E-005
   11098  0.14257E-005
   11099  0.14377E-005
   11100  0.14539E-005
   11101  0.14737E-005
   11102  0.14965E-005
   11103  0.15219E-005
   11104  0.15491E-005
   11105  0.15777E-005
   11106  0.16074E-005
   11107  0.16377E-005
   11108  0.16684E-005
   11109  0.16993E-005
   11110  0.17303E-005
   11111  0.17614E-005
   11112  0.17924E-005
   11113  0.18233E-005
   11114  0.18542E-005
   11115  0.18849E-005
   11116  0.19156E-005
   11117  0.19461E-005
   11118  0.19766E-005
   11119  0.20069E-005
   11120  0.20371E-005
   11121  0.20672E-005
   11122  0.20973E-005
   11123  0.21272E-005
   11124  0.21570E-005
   11125  0.21868E-005
   11126  0.22164E-005
   11127  0.22460E-005
   11128  0.22754E-005
   11129  0.23048E-005
   11130  0.23341E-005
   11131  0.23634E-005
   11132  0.13246E-005
   11133  0.13532E-005
   11134  0.13965E-005
   11135  0.14499E-005
   11136  0.15090E-005
   11137  0.15710E-005
   11138  0.16338E-005
   11139  0.16968E-005
   11140  0.17595E-005
   11141  0.18218E-005
   11142  0.18836E-005
   11143  0.19450E-005
   11144  0.20060E-005
   11145  0.20666E-005
   11146  0.21268E-005
   11147  0.21866E-005
   11148  0.22461E-005
   11149  0.12191E-005
   11150  0.12266E-005
   11151  0.12390E-005
   11152  0.12556E-005
   11153  0.12760E-005
   11154  0.12996E-005
   11155  0.13257E-005
   11156  0.13538E-005
   11157  0.13832E-005
   11158  0.14138E-005
   11159  0.14450E-005
   11160  0.14766E-005
   11161  0.15084E-005
   11162  0.15403E-005
   11163  0.15723E-005
   11164  0.16042E-005
   11165  0.16360E-005
   11166  0.16678E-005
   11167  0.16994E-005
   11168  0.17309E-005
   11169  0.17623E-005
   11170  0.17936E-005
   11171  0.18248E-005
   11172  0.18559E-005
   11173  0.18868E-005
   11174  0.19177E-005
   11175  0.19485E-005
   11176  0.19791E-005
   11177  0.20096E-005
   11178  0.20401E-005
   11179  0.20704E-005
   11180  0.21007E-005
   11181  0.21308E-005
   11182  0.21609E-005
   11183  0.21909E-005
   11184  0.11319E-005
   11185  0.11613E-005
   11186  0.12059E-005
   11187  0.12608E-005
   11188  0.13217E-005
   11189  0.13853E-005
   11190  0.14500E-005
   11191  0.15147E-005
   11192  0.15791E-005
   11193  0.16431E-005
   11194  0.17066E-005
   11195  0.17697E-005
   11196  0.18323E-005
   11197  0.18945E-005
   11198  0.19563E-005
   11199  0.20176E-005
   11200  0.20786E-005
   11201  0.10327E-005
   11202  0.10405E-005
   11203  0.10532E-005
   11204  0.10703E-005
   11205  0.10913E-005
   11206  0.11155E-005
   11207  0.11423E-005
   11208  0.11712E-005
   11209  0.12014E-005
   11210  0.12328E-005
   11211  0.12649E-005
   11212  0.12973E-005
   11213  0.13300E-005
   11214  0.13628E-005
   11215  0.13956E-005
   11216  0.14284E-005
   11217  0.14611E-005
   11218  0.14936E-005
   11219  0.15261E-005
   11220  0.15584E-005
   11221  0.15907E-005
   11222  0.16228E-005
   11223  0.16548E-005
   11224  0.16866E-005
   11225  0.17184E-005
   11226  0.17500E-005
   11227  0.17816E-005
   11228  0.18130E-005
   11229  0.18443E-005
   11230  0.18755E-005
   11231  0.19066E-005
   11232  0.19376E-005
   11233  0.19685E-005
   11234  0.19993E-005
   11235  0.20302E-005
   11236  0.95249E-006
   11237  0.98269E-006
   11238  0.10285E-005
   11239  0.10849E-005
   11240  0.11473E-005
   11241  0.12127E-005
   11242  0.12790E-005
   11243  0.13453E-005
   11244  0.14114E-005
   11245  0.14770E-005
   11246  0.15421E-005
   11247  0.16067E-005
   11248  0.16709E-005
   11249  0.17346E-005
   11250  0.17978E-005
   11251  0.18606E-005
   11252  0.19231E-005
   11253  0.86003E-006
   11254  0.86799E-006
   11255  0.88104E-006
   11256  0.89857E-006
   11257  0.92009E-006
   11258  0.94492E-006
   11259  0.97241E-006
   11260  0.10020E-005
   11261  0.10331E-005
   11262  0.10652E-005
   11263  0.10981E-005
   11264  0.11313E-005
   11265  0.11648E-005
   11266  0.11985E-005
   11267  0.12321E-005
   11268  0.12656E-005
   11269  0.12991E-005
   11270  0.13324E-005
   11271  0.13657E-005
   11272  0.13988E-005
   11273  0.14318E-005
   11274  0.14647E-005
   11275  0.14974E-005
   11276  0.15300E-005
   11277  0.15626E-005
   11278  0.15949E-005
   11279  0.16272E-005
   11280  0.16593E-005
   11281  0.16914E-005
   11282  0.17233E-005
   11283  0.17551E-005
   11284  0.17868E-005
   11285  0.18184E-005
   11286  0.18499E-005
   11287  0.18813E-005
   11288  0.78708E-006
   11289  0.81801E-006
   11290  0.86491E-006
   11291  0.92265E-006
   11292  0.98662E-006
   11293  0.10535E-005
   11294  0.11214E-005
   11295  0.11893E-005
   11296  0.12569E-005
   11297  0.13240E-005
   11298  0.13906E-005
   11299  0.14567E-005
   11300  0.15223E-005
   11301  0.15874E-005
   11302  0.16520E-005
   11303  0.17162E-005
   11304  0.17799E-005
   11305  0.70167E-006
   11306  0.70982E-006
   11307  0.72317E-006
   11308  0.74110E-006
   11309  0.76312E-006
   11310  0.78852E-006
   11311  0.81665E-006
   11312  0.84691E-006
   11313  0.87868E-006
   11314  0.91158E-006
   11315  0.94515E-006
   11316  0.97920E-006
   11317  0.10134E-005
   11318  0.10478E-005
   11319  0.10822E-005
   11320  0.11165E-005
   11321  0.11506E-005
   11322  0.11847E-005
   11323  0.12187E-005
   11324  0.12526E-005
   11325  0.12863E-005
   11326  0.13199E-005
   11327  0.13533E-005
   11328  0.13866E-005
   11329  0.14198E-005
   11330  0.14529E-005
   11331  0.14858E-005
   11332  0.15187E-005
   11333  0.15514E-005
   11334  0.15840E-005
   11335  0.16164E-005
   11336  0.16488E-005
   11337  0.16810E-005
   11338  0.17132E-005
   11339  0.17453E-005
   11340  0.63629E-006
   11341  0.66791E-006
   11342  0.71583E-006
   11343  0.77483E-006
   11344  0.84018E-006
   11345  0.90850E-006
   11346  0.97781E-006
   11347  0.10471E-005
   11348  0.11161E-005
   11349  0.11846E-005
   11350  0.12526E-005
   11351  0.13200E-005
   11352  0.13869E-005
   11353  0.14533E-005
   11354  0.15192E-005
   11355  0.15847E-005
   11356  0.16497E-005
   11357  0.55825E-006
   11358  0.56657E-006
   11359  0.58019E-006
   11360  0.59850E-006
   11361  0.62097E-006
   11362  0.64690E-006
   11363  0.67561E-006
   11364  0.70649E-006
   11365  0.73890E-006
   11366  0.77247E-006
   11367  0.80673E-006
   11368  0.84146E-006
   11369  0.87639E-006
   11370  0.91144E-006
   11371  0.94647E-006
   11372  0.98144E-006
   11373  0.10163E-005
   11374  0.10511E-005
   11375  0.10857E-005
   11376  0.11202E-005
   11377  0.11546E-005
   11378  0.11888E-005
   11379  0.12229E-005
   11380  0.12568E-005
   11381  0.12907E-005
   11382  0.13244E-005
   11383  0.13579E-005
   11384  0.13914E-005
   11385  0.14247E-005
   11386  0.14579E-005
   11387  0.14909E-005
   11388  0.15239E-005
   11389  0.15567E-005
   11390  0.15894E-005
   11391  0.16221E-005
   11392  0.50071E-006
   11393  0.53295E-006
   11394  0.58180E-006
   11395  0.64194E-006
   11396  0.70854E-006
   11397  0.77816E-006
   11398  0.84878E-006
   11399  0.91940E-006
   11400  0.98965E-006
   11401  0.10594E-005
   11402  0.11286E-005
   11403  0.11972E-005
   11404  0.12653E-005
   11405  0.13329E-005
   11406  0.13999E-005
   11407  0.14665E-005
   11408  0.15326E-005
   11409  0.43033E-006
   11410  0.43879E-006
   11411  0.45267E-006
   11412  0.47131E-006
   11413  0.49420E-006
   11414  0.52060E-006
   11415  0.54982E-006
   11416  0.58126E-006
   11417  0.61426E-006
   11418  0.64843E-006
   11419  0.68330E-006
   11420  0.71865E-006
   11421  0.75420E-006
   11422  0.78986E-006
   11423  0.82550E-006
   11424  0.86109E-006
   11425  0.89656E-006
   11426  0.93192E-006
   11427  0.96714E-006
   11428  0.10022E-005
   11429  0.10372E-005
   11430  0.10720E-005
   11431  0.11066E-005
   11432  0.11412E-005
   11433  0.11756E-005
   11434  0.12098E-005
   11435  0.12439E-005
   11436  0.12779E-005
   11437  0.13118E-005
   11438  0.13455E-005
   11439  0.13791E-005
   11440  0.14126E-005
   11441  0.14460E-005
   11442  0.14793E-005
   11443  0.15126E-005
   11444  0.38087E-006
   11445  0.41365E-006
   11446  0.46334E-006
   11447  0.52449E-006
   11448  0.59221E-006
   11449  0.66299E-006
   11450  0.73477E-006
   11451  0.80655E-006
   11452  0.87793E-006
   11453  0.94878E-006
   11454  0.10191E-005
   11455  0.10888E-005
   11456  0.11580E-005
   11457  0.12266E-005
   11458  0.12947E-005
   11459  0.13623E-005
   11460  0.14295E-005
   11461  0.31839E-006
   11462  0.32699E-006
   11463  0.34109E-006
   11464  0.36002E-006
   11465  0.38327E-006
   11466  0.41009E-006
   11467  0.43977E-006
   11468  0.47170E-006
   11469  0.50522E-006
   11470  0.53992E-006
   11471  0.57533E-006
   11472  0.61122E-006
   11473  0.64732E-006
   11474  0.68353E-006
   11475  0.71971E-006
   11476  0.75583E-006
   11477  0.79184E-006
   11478  0.82773E-006
   11479  0.86347E-006
   11480  0.89908E-006
   11481  0.93455E-006
   11482  0.96987E-006
   11483  0.10050E-005
   11484  0.10401E-005
   11485  0.10750E-005
   11486  0.11097E-005
   11487  0.11444E-005
   11488  0.11788E-005
   11489  0.12132E-005
   11490  0.12474E-005
   11491  0.12815E-005
   11492  0.13155E-005
   11493  0.13493E-005
   11494  0.13831E-005
   11495  0.14168E-005
   11496  0.27722E-006
   11497  0.31048E-006
   11498  0.36089E-006
   11499  0.42293E-006
   11500  0.49162E-006
   11501  0.56341E-006
   11502  0.63620E-006
   11503  0.70899E-006
   11504  0.78136E-006
   11505  0.85318E-006
   11506  0.92443E-006
   11507  0.99510E-006
   11508  0.10652E-005
   11509  0.11347E-005
   11510  0.12038E-005
   11511  0.12722E-005
   11512  0.13403E-005
   11513  0.22288E-006
   11514  0.23160E-006
   11515  0.24588E-006
   11516  0.26507E-006
   11517  0.28863E-006
   11518  0.31580E-006
   11519  0.34588E-006
   11520  0.37824E-006
   11521  0.41220E-006
   11522  0.44736E-006
   11523  0.48322E-006
   11524  0.51959E-006
   11525  0.55615E-006
   11526  0.59283E-006
   11527  0.62947E-006
   11528  0.66606E-006
   11529  0.70252E-006
   11530  0.73886E-006
   11531  0.77506E-006
   11532  0.81111E-006
   11533  0.84702E-006
   11534  0.88278E-006
   11535  0.91840E-006
   11536  0.95386E-006
   11537  0.98919E-006
   11538  0.10244E-005
   11539  0.10594E-005
   11540  0.10943E-005
   11541  0.11291E-005
   11542  0.11637E-005
   11543  0.11982E-005
   11544  0.12326E-005
   11545  0.12668E-005
   11546  0.13010E-005
   11547  0.13351E-005
   11548  0.19018E-006
   11549  0.22385E-006
   11550  0.27487E-006
   11551  0.33766E-006
   11552  0.40717E-006
   11553  0.47980E-006
   11554  0.55345E-006
   11555  0.62708E-006
   11556  0.70028E-006
   11557  0.77292E-006
   11558  0.84497E-006
   11559  0.91642E-006
   11560  0.98729E-006
   11561  0.10576E-005
   11562  0.11273E-005
   11563  0.11966E-005
   11564  0.12653E-005
   11565  0.14420E-006
   11566  0.15301E-006
   11567  0.16745E-006
   11568  0.18685E-006
   11569  0.21066E-006
   11570  0.23813E-006
   11571  0.26854E-006
   11572  0.30124E-006
   11573  0.33556E-006
   11574  0.37110E-006
   11575  0.40735E-006
   11576  0.44410E-006
   11577  0.48105E-006
   11578  0.51811E-006
   11579  0.55514E-006
   11580  0.59210E-006
   11581  0.62894E-006
   11582  0.66566E-006
   11583  0.70222E-006
   11584  0.73864E-006
   11585  0.77491E-006
   11586  0.81103E-006
   11587  0.84699E-006
   11588  0.88281E-006
   11589  0.91849E-006
   11590  0.95401E-006
   11591  0.98939E-006
   11592  0.10246E-005
   11593  0.10597E-005
   11594  0.10947E-005
   11595  0.11295E-005
   11596  0.11642E-005
   11597  0.11987E-005
   11598  0.12332E-005
   11599  0.12676E-005
   11600  0.12012E-006
   11601  0.15411E-006
   11602  0.20563E-006
   11603  0.26902E-006
   11604  0.33919E-006
   11605  0.41251E-006
   11606  0.48685E-006
   11607  0.56116E-006
   11608  0.63503E-006
   11609  0.70831E-006
   11610  0.78100E-006
   11611  0.85309E-006
   11612  0.92457E-006
   11613  0.99548E-006
   11614  0.10658E-005
   11615  0.11356E-005
   11616  0.12049E-005
   11617  0.82664E-007
   11618  0.91546E-007
   11619  0.10611E-006
   11620  0.12567E-006
   11621  0.14969E-006
   11622  0.17739E-006
   11623  0.20805E-006
   11624  0.24102E-006
   11625  0.27564E-006
   11626  0.31147E-006
   11627  0.34802E-006
   11628  0.38507E-006
   11629  0.42232E-006
   11630  0.45969E-006
   11631  0.49701E-006
   11632  0.53428E-006
   11633  0.57141E-006
   11634  0.60842E-006
   11635  0.64527E-006
   11636  0.68198E-006
   11637  0.71853E-006
   11638  0.75493E-006
   11639  0.79117E-006
   11640  0.82727E-006
   11641  0.86321E-006
   11642  0.89901E-006
   11643  0.93466E-006
   11644  0.97016E-006
   11645  0.10055E-005
   11646  0.10407E-005
   11647  0.10758E-005
   11648  0.11108E-005
   11649  0.11456E-005
   11650  0.11803E-005
   11651  0.12151E-005
   11652  0.67320E-007
   11653  0.10155E-006
   11654  0.15344E-006
   11655  0.21729E-006
   11656  0.28797E-006
   11657  0.36181E-006
   11658  0.43666E-006
   11659  0.51149E-006
   11660  0.58587E-006
   11661  0.65965E-006
   11662  0.73282E-006
   11663  0.80539E-006
   11664  0.87734E-006
   11665  0.94871E-006
   11666  0.10195E-005
   11667  0.10897E-005
   11668  0.11595E-005
   11669  0.38526E-007
   11670  0.47462E-007
   11671  0.62111E-007
   11672  0.81788E-007
   11673  0.10595E-006
   11674  0.13382E-006
   11675  0.16466E-006
   11676  0.19784E-006
   11677  0.23266E-006
   11678  0.26870E-006
   11679  0.30547E-006
   11680  0.34274E-006
   11681  0.38021E-006
   11682  0.41780E-006
   11683  0.45534E-006
   11684  0.49282E-006
   11685  0.53017E-006
   11686  0.56739E-006
   11687  0.60445E-006
   11688  0.64136E-006
   11689  0.67812E-006
   11690  0.71472E-006
   11691  0.75117E-006
   11692  0.78746E-006
   11693  0.82361E-006
   11694  0.85960E-006
   11695  0.89544E-006
   11696  0.93114E-006
   11697  0.96668E-006
   11698  0.10021E-005
   11699  0.10374E-005
   11700  0.10725E-005
   11701  0.11074E-005
   11702  0.11423E-005
   11703  0.11771E-005
   11704  0.31998E-007
   11705  0.66395E-007
   11706  0.11854E-006
   11707  0.18269E-006
   11708  0.25370E-006
   11709  0.32790E-006
   11710  0.40311E-006
   11711  0.47828E-006
   11712  0.55300E-006
   11713  0.62712E-006
   11714  0.70063E-006
   11715  0.77351E-006
   11716  0.84579E-006
   11717  0.91747E-006
   11718  0.98857E-006
   11719  0.10591E-005
   11720  0.11291E-005
   11721  0.11970E-007
   11722  0.20940E-007
   11723  0.35641E-007
   11724  0.55388E-007
   11725  0.79639E-007
   11726  0.10761E-006
   11727  0.13857E-006
   11728  0.17186E-006
   11729  0.20681E-006
   11730  0.24298E-006
   11731  0.27988E-006
   11732  0.31728E-006
   11733  0.35488E-006
   11734  0.39260E-006
   11735  0.43028E-006
   11736  0.46789E-006
   11737  0.50537E-006
   11738  0.54272E-006
   11739  0.57991E-006
   11740  0.61694E-006
   11741  0.65383E-006
   11742  0.69055E-006
   11743  0.72713E-006
   11744  0.76355E-006
   11745  0.79981E-006
   11746  0.83593E-006
   11747  0.87189E-006
   11748  0.90771E-006
   11749  0.94338E-006
   11750  0.97891E-006
   11751  0.10143E-005
   11752  0.10496E-005
   11753  0.10846E-005
   11754  0.11196E-005
   11755  0.11546E-005
   11756  0.14301E-007
   11757  0.48781E-007
   11758  0.10105E-006
   11759  0.16536E-006
   11760  0.23654E-006
   11761  0.31091E-006
   11762  0.38630E-006
   11763  0.46165E-006
   11764  0.53654E-006
   11765  0.61084E-006
   11766  0.68451E-006
   11767  0.75756E-006
   11768  0.83001E-006
   11769  0.90185E-006
   11770  0.97311E-006
   11771  0.10438E-005
   11772  0.11140E-005
