       1  0.14014E-008
      20  0.80312E-009
      21  0.80365E-009
      22  0.80528E-009
      23  0.80803E-009
      24  0.81186E-009
      25  0.81675E-009
      26  0.82269E-009
      27  0.82967E-009
      28  0.83766E-009
      29  0.84662E-009
      30  0.85653E-009
      31  0.86737E-009
      32  0.87909E-009
      33  0.89165E-009
      34  0.90503E-009
      35  0.91918E-009
      36  0.93405E-009
      37  0.94961E-009
      38  0.96580E-009
      39  0.98259E-009
      40  0.99993E-009
      41  0.10178E-008
      42  0.10361E-008
      43  0.10548E-008
      44  0.10740E-008
      45  0.10934E-008
      46  0.11132E-008
      47  0.11332E-008
      48  0.11534E-008
      49  0.11738E-008
      50  0.11944E-008
      51  0.12150E-008
      52  0.12358E-008
      53  0.12566E-008
      54  0.12774E-008
      55  0.12982E-008
      56  0.13190E-008
      57  0.13397E-008
      58  0.13604E-008
      59  0.13809E-008
     641   0.0000     
     659  0.12030E-008
     660  0.13895E-011
     661  0.55375E-011
     662  0.12431E-010
     663  0.22019E-010
     664  0.34255E-010
     665  0.49057E-010
     666  0.66351E-010
     667  0.86029E-010
     668  0.10799E-009
     669  0.13210E-009
     670  0.15825E-009
     671  0.18628E-009
     672  0.21607E-009
     673  0.24745E-009
     674  0.28028E-009
     675  0.31441E-009
     676  0.34968E-009
     677  0.38594E-009
     678  0.42305E-009
     679  0.46085E-009
     680  0.49920E-009
     681  0.53798E-009
     682  0.57706E-009
     683  0.61631E-009
     684  0.65561E-009
     685  0.69488E-009
     686  0.73401E-009
     687  0.77291E-009
     688  0.81151E-009
     689  0.84974E-009
     690  0.88754E-009
     691  0.92487E-009
     692  0.96167E-009
     693  0.99791E-009
     694  0.10336E-008
     695  0.10686E-008
     696  0.11031E-008
     697  0.11370E-008
     698  0.11702E-008
    2274  0.78045E-009
    2275  0.75739E-009
    2276  0.73393E-009
    2277  0.71008E-009
    2278  0.68580E-009
    2279  0.66110E-009
    2280  0.63598E-009
    2281  0.61044E-009
    2282  0.58447E-009
    2283  0.55811E-009
    2284  0.53134E-009
    2285  0.50421E-009
    2286  0.47673E-009
    2287  0.44896E-009
    2288  0.42094E-009
    2289  0.39274E-009
    2290  0.36442E-009
    2291  0.33610E-009
    2292  0.30785E-009
    2293  0.27984E-009
    2294  0.25216E-009
    2295  0.22499E-009
    2296  0.19849E-009
    2297  0.17285E-009
    2298  0.14824E-009
    2299  0.12487E-009
    2300  0.10294E-009
    2301  0.82645E-010
    2302  0.64192E-010
    2303  0.47756E-010
    2304  0.33530E-010
    2305  0.21647E-010
    2306  0.12270E-010
    2307  0.54770E-011
    2308  0.13826E-011
    2309  0.12031E-008
    2310  0.12038E-008
    2311  0.12049E-008
    2312  0.12064E-008
    2313  0.12084E-008
    2314  0.12107E-008
    2315  0.12135E-008
    2316  0.12167E-008
    2317  0.12202E-008
    2318  0.12241E-008
    2319  0.12283E-008
    2320  0.12329E-008
    2321  0.12377E-008
    2322  0.12429E-008
    2323  0.12483E-008
    2324  0.12540E-008
    2325  0.12599E-008
    2326  0.12661E-008
    2327  0.12724E-008
    2328  0.12790E-008
    2329  0.12857E-008
    2330  0.12926E-008
    2331  0.12997E-008
    2332  0.13069E-008
    2333  0.13142E-008
    2334  0.13216E-008
    2335  0.13292E-008
    2336  0.13369E-008
    2337  0.13447E-008
    2338  0.13526E-008
    2339  0.13605E-008
    2340  0.13686E-008
    2341  0.13767E-008
    2342  0.13849E-008
    2343  0.13931E-008
    2344  0.11712E-008
    2345  0.11741E-008
    2346  0.11788E-008
    2347  0.11853E-008
    2348  0.11933E-008
    2349  0.12028E-008
    2350  0.12137E-008
    2351  0.12256E-008
    2352  0.12385E-008
    2353  0.12523E-008
    2354  0.12668E-008
    2355  0.12819E-008
    2356  0.12975E-008
    2357  0.13135E-008
    2358  0.13300E-008
    2359  0.13467E-008
    2360  0.13637E-008
    2361  0.11372E-008
    2362  0.11380E-008
    2363  0.11393E-008
    2364  0.11411E-008
    2365  0.11435E-008
    2366  0.11463E-008
    2367  0.11496E-008
    2368  0.11533E-008
    2369  0.11575E-008
    2370  0.11620E-008
    2371  0.11670E-008
    2372  0.11723E-008
    2373  0.11780E-008
    2374  0.11839E-008
    2375  0.11902E-008
    2376  0.11968E-008
    2377  0.12035E-008
    2378  0.12106E-008
    2379  0.12178E-008
    2380  0.12252E-008
    2381  0.12328E-008
    2382  0.12406E-008
    2383  0.12485E-008
    2384  0.12566E-008
    2385  0.12647E-008
    2386  0.12730E-008
    2387  0.12814E-008
    2388  0.12899E-008
    2389  0.12985E-008
    2390  0.13072E-008
    2391  0.13159E-008
    2392  0.13247E-008
    2393  0.13335E-008
    2394  0.13424E-008
    2395  0.13514E-008
    2396  0.11043E-008
    2397  0.11076E-008
    2398  0.11132E-008
    2399  0.11208E-008
    2400  0.11302E-008
    2401  0.11413E-008
    2402  0.11538E-008
    2403  0.11675E-008
    2404  0.11822E-008
    2405  0.11978E-008
    2406  0.12141E-008
    2407  0.12310E-008
    2408  0.12483E-008
    2409  0.12661E-008
    2410  0.12842E-008
    2411  0.13025E-008
    2412  0.13210E-008
    2413  0.10690E-008
    2414  0.10699E-008
    2415  0.10714E-008
    2416  0.10736E-008
    2417  0.10763E-008
    2418  0.10796E-008
    2419  0.10834E-008
    2420  0.10877E-008
    2421  0.10926E-008
    2422  0.10979E-008
    2423  0.11036E-008
    2424  0.11098E-008
    2425  0.11163E-008
    2426  0.11231E-008
    2427  0.11303E-008
    2428  0.11378E-008
    2429  0.11455E-008
    2430  0.11535E-008
    2431  0.11617E-008
    2432  0.11700E-008
    2433  0.11786E-008
    2434  0.11873E-008
    2435  0.11962E-008
    2436  0.12051E-008
    2437  0.12142E-008
    2438  0.12234E-008
    2439  0.12327E-008
    2440  0.12421E-008
    2441  0.12515E-008
    2442  0.12610E-008
    2443  0.12706E-008
    2444  0.12802E-008
    2445  0.12898E-008
    2446  0.12995E-008
    2447  0.13092E-008
    2448  0.10349E-008
    2449  0.10389E-008
    2450  0.10453E-008
    2451  0.10541E-008
    2452  0.10650E-008
    2453  0.10778E-008
    2454  0.10921E-008
    2455  0.11077E-008
    2456  0.11244E-008
    2457  0.11420E-008
    2458  0.11602E-008
    2459  0.11791E-008
    2460  0.11983E-008
    2461  0.12179E-008
    2462  0.12377E-008
    2463  0.12578E-008
    2464  0.12779E-008
    2465  0.99827E-009
    2466  0.99935E-009
    2467  0.10011E-008
    2468  0.10036E-008
    2469  0.10068E-008
    2470  0.10106E-008
    2471  0.10150E-008
    2472  0.10200E-008
    2473  0.10256E-008
    2474  0.10317E-008
    2475  0.10383E-008
    2476  0.10453E-008
    2477  0.10527E-008
    2478  0.10606E-008
    2479  0.10687E-008
    2480  0.10772E-008
    2481  0.10860E-008
    2482  0.10950E-008
    2483  0.11042E-008
    2484  0.11136E-008
    2485  0.11232E-008
    2486  0.11329E-008
    2487  0.11428E-008
    2488  0.11528E-008
    2489  0.11629E-008
    2490  0.11730E-008
    2491  0.11833E-008
    2492  0.11936E-008
    2493  0.12039E-008
    2494  0.12144E-008
    2495  0.12248E-008
    2496  0.12353E-008
    2497  0.12458E-008
    2498  0.12563E-008
    2499  0.12668E-008
    2500  0.96321E-009
    2501  0.96778E-009
    2502  0.97523E-009
    2503  0.98535E-009
    2504  0.99785E-009
    2505  0.10124E-008
    2506  0.10287E-008
    2507  0.10464E-008
    2508  0.10653E-008
    2509  0.10850E-008
    2510  0.11054E-008
    2511  0.11263E-008
    2512  0.11476E-008
    2513  0.11692E-008
    2514  0.11909E-008
    2515  0.12127E-008
    2516  0.12346E-008
    2517  0.92528E-009
    2518  0.92652E-009
    2519  0.92857E-009
    2520  0.93142E-009
    2521  0.93504E-009
    2522  0.93940E-009
    2523  0.94448E-009
    2524  0.95023E-009
    2525  0.95661E-009
    2526  0.96358E-009
    2527  0.97110E-009
    2528  0.97911E-009
    2529  0.98758E-009
    2530  0.99646E-009
    2531  0.10057E-008
    2532  0.10153E-008
    2533  0.10252E-008
    2534  0.10353E-008
    2535  0.10456E-008
    2536  0.10562E-008
    2537  0.10669E-008
    2538  0.10777E-008
    2539  0.10887E-008
    2540  0.10997E-008
    2541  0.11109E-008
    2542  0.11221E-008
    2543  0.11333E-008
    2544  0.11447E-008
    2545  0.11560E-008
    2546  0.11674E-008
    2547  0.11788E-008
    2548  0.11902E-008
    2549  0.12016E-008
    2550  0.12130E-008
    2551  0.12244E-008
    2552  0.88931E-009
    2553  0.89455E-009
    2554  0.90309E-009
    2555  0.91466E-009
    2556  0.92891E-009
    2557  0.94545E-009
    2558  0.96391E-009
    2559  0.98389E-009
    2560  0.10051E-008
    2561  0.10271E-008
    2562  0.10498E-008
    2563  0.10730E-008
    2564  0.10965E-008
    2565  0.11201E-008
    2566  0.11438E-008
    2567  0.11676E-008
    2568  0.11913E-008
    2569  0.85022E-009
    2570  0.85163E-009
    2571  0.85398E-009
    2572  0.85723E-009
    2573  0.86137E-009
    2574  0.86635E-009
    2575  0.87214E-009
    2576  0.87869E-009
    2577  0.88595E-009
    2578  0.89387E-009
    2579  0.90239E-009
    2580  0.91147E-009
    2581  0.92105E-009
    2582  0.93107E-009
    2583  0.94149E-009
    2584  0.95225E-009
    2585  0.96332E-009
    2586  0.97465E-009
    2587  0.98620E-009
    2588  0.99794E-009
    2589  0.10098E-008
    2590  0.10219E-008
    2591  0.10340E-008
    2592  0.10462E-008
    2593  0.10585E-008
    2594  0.10708E-008
    2595  0.10832E-008
    2596  0.10955E-008
    2597  0.11079E-008
    2598  0.11203E-008
    2599  0.11327E-008
    2600  0.11451E-008
    2601  0.11574E-008
    2602  0.11698E-008
    2603  0.11821E-008
    2604  0.81353E-009
    2605  0.81950E-009
    2606  0.82922E-009
    2607  0.84236E-009
    2608  0.85851E-009
    2609  0.87722E-009
    2610  0.89800E-009
    2611  0.92043E-009
    2612  0.94410E-009
    2613  0.96866E-009
    2614  0.99383E-009
    2615  0.10194E-008
    2616  0.10452E-008
    2617  0.10710E-008
    2618  0.10969E-008
    2619  0.11226E-008
    2620  0.11483E-008
    2621  0.77345E-009
    2622  0.77506E-009
    2623  0.77773E-009
    2624  0.78142E-009
    2625  0.78612E-009
    2626  0.79177E-009
    2627  0.79833E-009
    2628  0.80574E-009
    2629  0.81395E-009
    2630  0.82290E-009
    2631  0.83252E-009
    2632  0.84274E-009
    2633  0.85351E-009
    2634  0.86476E-009
    2635  0.87644E-009
    2636  0.88848E-009
    2637  0.90083E-009
    2638  0.91345E-009
    2639  0.92630E-009
    2640  0.93932E-009
    2641  0.95249E-009
    2642  0.96578E-009
    2643  0.97915E-009
    2644  0.99258E-009
    2645  0.10061E-008
    2646  0.10196E-008
    2647  0.10331E-008
    2648  0.10466E-008
    2649  0.10600E-008
    2650  0.10735E-008
    2651  0.10869E-008
    2652  0.11003E-008
    2653  0.11137E-008
    2654  0.11270E-008
    2655  0.11402E-008
    2656  0.73629E-009
    2657  0.74305E-009
    2658  0.75405E-009
    2659  0.76889E-009
    2660  0.78709E-009
    2661  0.80811E-009
    2662  0.83140E-009
    2663  0.85645E-009
    2664  0.88277E-009
    2665  0.90999E-009
    2666  0.93776E-009
    2667  0.96584E-009
    2668  0.99404E-009
    2669  0.10222E-008
    2670  0.10503E-008
    2671  0.10782E-008
    2672  0.11058E-008
    2673  0.69549E-009
    2674  0.69730E-009
    2675  0.70032E-009
    2676  0.70448E-009
    2677  0.70978E-009
    2678  0.71615E-009
    2679  0.72354E-009
    2680  0.73188E-009
    2681  0.74111E-009
    2682  0.75116E-009
    2683  0.76194E-009
    2684  0.77339E-009
    2685  0.78543E-009
    2686  0.79799E-009
    2687  0.81101E-009
    2688  0.82440E-009
    2689  0.83813E-009
    2690  0.85212E-009
    2691  0.86633E-009
    2692  0.88071E-009
    2693  0.89522E-009
    2694  0.90983E-009
    2695  0.92451E-009
    2696  0.93922E-009
    2697  0.95395E-009
    2698  0.96867E-009
    2699  0.98337E-009
    2700  0.99804E-009
    2701  0.10127E-008
    2702  0.10272E-008
    2703  0.10417E-008
    2704  0.10562E-008
    2705  0.10705E-008
    2706  0.10848E-008
    2707  0.10990E-008
    2708  0.65818E-009
    2709  0.66579E-009
    2710  0.67815E-009
    2711  0.69480E-009
    2712  0.71518E-009
    2713  0.73866E-009
    2714  0.76461E-009
    2715  0.79242E-009
    2716  0.82155E-009
    2717  0.85155E-009
    2718  0.88205E-009
    2719  0.91277E-009
    2720  0.94349E-009
    2721  0.97408E-009
    2722  0.10044E-008
    2723  0.10344E-008
    2724  0.10641E-008
    2725  0.61699E-009
    2726  0.61902E-009
    2727  0.62240E-009
    2728  0.62707E-009
    2729  0.63301E-009
    2730  0.64014E-009
    2731  0.64840E-009
    2732  0.65773E-009
    2733  0.66804E-009
    2734  0.67924E-009
    2735  0.69126E-009
    2736  0.70400E-009
    2737  0.71739E-009
    2738  0.73133E-009
    2739  0.74574E-009
    2740  0.76057E-009
    2741  0.77572E-009
    2742  0.79115E-009
    2743  0.80678E-009
    2744  0.82258E-009
    2745  0.83849E-009
    2746  0.85448E-009
    2747  0.87051E-009
    2748  0.88655E-009
    2749  0.90258E-009
    2750  0.91857E-009
    2751  0.93450E-009
    2752  0.95038E-009
    2753  0.96617E-009
    2754  0.98187E-009
    2755  0.99748E-009
    2756  0.10130E-008
    2757  0.10284E-008
    2758  0.10437E-008
    2759  0.10589E-008
    2760  0.57993E-009
    2761  0.58843E-009
    2762  0.60221E-009
    2763  0.62077E-009
    2764  0.64344E-009
    2765  0.66950E-009
    2766  0.69823E-009
    2767  0.72893E-009
    2768  0.76098E-009
    2769  0.79387E-009
    2770  0.82719E-009
    2771  0.86063E-009
    2772  0.89395E-009
    2773  0.92699E-009
    2774  0.95966E-009
    2775  0.99188E-009
    2776  0.10236E-008
    2777  0.53875E-009
    2778  0.54101E-009
    2779  0.54477E-009
    2780  0.54997E-009
    2781  0.55657E-009
    2782  0.56449E-009
    2783  0.57368E-009
    2784  0.58403E-009
    2785  0.59546E-009
    2786  0.60787E-009
    2787  0.62117E-009
    2788  0.63526E-009
    2789  0.65004E-009
    2790  0.66541E-009
    2791  0.68128E-009
    2792  0.69758E-009
    2793  0.71422E-009
    2794  0.73113E-009
    2795  0.74824E-009
    2796  0.76549E-009
    2797  0.78285E-009
    2798  0.80025E-009
    2799  0.81766E-009
    2800  0.83506E-009
    2801  0.85241E-009
    2802  0.86970E-009
    2803  0.88689E-009
    2804  0.90398E-009
    2805  0.92096E-009
    2806  0.93782E-009
    2807  0.95454E-009
    2808  0.97114E-009
    2809  0.98759E-009
    2810  0.10039E-008
    2811  0.10201E-008
    2812  0.50239E-009
    2813  0.51181E-009
    2814  0.52708E-009
    2815  0.54761E-009
    2816  0.57264E-009
    2817  0.60137E-009
    2818  0.63296E-009
    2819  0.66663E-009
    2820  0.70167E-009
    2821  0.73753E-009
    2822  0.77373E-009
    2823  0.80992E-009
    2824  0.84587E-009
    2825  0.88140E-009
    2826  0.91641E-009
    2827  0.95083E-009
    2828  0.98462E-009
    2829  0.46169E-009
    2830  0.46419E-009
    2831  0.46834E-009
    2832  0.47408E-009
    2833  0.48136E-009
    2834  0.49010E-009
    2835  0.50023E-009
    2836  0.51163E-009
    2837  0.52422E-009
    2838  0.53787E-009
    2839  0.55249E-009
    2840  0.56795E-009
    2841  0.58415E-009
    2842  0.60099E-009
    2843  0.61835E-009
    2844  0.63615E-009
    2845  0.65429E-009
    2846  0.67271E-009
    2847  0.69131E-009
    2848  0.71005E-009
    2849  0.72886E-009
    2850  0.74770E-009
    2851  0.76651E-009
    2852  0.78528E-009
    2853  0.80396E-009
    2854  0.82254E-009
    2855  0.84100E-009
    2856  0.85932E-009
    2857  0.87748E-009
    2858  0.89549E-009
    2859  0.91333E-009
    2860  0.93100E-009
    2861  0.94849E-009
    2862  0.96581E-009
    2863  0.98296E-009
    2864  0.42655E-009
    2865  0.43691E-009
    2866  0.45369E-009
    2867  0.47622E-009
    2868  0.50367E-009
    2869  0.53510E-009
    2870  0.56959E-009
    2871  0.60625E-009
    2872  0.64432E-009
    2873  0.68315E-009
    2874  0.72224E-009
    2875  0.76120E-009
    2876  0.79977E-009
    2877  0.83778E-009
    2878  0.87511E-009
    2879  0.91170E-009
    2880  0.94753E-009
    2881  0.38687E-009
    2882  0.38961E-009
    2883  0.39415E-009
    2884  0.40044E-009
    2885  0.40841E-009
    2886  0.41797E-009
    2887  0.42905E-009
    2888  0.44151E-009
    2889  0.45526E-009
    2890  0.47016E-009
    2891  0.48609E-009
    2892  0.50294E-009
    2893  0.52057E-009
    2894  0.53888E-009
    2895  0.55773E-009
    2896  0.57704E-009
    2897  0.59669E-009
    2898  0.61661E-009
    2899  0.63670E-009
    2900  0.65692E-009
    2901  0.67718E-009
    2902  0.69743E-009
    2903  0.71764E-009
    2904  0.73776E-009
    2905  0.75777E-009
    2906  0.77763E-009
    2907  0.79733E-009
    2908  0.81685E-009
    2909  0.83619E-009
    2910  0.85532E-009
    2911  0.87426E-009
    2912  0.89298E-009
    2913  0.91150E-009
    2914  0.92981E-009
    2915  0.94791E-009
    2916  0.35350E-009
    2917  0.36480E-009
    2918  0.38309E-009
    2919  0.40762E-009
    2920  0.43747E-009
    2921  0.47159E-009
    2922  0.50896E-009
    2923  0.54860E-009
    2924  0.58966E-009
    2925  0.63143E-009
    2926  0.67336E-009
    2927  0.71504E-009
    2928  0.75618E-009
    2929  0.79661E-009
    2930  0.83620E-009
    2931  0.87490E-009
    2932  0.91270E-009
    2933  0.31541E-009
    2934  0.31839E-009
    2935  0.32333E-009
    2936  0.33015E-009
    2937  0.33880E-009
    2938  0.34918E-009
    2939  0.36119E-009
    2940  0.37470E-009
    2941  0.38959E-009
    2942  0.40572E-009
    2943  0.42296E-009
    2944  0.44117E-009
    2945  0.46021E-009
    2946  0.47995E-009
    2947  0.50027E-009
    2948  0.52105E-009
    2949  0.54218E-009
    2950  0.56358E-009
    2951  0.58513E-009
    2952  0.60679E-009
    2953  0.62846E-009
    2954  0.65010E-009
    2955  0.67166E-009
    2956  0.69311E-009
    2957  0.71439E-009
    2958  0.73550E-009
    2959  0.75641E-009
    2960  0.77710E-009
    2961  0.79756E-009
    2962  0.81779E-009
    2963  0.83777E-009
    2964  0.85751E-009
    2965  0.87701E-009
    2966  0.89626E-009
    2967  0.91527E-009
    2968  0.28442E-009
    2969  0.29663E-009
    2970  0.31639E-009
    2971  0.34288E-009
    2972  0.37505E-009
    2973  0.41180E-009
    2974  0.45197E-009
    2975  0.49450E-009
    2976  0.53845E-009
    2977  0.58307E-009
    2978  0.62774E-009
    2979  0.67204E-009
    2980  0.71565E-009
    2981  0.75839E-009
    2982  0.80014E-009
    2983  0.84086E-009
    2984  0.88053E-009
    2985  0.24853E-009
    2986  0.25173E-009
    2987  0.25705E-009
    2988  0.26439E-009
    2989  0.27370E-009
    2990  0.28486E-009
    2991  0.29777E-009
    2992  0.31229E-009
    2993  0.32828E-009
    2994  0.34560E-009
    2995  0.36409E-009
    2996  0.38360E-009
    2997  0.40399E-009
    2998  0.42512E-009
    2999  0.44684E-009
    3000  0.46904E-009
    3001  0.49159E-009
    3002  0.51439E-009
    3003  0.53734E-009
    3004  0.56037E-009
    3005  0.58339E-009
    3006  0.60636E-009
    3007  0.62921E-009
    3008  0.65191E-009
    3009  0.67441E-009
    3010  0.69670E-009
    3011  0.71875E-009
    3012  0.74054E-009
    3013  0.76207E-009
    3014  0.78333E-009
    3015  0.80430E-009
    3016  0.82500E-009
    3017  0.84542E-009
    3018  0.86556E-009
    3019  0.88543E-009
    3020  0.22050E-009
    3021  0.23358E-009
    3022  0.25474E-009
    3023  0.28308E-009
    3024  0.31748E-009
    3025  0.35670E-009
    3026  0.39953E-009
    3027  0.44479E-009
    3028  0.49148E-009
    3029  0.53878E-009
    3030  0.58604E-009
    3031  0.63279E-009
    3032  0.67871E-009
    3033  0.72362E-009
    3034  0.76739E-009
    3035  0.80998E-009
    3036  0.85140E-009
    3037  0.18744E-009
    3038  0.19085E-009
    3039  0.19652E-009
    3040  0.20435E-009
    3041  0.21428E-009
    3042  0.22617E-009
    3043  0.23992E-009
    3044  0.25538E-009
    3045  0.27241E-009
    3046  0.29083E-009
    3047  0.31049E-009
    3048  0.33122E-009
    3049  0.35288E-009
    3050  0.37530E-009
    3051  0.39833E-009
    3052  0.42184E-009
    3053  0.44571E-009
    3054  0.46982E-009
    3055  0.49407E-009
    3056  0.51838E-009
    3057  0.54266E-009
    3058  0.56685E-009
    3059  0.59089E-009
    3060  0.61475E-009
    3061  0.63838E-009
    3062  0.66176E-009
    3063  0.68486E-009
    3064  0.70768E-009
    3065  0.73019E-009
    3066  0.75239E-009
    3067  0.77428E-009
    3068  0.79586E-009
    3069  0.81712E-009
    3070  0.83808E-009
    3071  0.85873E-009
    3072  0.16295E-009
    3073  0.17684E-009
    3074  0.19929E-009
    3075  0.22933E-009
    3076  0.26577E-009
    3077  0.30728E-009
    3078  0.35254E-009
    3079  0.40031E-009
    3080  0.44951E-009
    3081  0.49926E-009
    3082  0.54888E-009
    3083  0.59787E-009
    3084  0.64590E-009
    3085  0.69277E-009
    3086  0.73837E-009
    3087  0.78267E-009
    3088  0.82565E-009
    3089  0.13332E-009
    3090  0.13693E-009
    3091  0.14292E-009
    3092  0.15119E-009
    3093  0.16167E-009
    3094  0.17423E-009
    3095  0.18875E-009
    3096  0.20506E-009
    3097  0.22301E-009
    3098  0.24243E-009
    3099  0.26315E-009
    3100  0.28499E-009
    3101  0.30778E-009
    3102  0.33136E-009
    3103  0.35557E-009
    3104  0.38028E-009
    3105  0.40533E-009
    3106  0.43063E-009
    3107  0.45604E-009
    3108  0.48150E-009
    3109  0.50690E-009
    3110  0.53219E-009
    3111  0.55731E-009
    3112  0.58221E-009
    3113  0.60684E-009
    3114  0.63120E-009
    3115  0.65524E-009
    3116  0.67896E-009
    3117  0.70235E-009
    3118  0.72540E-009
    3119  0.74810E-009
    3120  0.77046E-009
    3121  0.79248E-009
    3122  0.81416E-009
    3123  0.83551E-009
    3124  0.11293E-009
    3125  0.12753E-009
    3126  0.15112E-009
    3127  0.18268E-009
    3128  0.22092E-009
    3129  0.26446E-009
    3130  0.31187E-009
    3131  0.36185E-009
    3132  0.41326E-009
    3133  0.46518E-009
    3134  0.51687E-009
    3135  0.56783E-009
    3136  0.61771E-009
    3137  0.66630E-009
    3138  0.71350E-009
    3139  0.75928E-009
    3140  0.80363E-009
    3141  0.87303E-010
    3142  0.91079E-010
    3143  0.97344E-010
    3144  0.10599E-009
    3145  0.11696E-009
    3146  0.13009E-009
    3147  0.14527E-009
    3148  0.16231E-009
    3149  0.18107E-009
    3150  0.20136E-009
    3151  0.22299E-009
    3152  0.24578E-009
    3153  0.26956E-009
    3154  0.29415E-009
    3155  0.31938E-009
    3156  0.34511E-009
    3157  0.37118E-009
    3158  0.39750E-009
    3159  0.42391E-009
    3160  0.45036E-009
    3161  0.47673E-009
    3162  0.50297E-009
    3163  0.52900E-009
    3164  0.55479E-009
    3165  0.58029E-009
    3166  0.60548E-009
    3167  0.63033E-009
    3168  0.65483E-009
    3169  0.67897E-009
    3170  0.70274E-009
    3171  0.72613E-009
    3172  0.74916E-009
    3173  0.77182E-009
    3174  0.79412E-009
    3175  0.81606E-009
    3176  0.71498E-010
    3177  0.86697E-010
    3178  0.11125E-009
    3179  0.14408E-009
    3180  0.18384E-009
    3181  0.22907E-009
    3182  0.27829E-009
    3183  0.33013E-009
    3184  0.38340E-009
    3185  0.43712E-009
    3186  0.49055E-009
    3187  0.54315E-009
    3188  0.59457E-009
    3189  0.64460E-009
    3190  0.69313E-009
    3191  0.74014E-009
    3192  0.78564E-009
    3193  0.50378E-010
    3194  0.54289E-010
    3195  0.60779E-010
    3196  0.69739E-010
    3197  0.81095E-010
    3198  0.94694E-010
    3199  0.11041E-009
    3200  0.12805E-009
    3201  0.14747E-009
    3202  0.16846E-009
    3203  0.19083E-009
    3204  0.21440E-009
    3205  0.23897E-009
    3206  0.26437E-009
    3207  0.29043E-009
    3208  0.31699E-009
    3209  0.34390E-009
    3210  0.37104E-009
    3211  0.39827E-009
    3212  0.42551E-009
    3213  0.45267E-009
    3214  0.47967E-009
    3215  0.50644E-009
    3216  0.53296E-009
    3217  0.55916E-009
    3218  0.58502E-009
    3219  0.61052E-009
    3220  0.63565E-009
    3221  0.66039E-009
    3222  0.68474E-009
    3223  0.70869E-009
    3224  0.73225E-009
    3225  0.75543E-009
    3226  0.77822E-009
    3227  0.80064E-009
    3228  0.39560E-010
    3229  0.55226E-010
    3230  0.80527E-010
    3231  0.11435E-009
    3232  0.15529E-009
    3233  0.20185E-009
    3234  0.25248E-009
    3235  0.30576E-009
    3236  0.36047E-009
    3237  0.41560E-009
    3238  0.47038E-009
    3239  0.52426E-009
    3240  0.57687E-009
    3241  0.62801E-009
    3242  0.67758E-009
    3243  0.72553E-009
    3244  0.77191E-009
    3245  0.23373E-010
    3246  0.27385E-010
    3247  0.34042E-010
    3248  0.43231E-010
    3249  0.54876E-010
    3250  0.68820E-010
    3251  0.84930E-010
    3252  0.10302E-009
    3253  0.12292E-009
    3254  0.14442E-009
    3255  0.16734E-009
    3256  0.19148E-009
    3257  0.21664E-009
    3258  0.24265E-009
    3259  0.26932E-009
    3260  0.29649E-009
    3261  0.32401E-009
    3262  0.35175E-009
    3263  0.37959E-009
    3264  0.40742E-009
    3265  0.43515E-009
    3266  0.46272E-009
    3267  0.49004E-009
    3268  0.51708E-009
    3269  0.54379E-009
    3270  0.57015E-009
    3271  0.59613E-009
    3272  0.62172E-009
    3273  0.64690E-009
    3274  0.67168E-009
    3275  0.69604E-009
    3276  0.72000E-009
    3277  0.74355E-009
    3278  0.76671E-009
    3279  0.78948E-009
    3280  0.17846E-010
    3281  0.33832E-010
    3282  0.59647E-010
    3283  0.94146E-010
    3284  0.13591E-009
    3285  0.18337E-009
    3286  0.23496E-009
    3287  0.28923E-009
    3288  0.34493E-009
    3289  0.40102E-009
    3290  0.45672E-009
    3291  0.51147E-009
    3292  0.56490E-009
    3293  0.61680E-009
    3294  0.66706E-009
    3295  0.71567E-009
    3296  0.76264E-009
    3297  0.69130E-011
    3298  0.10987E-010
    3299  0.17745E-010
    3300  0.27075E-010
    3301  0.38898E-010
    3302  0.53053E-010
    3303  0.69407E-010
    3304  0.87768E-010
    3305  0.10796E-009
    3306  0.12979E-009
    3307  0.15304E-009
    3308  0.17753E-009
    3309  0.20305E-009
    3310  0.22943E-009
    3311  0.25647E-009
    3312  0.28402E-009
    3313  0.31191E-009
    3314  0.34003E-009
    3315  0.36823E-009
    3316  0.39643E-009
    3317  0.42451E-009
    3318  0.45242E-009
    3319  0.48007E-009
    3320  0.50744E-009
    3321  0.53447E-009
    3322  0.56113E-009
    3323  0.58740E-009
    3324  0.61327E-009
    3325  0.63872E-009
    3326  0.66376E-009
    3327  0.68837E-009
    3328  0.71257E-009
    3329  0.73635E-009
    3330  0.75972E-009
    3331  0.78270E-009
    3332  0.68595E-011
    3333  0.23009E-010
    3334  0.49085E-010
    3335  0.83930E-010
    3336  0.12610E-009
    3337  0.17402E-009
    3338  0.22611E-009
    3339  0.28088E-009
    3340  0.33708E-009
    3341  0.39366E-009
    3342  0.44983E-009
    3343  0.50502E-009
    3344  0.55886E-009
    3345  0.61115E-009
    3346  0.66177E-009
    3347  0.71070E-009
    3348  0.75797E-009
