       1  0.34107E-006
      38  0.21131E-006
      39  0.21137E-006
      40  0.21154E-006
      41  0.21184E-006
      42  0.21225E-006
      43  0.21277E-006
      44  0.21340E-006
      45  0.21415E-006
      46  0.21500E-006
      47  0.21595E-006
      48  0.21701E-006
      49  0.21816E-006
      50  0.21941E-006
      51  0.22074E-006
      52  0.22216E-006
      53  0.22367E-006
      54  0.22524E-006
      55  0.22689E-006
      56  0.22861E-006
      57  0.23039E-006
      58  0.23222E-006
      59  0.23411E-006
      60  0.23605E-006
      61  0.23803E-006
      62  0.24006E-006
      63  0.24212E-006
      64  0.24421E-006
      65  0.24634E-006
      66  0.24849E-006
      67  0.25066E-006
      68  0.25285E-006
      69  0.25505E-006
      70  0.25727E-006
      71  0.25950E-006
      72  0.26174E-006
      73  0.26398E-006
      74  0.26623E-006
      75  0.26848E-006
      76  0.27073E-006
      77  0.27298E-006
      78  0.27522E-006
      79  0.27746E-006
      80  0.27969E-006
      81  0.28192E-006
      82  0.28414E-006
      83  0.28635E-006
      84  0.28855E-006
      85  0.29074E-006
      86  0.29291E-006
      87  0.29508E-006
      88  0.29723E-006
      89  0.29937E-006
      90  0.30150E-006
      91  0.30362E-006
      92  0.30572E-006
      93  0.30780E-006
      94  0.30987E-006
      95  0.31193E-006
      96  0.31397E-006
      97  0.31600E-006
      98  0.31802E-006
      99  0.32002E-006
     100  0.32200E-006
     101  0.32397E-006
     102  0.32593E-006
     103  0.32787E-006
     104  0.32980E-006
     105  0.33171E-006
     106  0.33361E-006
     107  0.33549E-006
     108  0.33737E-006
     109  0.33922E-006
    2127   0.0000     
    2163  0.32720E-006
    2164  0.48366E-009
    2165  0.19200E-008
    2166  0.42928E-008
    2167  0.75583E-008
    2168  0.11672E-007
    2169  0.16566E-007
    2170  0.22173E-007
    2171  0.28410E-007
    2172  0.35197E-007
    2173  0.42444E-007
    2174  0.50064E-007
    2175  0.57973E-007
    2176  0.66087E-007
    2177  0.74331E-007
    2178  0.82632E-007
    2179  0.90929E-007
    2180  0.99164E-007
    2181  0.10729E-006
    2182  0.11527E-006
    2183  0.12308E-006
    2184  0.13068E-006
    2185  0.13806E-006
    2186  0.14521E-006
    2187  0.15212E-006
    2188  0.15879E-006
    2189  0.16523E-006
    2190  0.17143E-006
    2191  0.17740E-006
    2192  0.18316E-006
    2193  0.18871E-006
    2194  0.19406E-006
    2195  0.19922E-006
    2196  0.20421E-006
    2197  0.20902E-006
    2198  0.21369E-006
    2199  0.21820E-006
    2200  0.22258E-006
    2201  0.22682E-006
    2202  0.23095E-006
    2203  0.23496E-006
    2204  0.23886E-006
    2205  0.24266E-006
    2206  0.24636E-006
    2207  0.24997E-006
    2208  0.25350E-006
    2209  0.25694E-006
    2210  0.26031E-006
    2211  0.26360E-006
    2212  0.26683E-006
    2213  0.26999E-006
    2214  0.27308E-006
    2215  0.27611E-006
    2216  0.27909E-006
    2217  0.28201E-006
    2218  0.28488E-006
    2219  0.28769E-006
    2220  0.29046E-006
    2221  0.29318E-006
    2222  0.29585E-006
    2223  0.29849E-006
    2224  0.30108E-006
    2225  0.30363E-006
    2226  0.30614E-006
    2227  0.30861E-006
    2228  0.31105E-006
    2229  0.31345E-006
    2230  0.31582E-006
    2231  0.31816E-006
    2232  0.32046E-006
    2233  0.32274E-006
    2234  0.32498E-006
    7994  0.20940E-006
    7995  0.20747E-006
    7996  0.20552E-006
    7997  0.20354E-006
    7998  0.20154E-006
    7999  0.19951E-006
    8000  0.19745E-006
    8001  0.19537E-006
    8002  0.19326E-006
    8003  0.19112E-006
    8004  0.18895E-006
    8005  0.18675E-006
    8006  0.18452E-006
    8007  0.18226E-006
    8008  0.17996E-006
    8009  0.17763E-006
    8010  0.17527E-006
    8011  0.17287E-006
    8012  0.17043E-006
    8013  0.16796E-006
    8014  0.16544E-006
    8015  0.16289E-006
    8016  0.16030E-006
    8017  0.15766E-006
    8018  0.15498E-006
    8019  0.15226E-006
    8020  0.14949E-006
    8021  0.14667E-006
    8022  0.14380E-006
    8023  0.14088E-006
    8024  0.13791E-006
    8025  0.13488E-006
    8026  0.13180E-006
    8027  0.12866E-006
    8028  0.12546E-006
    8029  0.12219E-006
    8030  0.11887E-006
    8031  0.11548E-006
    8032  0.11202E-006
    8033  0.10849E-006
    8034  0.10490E-006
    8035  0.10123E-006
    8036  0.97489E-007
    8037  0.93676E-007
    8038  0.89791E-007
    8039  0.85834E-007
    8040  0.81808E-007
    8041  0.77715E-007
    8042  0.73560E-007
    8043  0.69350E-007
    8044  0.65090E-007
    8045  0.60793E-007
    8046  0.56467E-007
    8047  0.52130E-007
    8048  0.47796E-007
    8049  0.43487E-007
    8050  0.39221E-007
    8051  0.35026E-007
    8052  0.30925E-007
    8053  0.26950E-007
    8054  0.23130E-007
    8055  0.19497E-007
    8056  0.16082E-007
    8057  0.12919E-007
    8058  0.10039E-007
    8059  0.74720E-008
    8060  0.52478E-008
    8061  0.33891E-008
    8062  0.19213E-008
    8063  0.85785E-009
    8064  0.21641E-009
    8065  0.32720E-006
    8066  0.32721E-006
    8067  0.32722E-006
    8068  0.32725E-006
    8069  0.32727E-006
    8070  0.32730E-006
    8071  0.32734E-006
    8072  0.32739E-006
    8073  0.32744E-006
    8074  0.32749E-006
    8075  0.32756E-006
    8076  0.32762E-006
    8077  0.32770E-006
    8078  0.32778E-006
    8079  0.32786E-006
    8080  0.32795E-006
    8081  0.32805E-006
    8082  0.32815E-006
    8083  0.32826E-006
    8084  0.32837E-006
    8085  0.32849E-006
    8086  0.32862E-006
    8087  0.32875E-006
    8088  0.32888E-006
    8089  0.32903E-006
    8090  0.32917E-006
    8091  0.32932E-006
    8092  0.32948E-006
    8093  0.32965E-006
    8094  0.32981E-006
    8095  0.32999E-006
    8096  0.33017E-006
    8097  0.33035E-006
    8098  0.33054E-006
    8099  0.33073E-006
    8100  0.33093E-006
    8101  0.33114E-006
    8102  0.33135E-006
    8103  0.33156E-006
    8104  0.33178E-006
    8105  0.33201E-006
    8106  0.33223E-006
    8107  0.33247E-006
    8108  0.33271E-006
    8109  0.33295E-006
    8110  0.33320E-006
    8111  0.33345E-006
    8112  0.33371E-006
    8113  0.33397E-006
    8114  0.33423E-006
    8115  0.33450E-006
    8116  0.33478E-006
    8117  0.33505E-006
    8118  0.33534E-006
    8119  0.33562E-006
    8120  0.33591E-006
    8121  0.33621E-006
    8122  0.33651E-006
    8123  0.33681E-006
    8124  0.33711E-006
    8125  0.33742E-006
    8126  0.33774E-006
    8127  0.33805E-006
    8128  0.33838E-006
    8129  0.33870E-006
    8130  0.33903E-006
    8131  0.33936E-006
    8132  0.33969E-006
    8133  0.34003E-006
    8134  0.34037E-006
    8135  0.34072E-006
    8136  0.32499E-006
    8137  0.32503E-006
    8138  0.32509E-006
    8139  0.32518E-006
    8140  0.32529E-006
    8141  0.32542E-006
    8142  0.32558E-006
    8143  0.32576E-006
    8144  0.32596E-006
    8145  0.32619E-006
    8146  0.32644E-006
    8147  0.32672E-006
    8148  0.32701E-006
    8149  0.32733E-006
    8150  0.32767E-006
    8151  0.32804E-006
    8152  0.32842E-006
    8153  0.32883E-006
    8154  0.32925E-006
    8155  0.32970E-006
    8156  0.33016E-006
    8157  0.33065E-006
    8158  0.33115E-006
    8159  0.33167E-006
    8160  0.33222E-006
    8161  0.33277E-006
    8162  0.33335E-006
    8163  0.33394E-006
    8164  0.33455E-006
    8165  0.33517E-006
    8166  0.33581E-006
    8167  0.33647E-006
    8168  0.33713E-006
    8169  0.33782E-006
    8170  0.33851E-006
    8171  0.32274E-006
    8172  0.32275E-006
    8173  0.32276E-006
    8174  0.32279E-006
    8175  0.32281E-006
    8176  0.32285E-006
    8177  0.32289E-006
    8178  0.32294E-006
    8179  0.32299E-006
    8180  0.32305E-006
    8181  0.32312E-006
    8182  0.32319E-006
    8183  0.32327E-006
    8184  0.32335E-006
    8185  0.32344E-006
    8186  0.32354E-006
    8187  0.32364E-006
    8188  0.32375E-006
    8189  0.32386E-006
    8190  0.32398E-006
    8191  0.32411E-006
    8192  0.32424E-006
    8193  0.32438E-006
    8194  0.32452E-006
    8195  0.32467E-006
    8196  0.32483E-006
    8197  0.32499E-006
    8198  0.32516E-006
    8199  0.32533E-006
    8200  0.32551E-006
    8201  0.32569E-006
    8202  0.32588E-006
    8203  0.32608E-006
    8204  0.32628E-006
    8205  0.32648E-006
    8206  0.32669E-006
    8207  0.32691E-006
    8208  0.32713E-006
    8209  0.32736E-006
    8210  0.32759E-006
    8211  0.32783E-006
    8212  0.32807E-006
    8213  0.32832E-006
    8214  0.32857E-006
    8215  0.32883E-006
    8216  0.32909E-006
    8217  0.32935E-006
    8218  0.32962E-006
    8219  0.32990E-006
    8220  0.33018E-006
    8221  0.33046E-006
    8222  0.33075E-006
    8223  0.33104E-006
    8224  0.33134E-006
    8225  0.33164E-006
    8226  0.33195E-006
    8227  0.33226E-006
    8228  0.33257E-006
    8229  0.33289E-006
    8230  0.33321E-006
    8231  0.33354E-006
    8232  0.33387E-006
    8233  0.33420E-006
    8234  0.33454E-006
    8235  0.33488E-006
    8236  0.33523E-006
    8237  0.33557E-006
    8238  0.33593E-006
    8239  0.33628E-006
    8240  0.33664E-006
    8241  0.33700E-006
    8242  0.32047E-006
    8243  0.32051E-006
    8244  0.32058E-006
    8245  0.32067E-006
    8246  0.32079E-006
    8247  0.32093E-006
    8248  0.32109E-006
    8249  0.32129E-006
    8250  0.32150E-006
    8251  0.32175E-006
    8252  0.32201E-006
    8253  0.32230E-006
    8254  0.32262E-006
    8255  0.32296E-006
    8256  0.32332E-006
    8257  0.32370E-006
    8258  0.32411E-006
    8259  0.32454E-006
    8260  0.32499E-006
    8261  0.32546E-006
    8262  0.32595E-006
    8263  0.32647E-006
    8264  0.32700E-006
    8265  0.32755E-006
    8266  0.32812E-006
    8267  0.32871E-006
    8268  0.32932E-006
    8269  0.32994E-006
    8270  0.33058E-006
    8271  0.33124E-006
    8272  0.33191E-006
    8273  0.33260E-006
    8274  0.33330E-006
    8275  0.33402E-006
    8276  0.33475E-006
    8277  0.31816E-006
    8278  0.31817E-006
    8279  0.31819E-006
    8280  0.31821E-006
    8281  0.31824E-006
    8282  0.31828E-006
    8283  0.31832E-006
    8284  0.31837E-006
    8285  0.31843E-006
    8286  0.31849E-006
    8287  0.31856E-006
    8288  0.31864E-006
    8289  0.31872E-006
    8290  0.31881E-006
    8291  0.31890E-006
    8292  0.31901E-006
    8293  0.31912E-006
    8294  0.31923E-006
    8295  0.31935E-006
    8296  0.31948E-006
    8297  0.31962E-006
    8298  0.31976E-006
    8299  0.31990E-006
    8300  0.32006E-006
    8301  0.32022E-006
    8302  0.32038E-006
    8303  0.32055E-006
    8304  0.32073E-006
    8305  0.32091E-006
    8306  0.32110E-006
    8307  0.32130E-006
    8308  0.32150E-006
    8309  0.32170E-006
    8310  0.32192E-006
    8311  0.32213E-006
    8312  0.32236E-006
    8313  0.32259E-006
    8314  0.32282E-006
    8315  0.32306E-006
    8316  0.32331E-006
    8317  0.32356E-006
    8318  0.32381E-006
    8319  0.32408E-006
    8320  0.32434E-006
    8321  0.32461E-006
    8322  0.32489E-006
    8323  0.32517E-006
    8324  0.32546E-006
    8325  0.32575E-006
    8326  0.32604E-006
    8327  0.32634E-006
    8328  0.32665E-006
    8329  0.32696E-006
    8330  0.32727E-006
    8331  0.32759E-006
    8332  0.32791E-006
    8333  0.32824E-006
    8334  0.32857E-006
    8335  0.32890E-006
    8336  0.32924E-006
    8337  0.32959E-006
    8338  0.32993E-006
    8339  0.33029E-006
    8340  0.33064E-006
    8341  0.33100E-006
    8342  0.33136E-006
    8343  0.33173E-006
    8344  0.33210E-006
    8345  0.33247E-006
    8346  0.33285E-006
    8347  0.33323E-006
    8348  0.31583E-006
    8349  0.31588E-006
    8350  0.31594E-006
    8351  0.31604E-006
    8352  0.31616E-006
    8353  0.31632E-006
    8354  0.31649E-006
    8355  0.31670E-006
    8356  0.31693E-006
    8357  0.31719E-006
    8358  0.31747E-006
    8359  0.31778E-006
    8360  0.31811E-006
    8361  0.31847E-006
    8362  0.31886E-006
    8363  0.31927E-006
    8364  0.31970E-006
    8365  0.32015E-006
    8366  0.32063E-006
    8367  0.32113E-006
    8368  0.32165E-006
    8369  0.32219E-006
    8370  0.32276E-006
    8371  0.32334E-006
    8372  0.32394E-006
    8373  0.32456E-006
    8374  0.32521E-006
    8375  0.32586E-006
    8376  0.32654E-006
    8377  0.32723E-006
    8378  0.32794E-006
    8379  0.32867E-006
    8380  0.32941E-006
    8381  0.33016E-006
    8382  0.33093E-006
    8383  0.31345E-006
    8384  0.31347E-006
    8385  0.31348E-006
    8386  0.31351E-006
    8387  0.31354E-006
    8388  0.31358E-006
    8389  0.31363E-006
    8390  0.31368E-006
    8391  0.31374E-006
    8392  0.31381E-006
    8393  0.31388E-006
    8394  0.31396E-006
    8395  0.31405E-006
    8396  0.31415E-006
    8397  0.31425E-006
    8398  0.31436E-006
    8399  0.31447E-006
    8400  0.31460E-006
    8401  0.31473E-006
    8402  0.31486E-006
    8403  0.31500E-006
    8404  0.31515E-006
    8405  0.31531E-006
    8406  0.31547E-006
    8407  0.31564E-006
    8408  0.31582E-006
    8409  0.31600E-006
    8410  0.31619E-006
    8411  0.31638E-006
    8412  0.31658E-006
    8413  0.31679E-006
    8414  0.31701E-006
    8415  0.31722E-006
    8416  0.31745E-006
    8417  0.31768E-006
    8418  0.31792E-006
    8419  0.31816E-006
    8420  0.31841E-006
    8421  0.31867E-006
    8422  0.31893E-006
    8423  0.31919E-006
    8424  0.31946E-006
    8425  0.31974E-006
    8426  0.32002E-006
    8427  0.32031E-006
    8428  0.32060E-006
    8429  0.32090E-006
    8430  0.32120E-006
    8431  0.32151E-006
    8432  0.32182E-006
    8433  0.32214E-006
    8434  0.32246E-006
    8435  0.32279E-006
    8436  0.32312E-006
    8437  0.32346E-006
    8438  0.32380E-006
    8439  0.32414E-006
    8440  0.32449E-006
    8441  0.32484E-006
    8442  0.32520E-006
    8443  0.32556E-006
    8444  0.32593E-006
    8445  0.32630E-006
    8446  0.32667E-006
    8447  0.32705E-006
    8448  0.32743E-006
    8449  0.32782E-006
    8450  0.32821E-006
    8451  0.32860E-006
    8452  0.32900E-006
    8453  0.32940E-006
    8454  0.31106E-006
    8455  0.31111E-006
    8456  0.31118E-006
    8457  0.31128E-006
    8458  0.31142E-006
    8459  0.31158E-006
    8460  0.31177E-006
    8461  0.31198E-006
    8462  0.31223E-006
    8463  0.31251E-006
    8464  0.31281E-006
    8465  0.31314E-006
    8466  0.31349E-006
    8467  0.31388E-006
    8468  0.31428E-006
    8469  0.31472E-006
    8470  0.31518E-006
    8471  0.31566E-006
    8472  0.31617E-006
    8473  0.31670E-006
    8474  0.31725E-006
    8475  0.31782E-006
    8476  0.31842E-006
    8477  0.31904E-006
    8478  0.31968E-006
    8479  0.32034E-006
    8480  0.32101E-006
    8481  0.32171E-006
    8482  0.32242E-006
    8483  0.32315E-006
    8484  0.32390E-006
    8485  0.32467E-006
    8486  0.32545E-006
    8487  0.32624E-006
    8488  0.32705E-006
    8489  0.30861E-006
    8490  0.30863E-006
    8491  0.30864E-006
    8492  0.30867E-006
    8493  0.30871E-006
    8494  0.30875E-006
    8495  0.30880E-006
    8496  0.30885E-006
    8497  0.30892E-006
    8498  0.30899E-006
    8499  0.30907E-006
    8500  0.30916E-006
    8501  0.30925E-006
    8502  0.30935E-006
    8503  0.30946E-006
    8504  0.30958E-006
    8505  0.30970E-006
    8506  0.30983E-006
    8507  0.30997E-006
    8508  0.31012E-006
    8509  0.31027E-006
    8510  0.31043E-006
    8511  0.31059E-006
    8512  0.31077E-006
    8513  0.31095E-006
    8514  0.31114E-006
    8515  0.31133E-006
    8516  0.31153E-006
    8517  0.31174E-006
    8518  0.31195E-006
    8519  0.31217E-006
    8520  0.31240E-006
    8521  0.31263E-006
    8522  0.31287E-006
    8523  0.31312E-006
    8524  0.31337E-006
    8525  0.31363E-006
    8526  0.31389E-006
    8527  0.31416E-006
    8528  0.31444E-006
    8529  0.31472E-006
    8530  0.31501E-006
    8531  0.31530E-006
    8532  0.31560E-006
    8533  0.31591E-006
    8534  0.31622E-006
    8535  0.31653E-006
    8536  0.31685E-006
    8537  0.31718E-006
    8538  0.31751E-006
    8539  0.31785E-006
    8540  0.31819E-006
    8541  0.31853E-006
    8542  0.31889E-006
    8543  0.31924E-006
    8544  0.31960E-006
    8545  0.31997E-006
    8546  0.32034E-006
    8547  0.32071E-006
    8548  0.32109E-006
    8549  0.32147E-006
    8550  0.32185E-006
    8551  0.32225E-006
    8552  0.32264E-006
    8553  0.32304E-006
    8554  0.32344E-006
    8555  0.32385E-006
    8556  0.32426E-006
    8557  0.32467E-006
    8558  0.32509E-006
    8559  0.32551E-006
    8560  0.30615E-006
    8561  0.30620E-006
    8562  0.30628E-006
    8563  0.30639E-006
    8564  0.30653E-006
    8565  0.30670E-006
    8566  0.30690E-006
    8567  0.30714E-006
    8568  0.30740E-006
    8569  0.30769E-006
    8570  0.30802E-006
    8571  0.30837E-006
    8572  0.30875E-006
    8573  0.30916E-006
    8574  0.30959E-006
    8575  0.31005E-006
    8576  0.31054E-006
    8577  0.31105E-006
    8578  0.31159E-006
    8579  0.31216E-006
    8580  0.31275E-006
    8581  0.31336E-006
    8582  0.31399E-006
    8583  0.31465E-006
    8584  0.31532E-006
    8585  0.31602E-006
    8586  0.31674E-006
    8587  0.31747E-006
    8588  0.31823E-006
    8589  0.31900E-006
    8590  0.31979E-006
    8591  0.32060E-006
    8592  0.32142E-006
    8593  0.32226E-006
    8594  0.32311E-006
    8595  0.30363E-006
    8596  0.30364E-006
    8597  0.30366E-006
    8598  0.30369E-006
    8599  0.30373E-006
    8600  0.30377E-006
    8601  0.30383E-006
    8602  0.30389E-006
    8603  0.30396E-006
    8604  0.30403E-006
    8605  0.30412E-006
    8606  0.30421E-006
    8607  0.30431E-006
    8608  0.30442E-006
    8609  0.30454E-006
    8610  0.30466E-006
    8611  0.30479E-006
    8612  0.30493E-006
    8613  0.30508E-006
    8614  0.30524E-006
    8615  0.30540E-006
    8616  0.30557E-006
    8617  0.30575E-006
    8618  0.30593E-006
    8619  0.30613E-006
    8620  0.30633E-006
    8621  0.30653E-006
    8622  0.30675E-006
    8623  0.30697E-006
    8624  0.30720E-006
    8625  0.30743E-006
    8626  0.30767E-006
    8627  0.30792E-006
    8628  0.30818E-006
    8629  0.30844E-006
    8630  0.30871E-006
    8631  0.30898E-006
    8632  0.30927E-006
    8633  0.30955E-006
    8634  0.30985E-006
    8635  0.31015E-006
    8636  0.31045E-006
    8637  0.31077E-006
    8638  0.31108E-006
    8639  0.31141E-006
    8640  0.31174E-006
    8641  0.31207E-006
    8642  0.31241E-006
    8643  0.31276E-006
    8644  0.31311E-006
    8645  0.31347E-006
    8646  0.31383E-006
    8647  0.31419E-006
    8648  0.31457E-006
    8649  0.31494E-006
    8650  0.31532E-006
    8651  0.31571E-006
    8652  0.31610E-006
    8653  0.31649E-006
    8654  0.31689E-006
    8655  0.31730E-006
    8656  0.31771E-006
    8657  0.31812E-006
    8658  0.31853E-006
    8659  0.31896E-006
    8660  0.31938E-006
    8661  0.31981E-006
    8662  0.32024E-006
    8663  0.32067E-006
    8664  0.32111E-006
    8665  0.32156E-006
    8666  0.30109E-006
    8667  0.30114E-006
    8668  0.30123E-006
    8669  0.30135E-006
    8670  0.30150E-006
    8671  0.30168E-006
    8672  0.30190E-006
    8673  0.30215E-006
    8674  0.30243E-006
    8675  0.30274E-006
    8676  0.30309E-006
    8677  0.30346E-006
    8678  0.30387E-006
    8679  0.30431E-006
    8680  0.30477E-006
    8681  0.30526E-006
    8682  0.30578E-006
    8683  0.30633E-006
    8684  0.30691E-006
    8685  0.30751E-006
    8686  0.30813E-006
    8687  0.30878E-006
    8688  0.30946E-006
    8689  0.31015E-006
    8690  0.31087E-006
    8691  0.31161E-006
    8692  0.31237E-006
    8693  0.31315E-006
    8694  0.31395E-006
    8695  0.31477E-006
    8696  0.31560E-006
    8697  0.31646E-006
    8698  0.31732E-006
    8699  0.31821E-006
    8700  0.31911E-006
    8701  0.29849E-006
    8702  0.29850E-006
    8703  0.29853E-006
    8704  0.29856E-006
    8705  0.29860E-006
    8706  0.29864E-006
    8707  0.29870E-006
    8708  0.29877E-006
    8709  0.29884E-006
    8710  0.29892E-006
    8711  0.29901E-006
    8712  0.29911E-006
    8713  0.29922E-006
    8714  0.29934E-006
    8715  0.29946E-006
    8716  0.29960E-006
    8717  0.29974E-006
    8718  0.29989E-006
    8719  0.30005E-006
    8720  0.30021E-006
    8721  0.30039E-006
    8722  0.30057E-006
    8723  0.30076E-006
    8724  0.30096E-006
    8725  0.30117E-006
    8726  0.30138E-006
    8727  0.30160E-006
    8728  0.30183E-006
    8729  0.30207E-006
    8730  0.30231E-006
    8731  0.30256E-006
    8732  0.30282E-006
    8733  0.30309E-006
    8734  0.30336E-006
    8735  0.30364E-006
    8736  0.30393E-006
    8737  0.30422E-006
    8738  0.30452E-006
    8739  0.30483E-006
    8740  0.30514E-006
    8741  0.30546E-006
    8742  0.30579E-006
    8743  0.30612E-006
    8744  0.30646E-006
    8745  0.30680E-006
    8746  0.30715E-006
    8747  0.30751E-006
    8748  0.30787E-006
    8749  0.30824E-006
    8750  0.30861E-006
    8751  0.30899E-006
    8752  0.30937E-006
    8753  0.30976E-006
    8754  0.31016E-006
    8755  0.31055E-006
    8756  0.31096E-006
    8757  0.31137E-006
    8758  0.31178E-006
    8759  0.31220E-006
    8760  0.31262E-006
    8761  0.31305E-006
    8762  0.31348E-006
    8763  0.31392E-006
    8764  0.31436E-006
    8765  0.31480E-006
    8766  0.31525E-006
    8767  0.31570E-006
    8768  0.31616E-006
    8769  0.31662E-006
    8770  0.31708E-006
    8771  0.31755E-006
    8772  0.29587E-006
    8773  0.29593E-006
    8774  0.29602E-006
    8775  0.29614E-006
    8776  0.29631E-006
    8777  0.29650E-006
    8778  0.29674E-006
    8779  0.29701E-006
    8780  0.29731E-006
    8781  0.29765E-006
    8782  0.29801E-006
    8783  0.29842E-006
    8784  0.29885E-006
    8785  0.29932E-006
    8786  0.29982E-006
    8787  0.30034E-006
    8788  0.30090E-006
    8789  0.30149E-006
    8790  0.30210E-006
    8791  0.30274E-006
    8792  0.30341E-006
    8793  0.30410E-006
    8794  0.30482E-006
    8795  0.30556E-006
    8796  0.30632E-006
    8797  0.30711E-006
    8798  0.30792E-006
    8799  0.30874E-006
    8800  0.30959E-006
    8801  0.31046E-006
    8802  0.31134E-006
    8803  0.31224E-006
    8804  0.31316E-006
    8805  0.31409E-006
    8806  0.31504E-006
    8807  0.29318E-006
    8808  0.29320E-006
    8809  0.29322E-006
    8810  0.29325E-006
    8811  0.29330E-006
    8812  0.29335E-006
    8813  0.29341E-006
    8814  0.29348E-006
    8815  0.29356E-006
    8816  0.29365E-006
    8817  0.29375E-006
    8818  0.29385E-006
    8819  0.29397E-006
    8820  0.29410E-006
    8821  0.29423E-006
    8822  0.29437E-006
    8823  0.29453E-006
    8824  0.29469E-006
    8825  0.29486E-006
    8826  0.29504E-006
    8827  0.29522E-006
    8828  0.29542E-006
    8829  0.29562E-006
    8830  0.29584E-006
    8831  0.29606E-006
    8832  0.29629E-006
    8833  0.29653E-006
    8834  0.29677E-006
    8835  0.29703E-006
    8836  0.29729E-006
    8837  0.29756E-006
    8838  0.29783E-006
    8839  0.29812E-006
    8840  0.29841E-006
    8841  0.29871E-006
    8842  0.29902E-006
    8843  0.29933E-006
    8844  0.29965E-006
    8845  0.29998E-006
    8846  0.30031E-006
    8847  0.30065E-006
    8848  0.30100E-006
    8849  0.30136E-006
    8850  0.30172E-006
    8851  0.30208E-006
    8852  0.30246E-006
    8853  0.30284E-006
    8854  0.30322E-006
    8855  0.30361E-006
    8856  0.30401E-006
    8857  0.30441E-006
    8858  0.30482E-006
    8859  0.30524E-006
    8860  0.30565E-006
    8861  0.30608E-006
    8862  0.30651E-006
    8863  0.30694E-006
    8864  0.30738E-006
    8865  0.30782E-006
    8866  0.30827E-006
    8867  0.30872E-006
    8868  0.30918E-006
    8869  0.30964E-006
    8870  0.31011E-006
    8871  0.31058E-006
    8872  0.31105E-006
    8873  0.31153E-006
    8874  0.31201E-006
    8875  0.31250E-006
    8876  0.31299E-006
    8877  0.31348E-006
    8878  0.29048E-006
    8879  0.29054E-006
    8880  0.29063E-006
    8881  0.29077E-006
    8882  0.29095E-006
    8883  0.29116E-006
    8884  0.29141E-006
    8885  0.29170E-006
    8886  0.29203E-006
    8887  0.29239E-006
    8888  0.29279E-006
    8889  0.29322E-006
    8890  0.29369E-006
    8891  0.29419E-006
    8892  0.29472E-006
    8893  0.29529E-006
    8894  0.29588E-006
    8895  0.29651E-006
    8896  0.29717E-006
    8897  0.29785E-006
    8898  0.29856E-006
    8899  0.29930E-006
    8900  0.30007E-006
    8901  0.30086E-006
    8902  0.30167E-006
    8903  0.30251E-006
    8904  0.30337E-006
    8905  0.30425E-006
    8906  0.30515E-006
    8907  0.30607E-006
    8908  0.30700E-006
    8909  0.30796E-006
    8910  0.30893E-006
    8911  0.30991E-006
    8912  0.31092E-006
    8913  0.28770E-006
    8914  0.28771E-006
    8915  0.28774E-006
    8916  0.28777E-006
    8917  0.28782E-006
    8918  0.28787E-006
    8919  0.28794E-006
    8920  0.28802E-006
    8921  0.28810E-006
    8922  0.28820E-006
    8923  0.28830E-006
    8924  0.28842E-006
    8925  0.28855E-006
    8926  0.28868E-006
    8927  0.28883E-006
    8928  0.28898E-006
    8929  0.28915E-006
    8930  0.28932E-006
    8931  0.28950E-006
    8932  0.28970E-006
    8933  0.28990E-006
    8934  0.29011E-006
    8935  0.29033E-006
    8936  0.29056E-006
    8937  0.29080E-006
    8938  0.29104E-006
    8939  0.29130E-006
    8940  0.29156E-006
    8941  0.29183E-006
    8942  0.29212E-006
    8943  0.29240E-006
    8944  0.29270E-006
    8945  0.29301E-006
    8946  0.29332E-006
    8947  0.29364E-006
    8948  0.29397E-006
    8949  0.29431E-006
    8950  0.29465E-006
    8951  0.29500E-006
    8952  0.29536E-006
    8953  0.29572E-006
    8954  0.29610E-006
    8955  0.29647E-006
    8956  0.29686E-006
    8957  0.29725E-006
    8958  0.29765E-006
    8959  0.29806E-006
    8960  0.29847E-006
    8961  0.29888E-006
    8962  0.29931E-006
    8963  0.29974E-006
    8964  0.30017E-006
    8965  0.30061E-006
    8966  0.30106E-006
    8967  0.30151E-006
    8968  0.30196E-006
    8969  0.30243E-006
    8970  0.30289E-006
    8971  0.30336E-006
    8972  0.30384E-006
    8973  0.30432E-006
    8974  0.30480E-006
    8975  0.30529E-006
    8976  0.30579E-006
    8977  0.30628E-006
    8978  0.30679E-006
    8979  0.30729E-006
    8980  0.30780E-006
    8981  0.30831E-006
    8982  0.30883E-006
    8983  0.30935E-006
    8984  0.28490E-006
    8985  0.28496E-006
    8986  0.28507E-006
    8987  0.28521E-006
    8988  0.28540E-006
    8989  0.28563E-006
    8990  0.28591E-006
    8991  0.28622E-006
    8992  0.28657E-006
    8993  0.28696E-006
    8994  0.28739E-006
    8995  0.28785E-006
    8996  0.28836E-006
    8997  0.28890E-006
    8998  0.28947E-006
    8999  0.29008E-006
    9000  0.29072E-006
    9001  0.29139E-006
    9002  0.29210E-006
    9003  0.29283E-006
    9004  0.29360E-006
    9005  0.29439E-006
    9006  0.29520E-006
    9007  0.29605E-006
    9008  0.29692E-006
    9009  0.29781E-006
    9010  0.29872E-006
    9011  0.29966E-006
    9012  0.30061E-006
    9013  0.30159E-006
    9014  0.30258E-006
    9015  0.30360E-006
    9016  0.30462E-006
    9017  0.30567E-006
    9018  0.30673E-006
    9019  0.28201E-006
    9020  0.28203E-006
    9021  0.28206E-006
    9022  0.28210E-006
    9023  0.28215E-006
    9024  0.28221E-006
    9025  0.28228E-006
    9026  0.28236E-006
    9027  0.28245E-006
    9028  0.28256E-006
    9029  0.28267E-006
    9030  0.28280E-006
    9031  0.28293E-006
    9032  0.28308E-006
    9033  0.28324E-006
    9034  0.28341E-006
    9035  0.28358E-006
    9036  0.28377E-006
    9037  0.28397E-006
    9038  0.28418E-006
    9039  0.28440E-006
    9040  0.28462E-006
    9041  0.28486E-006
    9042  0.28511E-006
    9043  0.28536E-006
    9044  0.28563E-006
    9045  0.28591E-006
    9046  0.28619E-006
    9047  0.28648E-006
    9048  0.28679E-006
    9049  0.28710E-006
    9050  0.28742E-006
    9051  0.28775E-006
    9052  0.28808E-006
    9053  0.28843E-006
    9054  0.28878E-006
    9055  0.28914E-006
    9056  0.28951E-006
    9057  0.28989E-006
    9058  0.29027E-006
    9059  0.29066E-006
    9060  0.29106E-006
    9061  0.29147E-006
    9062  0.29188E-006
    9063  0.29230E-006
    9064  0.29273E-006
    9065  0.29316E-006
    9066  0.29360E-006
    9067  0.29404E-006
    9068  0.29450E-006
    9069  0.29495E-006
    9070  0.29542E-006
    9071  0.29589E-006
    9072  0.29636E-006
    9073  0.29684E-006
    9074  0.29733E-006
    9075  0.29782E-006
    9076  0.29831E-006
    9077  0.29882E-006
    9078  0.29932E-006
    9079  0.29983E-006
    9080  0.30035E-006
    9081  0.30086E-006
    9082  0.30139E-006
    9083  0.30192E-006
    9084  0.30245E-006
    9085  0.30298E-006
    9086  0.30352E-006
    9087  0.30407E-006
    9088  0.30461E-006
    9089  0.30516E-006
    9090  0.27911E-006
    9091  0.27918E-006
    9092  0.27930E-006
    9093  0.27946E-006
    9094  0.27966E-006
    9095  0.27991E-006
    9096  0.28021E-006
    9097  0.28054E-006
    9098  0.28092E-006
    9099  0.28135E-006
    9100  0.28181E-006
    9101  0.28232E-006
    9102  0.28286E-006
    9103  0.28344E-006
    9104  0.28406E-006
    9105  0.28472E-006
    9106  0.28541E-006
    9107  0.28613E-006
    9108  0.28689E-006
    9109  0.28768E-006
    9110  0.28850E-006
    9111  0.28934E-006
    9112  0.29022E-006
    9113  0.29112E-006
    9114  0.29205E-006
    9115  0.29300E-006
    9116  0.29398E-006
    9117  0.29497E-006
    9118  0.29599E-006
    9119  0.29703E-006
    9120  0.29809E-006
    9121  0.29916E-006
    9122  0.30025E-006
    9123  0.30136E-006
    9124  0.30248E-006
    9125  0.27612E-006
    9126  0.27614E-006
    9127  0.27617E-006
    9128  0.27621E-006
    9129  0.27626E-006
    9130  0.27633E-006
    9131  0.27641E-006
    9132  0.27650E-006
    9133  0.27660E-006
    9134  0.27671E-006
    9135  0.27684E-006
    9136  0.27697E-006
    9137  0.27712E-006
    9138  0.27728E-006
    9139  0.27745E-006
    9140  0.27763E-006
    9141  0.27782E-006
    9142  0.27803E-006
    9143  0.27824E-006
    9144  0.27847E-006
    9145  0.27870E-006
    9146  0.27895E-006
    9147  0.27921E-006
    9148  0.27948E-006
    9149  0.27975E-006
    9150  0.28004E-006
    9151  0.28034E-006
    9152  0.28065E-006
    9153  0.28096E-006
    9154  0.28129E-006
    9155  0.28163E-006
    9156  0.28197E-006
    9157  0.28233E-006
    9158  0.28269E-006
    9159  0.28306E-006
    9160  0.28344E-006
    9161  0.28383E-006
    9162  0.28423E-006
    9163  0.28463E-006
    9164  0.28505E-006
    9165  0.28547E-006
    9166  0.28589E-006
    9167  0.28633E-006
    9168  0.28677E-006
    9169  0.28722E-006
    9170  0.28768E-006
    9171  0.28814E-006
    9172  0.28861E-006
    9173  0.28909E-006
    9174  0.28957E-006
    9175  0.29006E-006
    9176  0.29056E-006
    9177  0.29106E-006
    9178  0.29157E-006
    9179  0.29208E-006
    9180  0.29260E-006
    9181  0.29312E-006
    9182  0.29365E-006
    9183  0.29418E-006
    9184  0.29472E-006
    9185  0.29526E-006
    9186  0.29581E-006
    9187  0.29636E-006
    9188  0.29692E-006
    9189  0.29748E-006
    9190  0.29804E-006
    9191  0.29861E-006
    9192  0.29918E-006
    9193  0.29975E-006
    9194  0.30033E-006
    9195  0.30092E-006
    9196  0.27311E-006
    9197  0.27318E-006
    9198  0.27331E-006
    9199  0.27348E-006
    9200  0.27370E-006
    9201  0.27398E-006
    9202  0.27430E-006
    9203  0.27466E-006
    9204  0.27508E-006
    9205  0.27554E-006
    9206  0.27604E-006
    9207  0.27659E-006
    9208  0.27718E-006
    9209  0.27781E-006
    9210  0.27848E-006
    9211  0.27919E-006
    9212  0.27993E-006
    9213  0.28071E-006
    9214  0.28153E-006
    9215  0.28238E-006
    9216  0.28326E-006
    9217  0.28417E-006
    9218  0.28511E-006
    9219  0.28608E-006
    9220  0.28707E-006
    9221  0.28809E-006
    9222  0.28913E-006
    9223  0.29020E-006
    9224  0.29128E-006
    9225  0.29239E-006
    9226  0.29351E-006
    9227  0.29465E-006
    9228  0.29581E-006
    9229  0.29698E-006
    9230  0.29817E-006
    9231  0.26999E-006
    9232  0.27001E-006
    9233  0.27005E-006
    9234  0.27009E-006
    9235  0.27015E-006
    9236  0.27022E-006
    9237  0.27031E-006
    9238  0.27040E-006
    9239  0.27051E-006
    9240  0.27064E-006
    9241  0.27077E-006
    9242  0.27092E-006
    9243  0.27108E-006
    9244  0.27126E-006
    9245  0.27144E-006
    9246  0.27164E-006
    9247  0.27185E-006
    9248  0.27207E-006
    9249  0.27231E-006
    9250  0.27255E-006
    9251  0.27281E-006
    9252  0.27308E-006
    9253  0.27336E-006
    9254  0.27365E-006
    9255  0.27395E-006
    9256  0.27426E-006
    9257  0.27459E-006
    9258  0.27492E-006
    9259  0.27526E-006
    9260  0.27562E-006
    9261  0.27598E-006
    9262  0.27636E-006
    9263  0.27674E-006
    9264  0.27713E-006
    9265  0.27753E-006
    9266  0.27794E-006
    9267  0.27836E-006
    9268  0.27879E-006
    9269  0.27923E-006
    9270  0.27967E-006
    9271  0.28013E-006
    9272  0.28059E-006
    9273  0.28105E-006
    9274  0.28153E-006
    9275  0.28201E-006
    9276  0.28251E-006
    9277  0.28300E-006
    9278  0.28351E-006
    9279  0.28402E-006
    9280  0.28454E-006
    9281  0.28506E-006
    9282  0.28559E-006
    9283  0.28613E-006
    9284  0.28667E-006
    9285  0.28722E-006
    9286  0.28777E-006
    9287  0.28833E-006
    9288  0.28889E-006
    9289  0.28946E-006
    9290  0.29003E-006
    9291  0.29061E-006
    9292  0.29119E-006
    9293  0.29178E-006
    9294  0.29237E-006
    9295  0.29297E-006
    9296  0.29356E-006
    9297  0.29417E-006
    9298  0.29477E-006
    9299  0.29538E-006
    9300  0.29600E-006
    9301  0.29661E-006
    9302  0.26686E-006
    9303  0.26694E-006
    9304  0.26708E-006
    9305  0.26727E-006
    9306  0.26751E-006
    9307  0.26781E-006
    9308  0.26816E-006
    9309  0.26856E-006
    9310  0.26901E-006
    9311  0.26951E-006
    9312  0.27006E-006
    9313  0.27066E-006
    9314  0.27130E-006
    9315  0.27198E-006
    9316  0.27271E-006
    9317  0.27348E-006
    9318  0.27429E-006
    9319  0.27513E-006
    9320  0.27601E-006
    9321  0.27693E-006
    9322  0.27788E-006
    9323  0.27886E-006
    9324  0.27987E-006
    9325  0.28091E-006
    9326  0.28197E-006
    9327  0.28307E-006
    9328  0.28418E-006
    9329  0.28532E-006
    9330  0.28648E-006
    9331  0.28766E-006
    9332  0.28886E-006
    9333  0.29007E-006
    9334  0.29130E-006
    9335  0.29255E-006
    9336  0.29381E-006
    9337  0.26361E-006
    9338  0.26363E-006
    9339  0.26367E-006
    9340  0.26372E-006
    9341  0.26378E-006
    9342  0.26386E-006
    9343  0.26396E-006
    9344  0.26406E-006
    9345  0.26418E-006
    9346  0.26432E-006
    9347  0.26447E-006
    9348  0.26463E-006
    9349  0.26481E-006
    9350  0.26500E-006
    9351  0.26520E-006
    9352  0.26542E-006
    9353  0.26565E-006
    9354  0.26589E-006
    9355  0.26615E-006
    9356  0.26642E-006
    9357  0.26670E-006
    9358  0.26699E-006
    9359  0.26729E-006
    9360  0.26761E-006
    9361  0.26794E-006
    9362  0.26828E-006
    9363  0.26863E-006
    9364  0.26900E-006
    9365  0.26937E-006
    9366  0.26975E-006
    9367  0.27015E-006
    9368  0.27055E-006
    9369  0.27097E-006
    9370  0.27140E-006
    9371  0.27183E-006
    9372  0.27228E-006
    9373  0.27273E-006
    9374  0.27319E-006
    9375  0.27367E-006
    9376  0.27415E-006
    9377  0.27463E-006
    9378  0.27513E-006
    9379  0.27564E-006
    9380  0.27615E-006
    9381  0.27667E-006
    9382  0.27720E-006
    9383  0.27773E-006
    9384  0.27828E-006
    9385  0.27883E-006
    9386  0.27938E-006
    9387  0.27994E-006
    9388  0.28051E-006
    9389  0.28109E-006
    9390  0.28167E-006
    9391  0.28225E-006
    9392  0.28284E-006
    9393  0.28344E-006
    9394  0.28404E-006
    9395  0.28465E-006
    9396  0.28526E-006
    9397  0.28588E-006
    9398  0.28650E-006
    9399  0.28712E-006
    9400  0.28775E-006
    9401  0.28838E-006
    9402  0.28902E-006
    9403  0.28966E-006
    9404  0.29031E-006
    9405  0.29095E-006
    9406  0.29160E-006
    9407  0.29226E-006
    9408  0.26034E-006
    9409  0.26043E-006
    9410  0.26058E-006
    9411  0.26079E-006
    9412  0.26106E-006
    9413  0.26139E-006
    9414  0.26177E-006
    9415  0.26221E-006
    9416  0.26271E-006
    9417  0.26326E-006
    9418  0.26386E-006
    9419  0.26451E-006
    9420  0.26521E-006
    9421  0.26596E-006
    9422  0.26675E-006
    9423  0.26758E-006
    9424  0.26846E-006
    9425  0.26938E-006
    9426  0.27033E-006
    9427  0.27132E-006
    9428  0.27235E-006
    9429  0.27341E-006
    9430  0.27450E-006
    9431  0.27561E-006
    9432  0.27676E-006
    9433  0.27793E-006
    9434  0.27913E-006
    9435  0.28035E-006
    9436  0.28159E-006
    9437  0.28284E-006
    9438  0.28412E-006
    9439  0.28542E-006
    9440  0.28673E-006
    9441  0.28805E-006
    9442  0.28939E-006
    9443  0.25695E-006
    9444  0.25698E-006
    9445  0.25701E-006
    9446  0.25707E-006
    9447  0.25714E-006
    9448  0.25723E-006
    9449  0.25733E-006
    9450  0.25745E-006
    9451  0.25758E-006
    9452  0.25773E-006
    9453  0.25790E-006
    9454  0.25808E-006
    9455  0.25827E-006
    9456  0.25848E-006
    9457  0.25870E-006
    9458  0.25894E-006
    9459  0.25920E-006
    9460  0.25946E-006
    9461  0.25974E-006
    9462  0.26004E-006
    9463  0.26034E-006
    9464  0.26067E-006
    9465  0.26100E-006
    9466  0.26135E-006
    9467  0.26171E-006
    9468  0.26208E-006
    9469  0.26246E-006
    9470  0.26286E-006
    9471  0.26327E-006
    9472  0.26369E-006
    9473  0.26412E-006
    9474  0.26456E-006
    9475  0.26501E-006
    9476  0.26548E-006
    9477  0.26595E-006
    9478  0.26643E-006
    9479  0.26692E-006
    9480  0.26743E-006
    9481  0.26794E-006
    9482  0.26846E-006
    9483  0.26899E-006
    9484  0.26953E-006
    9485  0.27007E-006
    9486  0.27063E-006
    9487  0.27119E-006
    9488  0.27176E-006
    9489  0.27234E-006
    9490  0.27292E-006
    9491  0.27351E-006
    9492  0.27411E-006
    9493  0.27471E-006
    9494  0.27532E-006
    9495  0.27594E-006
    9496  0.27656E-006
    9497  0.27719E-006
    9498  0.27782E-006
    9499  0.27846E-006
    9500  0.27911E-006
    9501  0.27975E-006
    9502  0.28041E-006
    9503  0.28106E-006
    9504  0.28173E-006
    9505  0.28239E-006
    9506  0.28306E-006
    9507  0.28374E-006
    9508  0.28441E-006
    9509  0.28510E-006
    9510  0.28578E-006
    9511  0.28647E-006
    9512  0.28716E-006
    9513  0.28785E-006
    9514  0.25353E-006
    9515  0.25363E-006
    9516  0.25380E-006
    9517  0.25403E-006
    9518  0.25433E-006
    9519  0.25469E-006
    9520  0.25512E-006
    9521  0.25560E-006
    9522  0.25615E-006
    9523  0.25675E-006
    9524  0.25741E-006
    9525  0.25813E-006
    9526  0.25889E-006
    9527  0.25971E-006
    9528  0.26057E-006
    9529  0.26149E-006
    9530  0.26244E-006
    9531  0.26344E-006
    9532  0.26448E-006
    9533  0.26555E-006
    9534  0.26666E-006
    9535  0.26781E-006
    9536  0.26899E-006
    9537  0.27019E-006
    9538  0.27143E-006
    9539  0.27269E-006
    9540  0.27397E-006
    9541  0.27528E-006
    9542  0.27660E-006
    9543  0.27795E-006
    9544  0.27931E-006
    9545  0.28069E-006
    9546  0.28209E-006
    9547  0.28350E-006
    9548  0.28492E-006
    9549  0.24998E-006
    9550  0.25001E-006
    9551  0.25005E-006
    9552  0.25011E-006
    9553  0.25019E-006
    9554  0.25029E-006
    9555  0.25040E-006
    9556  0.25053E-006
    9557  0.25068E-006
    9558  0.25085E-006
    9559  0.25103E-006
    9560  0.25123E-006
    9561  0.25145E-006
    9562  0.25168E-006
    9563  0.25192E-006
    9564  0.25219E-006
    9565  0.25247E-006
    9566  0.25276E-006
    9567  0.25307E-006
    9568  0.25340E-006
    9569  0.25374E-006
    9570  0.25409E-006
    9571  0.25446E-006
    9572  0.25484E-006
    9573  0.25523E-006
    9574  0.25564E-006
    9575  0.25607E-006
    9576  0.25650E-006
    9577  0.25695E-006
    9578  0.25741E-006
    9579  0.25788E-006
    9580  0.25836E-006
    9581  0.25885E-006
    9582  0.25936E-006
    9583  0.25987E-006
    9584  0.26040E-006
    9585  0.26094E-006
    9586  0.26148E-006
    9587  0.26204E-006
    9588  0.26261E-006
    9589  0.26318E-006
    9590  0.26376E-006
    9591  0.26435E-006
    9592  0.26495E-006
    9593  0.26556E-006
    9594  0.26618E-006
    9595  0.26680E-006
    9596  0.26743E-006
    9597  0.26807E-006
    9598  0.26871E-006
    9599  0.26936E-006
    9600  0.27002E-006
    9601  0.27068E-006
    9602  0.27135E-006
    9603  0.27203E-006
    9604  0.27270E-006
    9605  0.27339E-006
    9606  0.27408E-006
    9607  0.27477E-006
    9608  0.27547E-006
    9609  0.27617E-006
    9610  0.27688E-006
    9611  0.27759E-006
    9612  0.27831E-006
    9613  0.27903E-006
    9614  0.27975E-006
    9615  0.28047E-006
    9616  0.28120E-006
    9617  0.28193E-006
    9618  0.28266E-006
    9619  0.28340E-006
    9620  0.24640E-006
    9621  0.24651E-006
    9622  0.24670E-006
    9623  0.24695E-006
    9624  0.24729E-006
    9625  0.24769E-006
    9626  0.24816E-006
    9627  0.24870E-006
    9628  0.24930E-006
    9629  0.24997E-006
    9630  0.25070E-006
    9631  0.25149E-006
    9632  0.25233E-006
    9633  0.25323E-006
    9634  0.25418E-006
    9635  0.25518E-006
    9636  0.25622E-006
    9637  0.25731E-006
    9638  0.25844E-006
    9639  0.25961E-006
    9640  0.26082E-006
    9641  0.26206E-006
    9642  0.26334E-006
    9643  0.26464E-006
    9644  0.26597E-006
    9645  0.26733E-006
    9646  0.26871E-006
    9647  0.27011E-006
    9648  0.27153E-006
    9649  0.27297E-006
    9650  0.27443E-006
    9651  0.27591E-006
    9652  0.27739E-006
    9653  0.27889E-006
    9654  0.28040E-006
    9655  0.24267E-006
    9656  0.24270E-006
    9657  0.24275E-006
    9658  0.24282E-006
    9659  0.24290E-006
    9660  0.24301E-006
    9661  0.24314E-006
    9662  0.24329E-006
    9663  0.24345E-006
    9664  0.24364E-006
    9665  0.24384E-006
    9666  0.24406E-006
    9667  0.24430E-006
    9668  0.24456E-006
    9669  0.24484E-006
    9670  0.24513E-006
    9671  0.24544E-006
    9672  0.24577E-006
    9673  0.24611E-006
    9674  0.24647E-006
    9675  0.24685E-006
    9676  0.24724E-006
    9677  0.24765E-006
    9678  0.24807E-006
    9679  0.24850E-006
    9680  0.24895E-006
    9681  0.24942E-006
    9682  0.24990E-006
    9683  0.25039E-006
    9684  0.25089E-006
    9685  0.25141E-006
    9686  0.25194E-006
    9687  0.25248E-006
    9688  0.25304E-006
    9689  0.25360E-006
    9690  0.25418E-006
    9691  0.25476E-006
    9692  0.25536E-006
    9693  0.25596E-006
    9694  0.25658E-006
    9695  0.25720E-006
    9696  0.25784E-006
    9697  0.25848E-006
    9698  0.25913E-006
    9699  0.25979E-006
    9700  0.26046E-006
    9701  0.26113E-006
    9702  0.26181E-006
    9703  0.26250E-006
    9704  0.26320E-006
    9705  0.26390E-006
    9706  0.26461E-006
    9707  0.26532E-006
    9708  0.26604E-006
    9709  0.26676E-006
    9710  0.26749E-006
    9711  0.26823E-006
    9712  0.26897E-006
    9713  0.26971E-006
    9714  0.27046E-006
    9715  0.27121E-006
    9716  0.27197E-006
    9717  0.27273E-006
    9718  0.27349E-006
    9719  0.27426E-006
    9720  0.27502E-006
    9721  0.27580E-006
    9722  0.27657E-006
    9723  0.27735E-006
    9724  0.27813E-006
    9725  0.27891E-006
    9726  0.23890E-006
    9727  0.23903E-006
    9728  0.23923E-006
    9729  0.23953E-006
    9730  0.23990E-006
    9731  0.24035E-006
    9732  0.24087E-006
    9733  0.24148E-006
    9734  0.24215E-006
    9735  0.24289E-006
    9736  0.24370E-006
    9737  0.24458E-006
    9738  0.24551E-006
    9739  0.24650E-006
    9740  0.24755E-006
    9741  0.24865E-006
    9742  0.24979E-006
    9743  0.25099E-006
    9744  0.25222E-006
    9745  0.25350E-006
    9746  0.25481E-006
    9747  0.25616E-006
    9748  0.25754E-006
    9749  0.25896E-006
    9750  0.26039E-006
    9751  0.26186E-006
    9752  0.26335E-006
    9753  0.26485E-006
    9754  0.26638E-006
    9755  0.26793E-006
    9756  0.26949E-006
    9757  0.27106E-006
    9758  0.27265E-006
    9759  0.27424E-006
    9760  0.27585E-006
    9761  0.23497E-006
    9762  0.23500E-006
    9763  0.23506E-006
    9764  0.23514E-006
    9765  0.23524E-006
    9766  0.23536E-006
    9767  0.23550E-006
    9768  0.23567E-006
    9769  0.23585E-006
    9770  0.23606E-006
    9771  0.23629E-006
    9772  0.23654E-006
    9773  0.23681E-006
    9774  0.23710E-006
    9775  0.23741E-006
    9776  0.23774E-006
    9777  0.23808E-006
    9778  0.23845E-006
    9779  0.23883E-006
    9780  0.23923E-006
    9781  0.23965E-006
    9782  0.24009E-006
    9783  0.24054E-006
    9784  0.24101E-006
    9785  0.24149E-006
    9786  0.24199E-006
    9787  0.24251E-006
    9788  0.24304E-006
    9789  0.24358E-006
    9790  0.24414E-006
    9791  0.24471E-006
    9792  0.24529E-006
    9793  0.24589E-006
    9794  0.24650E-006
    9795  0.24712E-006
    9796  0.24775E-006
    9797  0.24839E-006
    9798  0.24904E-006
    9799  0.24970E-006
    9800  0.25038E-006
    9801  0.25106E-006
    9802  0.25175E-006
    9803  0.25245E-006
    9804  0.25316E-006
    9805  0.25387E-006
    9806  0.25460E-006
    9807  0.25533E-006
    9808  0.25607E-006
    9809  0.25681E-006
    9810  0.25756E-006
    9811  0.25832E-006
    9812  0.25908E-006
    9813  0.25985E-006
    9814  0.26063E-006
    9815  0.26141E-006
    9816  0.26219E-006
    9817  0.26298E-006
    9818  0.26378E-006
    9819  0.26457E-006
    9820  0.26538E-006
    9821  0.26618E-006
    9822  0.26699E-006
    9823  0.26780E-006
    9824  0.26862E-006
    9825  0.26943E-006
    9826  0.27025E-006
    9827  0.27108E-006
    9828  0.27190E-006
    9829  0.27273E-006
    9830  0.27356E-006
    9831  0.27439E-006
    9832  0.23100E-006
    9833  0.23114E-006
    9834  0.23137E-006
    9835  0.23170E-006
    9836  0.23212E-006
    9837  0.23263E-006
    9838  0.23323E-006
    9839  0.23390E-006
    9840  0.23466E-006
    9841  0.23549E-006
    9842  0.23640E-006
    9843  0.23737E-006
    9844  0.23841E-006
    9845  0.23951E-006
    9846  0.24067E-006
    9847  0.24188E-006
    9848  0.24314E-006
    9849  0.24445E-006
    9850  0.24581E-006
    9851  0.24721E-006
    9852  0.24864E-006
    9853  0.25011E-006
    9854  0.25161E-006
    9855  0.25314E-006
    9856  0.25470E-006
    9857  0.25628E-006
    9858  0.25789E-006
    9859  0.25951E-006
    9860  0.26115E-006
    9861  0.26281E-006
    9862  0.26448E-006
    9863  0.26616E-006
    9864  0.26785E-006
    9865  0.26955E-006
    9866  0.27126E-006
    9867  0.22684E-006
    9868  0.22687E-006
    9869  0.22694E-006
    9870  0.22703E-006
    9871  0.22714E-006
    9872  0.22728E-006
    9873  0.22744E-006
    9874  0.22763E-006
    9875  0.22784E-006
    9876  0.22808E-006
    9877  0.22834E-006
    9878  0.22862E-006
    9879  0.22893E-006
    9880  0.22925E-006
    9881  0.22960E-006
    9882  0.22997E-006
    9883  0.23037E-006
    9884  0.23078E-006
    9885  0.23121E-006
    9886  0.23166E-006
    9887  0.23213E-006
    9888  0.23262E-006
    9889  0.23312E-006
    9890  0.23365E-006
    9891  0.23419E-006
    9892  0.23475E-006
    9893  0.23532E-006
    9894  0.23591E-006
    9895  0.23651E-006
    9896  0.23713E-006
    9897  0.23776E-006
    9898  0.23840E-006
    9899  0.23906E-006
    9900  0.23973E-006
    9901  0.24041E-006
    9902  0.24111E-006
    9903  0.24181E-006
    9904  0.24253E-006
    9905  0.24326E-006
    9906  0.24399E-006
    9907  0.24474E-006
    9908  0.24549E-006
    9909  0.24626E-006
    9910  0.24703E-006
    9911  0.24781E-006
    9912  0.24859E-006
    9913  0.24939E-006
    9914  0.25019E-006
    9915  0.25100E-006
    9916  0.25181E-006
    9917  0.25263E-006
    9918  0.25346E-006
    9919  0.25429E-006
    9920  0.25512E-006
    9921  0.25597E-006
    9922  0.25681E-006
    9923  0.25766E-006
    9924  0.25851E-006
    9925  0.25937E-006
    9926  0.26023E-006
    9927  0.26109E-006
    9928  0.26196E-006
    9929  0.26283E-006
    9930  0.26370E-006
    9931  0.26457E-006
    9932  0.26544E-006
    9933  0.26632E-006
    9934  0.26720E-006
    9935  0.26808E-006
    9936  0.26896E-006
    9937  0.26985E-006
    9938  0.22263E-006
    9939  0.22280E-006
    9940  0.22307E-006
    9941  0.22344E-006
    9942  0.22392E-006
    9943  0.22450E-006
    9944  0.22518E-006
    9945  0.22594E-006
    9946  0.22680E-006
    9947  0.22774E-006
    9948  0.22875E-006
    9949  0.22984E-006
    9950  0.23101E-006
    9951  0.23223E-006
    9952  0.23352E-006
    9953  0.23486E-006
    9954  0.23626E-006
    9955  0.23771E-006
    9956  0.23920E-006
    9957  0.24073E-006
    9958  0.24230E-006
    9959  0.24391E-006
    9960  0.24554E-006
    9961  0.24721E-006
    9962  0.24890E-006
    9963  0.25061E-006
    9964  0.25234E-006
    9965  0.25409E-006
    9966  0.25586E-006
    9967  0.25763E-006
    9968  0.25942E-006
    9969  0.26122E-006
    9970  0.26303E-006
    9971  0.26484E-006
    9972  0.26666E-006
    9973  0.21822E-006
    9974  0.21826E-006
    9975  0.21833E-006
    9976  0.21844E-006
    9977  0.21857E-006
    9978  0.21873E-006
    9979  0.21892E-006
    9980  0.21913E-006
    9981  0.21937E-006
    9982  0.21965E-006
    9983  0.21994E-006
    9984  0.22027E-006
    9985  0.22061E-006
    9986  0.22099E-006
    9987  0.22139E-006
    9988  0.22181E-006
    9989  0.22225E-006
    9990  0.22272E-006
    9991  0.22321E-006
    9992  0.22372E-006
    9993  0.22425E-006
    9994  0.22480E-006
    9995  0.22537E-006
    9996  0.22596E-006
    9997  0.22656E-006
    9998  0.22719E-006
    9999  0.22783E-006
   10000  0.22848E-006
   10001  0.22916E-006
   10002  0.22984E-006
   10003  0.23055E-006
   10004  0.23126E-006
   10005  0.23199E-006
   10006  0.23273E-006
   10007  0.23349E-006
   10008  0.23426E-006
   10009  0.23503E-006
   10010  0.23582E-006
   10011  0.23662E-006
   10012  0.23743E-006
   10013  0.23825E-006
   10014  0.23907E-006
   10015  0.23991E-006
   10016  0.24075E-006
   10017  0.24160E-006
   10018  0.24246E-006
   10019  0.24332E-006
   10020  0.24419E-006
   10021  0.24507E-006
   10022  0.24595E-006
   10023  0.24684E-006
   10024  0.24774E-006
   10025  0.24863E-006
   10026  0.24954E-006
   10027  0.25044E-006
   10028  0.25135E-006
   10029  0.25227E-006
   10030  0.25318E-006
   10031  0.25410E-006
   10032  0.25503E-006
   10033  0.25595E-006
   10034  0.25688E-006
   10035  0.25781E-006
   10036  0.25874E-006
   10037  0.25967E-006
   10038  0.26061E-006
   10039  0.26154E-006
   10040  0.26248E-006
   10041  0.26342E-006
   10042  0.26435E-006
   10043  0.26529E-006
   10044  0.21375E-006
   10045  0.21394E-006
   10046  0.21425E-006
   10047  0.21469E-006
   10048  0.21524E-006
   10049  0.21591E-006
   10050  0.21668E-006
   10051  0.21756E-006
   10052  0.21853E-006
   10053  0.21960E-006
   10054  0.22075E-006
   10055  0.22198E-006
   10056  0.22329E-006
   10057  0.22466E-006
   10058  0.22610E-006
   10059  0.22760E-006
   10060  0.22915E-006
   10061  0.23075E-006
   10062  0.23239E-006
   10063  0.23408E-006
   10064  0.23580E-006
   10065  0.23756E-006
   10066  0.23934E-006
   10067  0.24115E-006
   10068  0.24299E-006
   10069  0.24484E-006
   10070  0.24671E-006
   10071  0.24860E-006
   10072  0.25050E-006
   10073  0.25241E-006
   10074  0.25433E-006
   10075  0.25625E-006
   10076  0.25818E-006
   10077  0.26012E-006
   10078  0.26205E-006
   10079  0.20904E-006
   10080  0.20909E-006
   10081  0.20918E-006
   10082  0.20930E-006
   10083  0.20945E-006
   10084  0.20964E-006
   10085  0.20986E-006
   10086  0.21011E-006
   10087  0.21039E-006
   10088  0.21070E-006
   10089  0.21105E-006
   10090  0.21142E-006
   10091  0.21182E-006
   10092  0.21225E-006
   10093  0.21271E-006
   10094  0.21319E-006
   10095  0.21370E-006
   10096  0.21424E-006
   10097  0.21479E-006
   10098  0.21538E-006
   10099  0.21598E-006
   10100  0.21660E-006
   10101  0.21725E-006
   10102  0.21791E-006
   10103  0.21860E-006
   10104  0.21930E-006
   10105  0.22002E-006
   10106  0.22076E-006
   10107  0.22151E-006
   10108  0.22228E-006
   10109  0.22307E-006
   10110  0.22386E-006
   10111  0.22468E-006
   10112  0.22550E-006
   10113  0.22634E-006
   10114  0.22719E-006
   10115  0.22805E-006
   10116  0.22892E-006
   10117  0.22980E-006
   10118  0.23069E-006
   10119  0.23158E-006
   10120  0.23249E-006
   10121  0.23341E-006
   10122  0.23433E-006
   10123  0.23526E-006
   10124  0.23619E-006
   10125  0.23714E-006
   10126  0.23809E-006
   10127  0.23904E-006
   10128  0.24000E-006
   10129  0.24096E-006
   10130  0.24193E-006
   10131  0.24290E-006
   10132  0.24388E-006
   10133  0.24485E-006
   10134  0.24584E-006
   10135  0.24682E-006
   10136  0.24781E-006
   10137  0.24880E-006
   10138  0.24979E-006
   10139  0.25078E-006
   10140  0.25177E-006
   10141  0.25277E-006
   10142  0.25376E-006
   10143  0.25476E-006
   10144  0.25576E-006
   10145  0.25675E-006
   10146  0.25775E-006
   10147  0.25875E-006
   10148  0.25975E-006
   10149  0.26074E-006
   10150  0.20428E-006
   10151  0.20450E-006
   10152  0.20487E-006
   10153  0.20538E-006
   10154  0.20602E-006
   10155  0.20680E-006
   10156  0.20769E-006
   10157  0.20871E-006
   10158  0.20983E-006
   10159  0.21105E-006
   10160  0.21236E-006
   10161  0.21376E-006
   10162  0.21523E-006
   10163  0.21678E-006
   10164  0.21839E-006
   10165  0.22007E-006
   10166  0.22179E-006
   10167  0.22357E-006
   10168  0.22539E-006
   10169  0.22725E-006
   10170  0.22914E-006
   10171  0.23107E-006
   10172  0.23302E-006
   10173  0.23499E-006
   10174  0.23699E-006
   10175  0.23900E-006
   10176  0.24102E-006
   10177  0.24306E-006
   10178  0.24510E-006
   10179  0.24716E-006
   10180  0.24921E-006
   10181  0.25127E-006
   10182  0.25333E-006
   10183  0.25539E-006
   10184  0.25745E-006
   10185  0.19924E-006
   10186  0.19930E-006
   10187  0.19940E-006
   10188  0.19954E-006
   10189  0.19972E-006
   10190  0.19994E-006
   10191  0.20020E-006
   10192  0.20049E-006
   10193  0.20083E-006
   10194  0.20119E-006
   10195  0.20160E-006
   10196  0.20203E-006
   10197  0.20250E-006
   10198  0.20300E-006
   10199  0.20353E-006
   10200  0.20409E-006
   10201  0.20468E-006
   10202  0.20530E-006
   10203  0.20594E-006
   10204  0.20661E-006
   10205  0.20730E-006
   10206  0.20801E-006
   10207  0.20875E-006
   10208  0.20950E-006
   10209  0.21028E-006
   10210  0.21108E-006
   10211  0.21189E-006
   10212  0.21272E-006
   10213  0.21357E-006
   10214  0.21443E-006
   10215  0.21531E-006
   10216  0.21621E-006
   10217  0.21711E-006
   10218  0.21803E-006
   10219  0.21896E-006
   10220  0.21990E-006
   10221  0.22086E-006
   10222  0.22182E-006
   10223  0.22279E-006
   10224  0.22377E-006
   10225  0.22476E-006
   10226  0.22576E-006
   10227  0.22676E-006
   10228  0.22778E-006
   10229  0.22879E-006
   10230  0.22982E-006
   10231  0.23084E-006
   10232  0.23188E-006
   10233  0.23292E-006
   10234  0.23396E-006
   10235  0.23500E-006
   10236  0.23605E-006
   10237  0.23710E-006
   10238  0.23816E-006
   10239  0.23921E-006
   10240  0.24027E-006
   10241  0.24133E-006
   10242  0.24240E-006
   10243  0.24346E-006
   10244  0.24452E-006
   10245  0.24559E-006
   10246  0.24665E-006
   10247  0.24772E-006
   10248  0.24878E-006
   10249  0.24984E-006
   10250  0.25091E-006
   10251  0.25197E-006
   10252  0.25303E-006
   10253  0.25410E-006
   10254  0.25516E-006
   10255  0.25621E-006
   10256  0.19415E-006
   10257  0.19441E-006
   10258  0.19485E-006
   10259  0.19545E-006
   10260  0.19621E-006
   10261  0.19712E-006
   10262  0.19817E-006
   10263  0.19935E-006
   10264  0.20064E-006
   10265  0.20205E-006
   10266  0.20356E-006
   10267  0.20515E-006
   10268  0.20683E-006
   10269  0.20858E-006
   10270  0.21040E-006
   10271  0.21228E-006
   10272  0.21421E-006
   10273  0.21619E-006
   10274  0.21820E-006
   10275  0.22026E-006
   10276  0.22234E-006
   10277  0.22445E-006
   10278  0.22659E-006
   10279  0.22874E-006
   10280  0.23091E-006
   10281  0.23309E-006
   10282  0.23528E-006
   10283  0.23748E-006
   10284  0.23968E-006
   10285  0.24189E-006
   10286  0.24409E-006
   10287  0.24629E-006
   10288  0.24849E-006
   10289  0.25069E-006
   10290  0.25287E-006
   10291  0.18873E-006
   10292  0.18880E-006
   10293  0.18892E-006
   10294  0.18909E-006
   10295  0.18931E-006
   10296  0.18957E-006
   10297  0.18988E-006
   10298  0.19023E-006
   10299  0.19062E-006
   10300  0.19106E-006
   10301  0.19153E-006
   10302  0.19205E-006
   10303  0.19260E-006
   10304  0.19318E-006
   10305  0.19381E-006
   10306  0.19446E-006
   10307  0.19515E-006
   10308  0.19586E-006
   10309  0.19661E-006
   10310  0.19738E-006
   10311  0.19817E-006
   10312  0.19900E-006
   10313  0.19984E-006
   10314  0.20071E-006
   10315  0.20159E-006
   10316  0.20250E-006
   10317  0.20342E-006
   10318  0.20436E-006
   10319  0.20532E-006
   10320  0.20630E-006
   10321  0.20729E-006
   10322  0.20829E-006
   10323  0.20930E-006
   10324  0.21033E-006
   10325  0.21137E-006
   10326  0.21242E-006
   10327  0.21348E-006
   10328  0.21454E-006
   10329  0.21562E-006
   10330  0.21670E-006
   10331  0.21780E-006
   10332  0.21889E-006
   10333  0.22000E-006
   10334  0.22111E-006
   10335  0.22222E-006
   10336  0.22334E-006
   10337  0.22446E-006
   10338  0.22559E-006
   10339  0.22672E-006
   10340  0.22785E-006
   10341  0.22899E-006
   10342  0.23013E-006
   10343  0.23126E-006
   10344  0.23240E-006
   10345  0.23355E-006
   10346  0.23469E-006
   10347  0.23583E-006
   10348  0.23697E-006
   10349  0.23811E-006
   10350  0.23926E-006
   10351  0.24040E-006
   10352  0.24154E-006
   10353  0.24268E-006
   10354  0.24381E-006
   10355  0.24495E-006
   10356  0.24608E-006
   10357  0.24722E-006
   10358  0.24835E-006
   10359  0.24948E-006
   10360  0.25060E-006
   10361  0.25173E-006
   10362  0.18326E-006
   10363  0.18358E-006
   10364  0.18410E-006
   10365  0.18482E-006
   10366  0.18573E-006
   10367  0.18681E-006
   10368  0.18805E-006
   10369  0.18943E-006
   10370  0.19095E-006
   10371  0.19259E-006
   10372  0.19433E-006
   10373  0.19616E-006
   10374  0.19808E-006
   10375  0.20007E-006
   10376  0.20212E-006
   10377  0.20424E-006
   10378  0.20640E-006
   10379  0.20860E-006
   10380  0.21085E-006
   10381  0.21312E-006
   10382  0.21542E-006
   10383  0.21774E-006
   10384  0.22007E-006
   10385  0.22242E-006
   10386  0.22479E-006
   10387  0.22715E-006
   10388  0.22952E-006
   10389  0.23189E-006
   10390  0.23426E-006
   10391  0.23663E-006
   10392  0.23899E-006
   10393  0.24134E-006
   10394  0.24369E-006
   10395  0.24602E-006
   10396  0.24835E-006
   10397  0.17743E-006
   10398  0.17752E-006
   10399  0.17766E-006
   10400  0.17787E-006
   10401  0.17813E-006
   10402  0.17844E-006
   10403  0.17881E-006
   10404  0.17923E-006
   10405  0.17971E-006
   10406  0.18023E-006
   10407  0.18079E-006
   10408  0.18141E-006
   10409  0.18206E-006
   10410  0.18276E-006
   10411  0.18349E-006
   10412  0.18426E-006
   10413  0.18507E-006
   10414  0.18591E-006
   10415  0.18677E-006
   10416  0.18767E-006
   10417  0.18860E-006
   10418  0.18955E-006
   10419  0.19052E-006
   10420  0.19151E-006
   10421  0.19253E-006
   10422  0.19357E-006
   10423  0.19462E-006
   10424  0.19569E-006
   10425  0.19678E-006
   10426  0.19788E-006
   10427  0.19900E-006
   10428  0.20013E-006
   10429  0.20127E-006
   10430  0.20242E-006
   10431  0.20358E-006
   10432  0.20475E-006
   10433  0.20592E-006
   10434  0.20711E-006
   10435  0.20830E-006
   10436  0.20950E-006
   10437  0.21071E-006
   10438  0.21192E-006
   10439  0.21313E-006
   10440  0.21435E-006
   10441  0.21557E-006
   10442  0.21679E-006
   10443  0.21802E-006
   10444  0.21925E-006
   10445  0.22048E-006
   10446  0.22171E-006
   10447  0.22294E-006
   10448  0.22418E-006
   10449  0.22541E-006
   10450  0.22664E-006
   10451  0.22787E-006
   10452  0.22910E-006
   10453  0.23033E-006
   10454  0.23156E-006
   10455  0.23279E-006
   10456  0.23401E-006
   10457  0.23523E-006
   10458  0.23645E-006
   10459  0.23767E-006
   10460  0.23889E-006
   10461  0.24010E-006
   10462  0.24131E-006
   10463  0.24251E-006
   10464  0.24371E-006
   10465  0.24491E-006
   10466  0.24611E-006
   10467  0.24730E-006
   10468  0.17156E-006
   10469  0.17194E-006
   10470  0.17257E-006
   10471  0.17344E-006
   10472  0.17453E-006
   10473  0.17583E-006
   10474  0.17730E-006
   10475  0.17894E-006
   10476  0.18073E-006
   10477  0.18264E-006
   10478  0.18466E-006
   10479  0.18677E-006
   10480  0.18897E-006
   10481  0.19124E-006
   10482  0.19358E-006
   10483  0.19596E-006
   10484  0.19839E-006
   10485  0.20085E-006
   10486  0.20334E-006
   10487  0.20586E-006
   10488  0.20839E-006
   10489  0.21094E-006
   10490  0.21350E-006
   10491  0.21607E-006
   10492  0.21864E-006
   10493  0.22120E-006
   10494  0.22376E-006
   10495  0.22632E-006
   10496  0.22887E-006
   10497  0.23141E-006
   10498  0.23393E-006
   10499  0.23645E-006
   10500  0.23894E-006
   10501  0.24142E-006
   10502  0.24389E-006
   10503  0.16526E-006
   10504  0.16537E-006
   10505  0.16555E-006
   10506  0.16579E-006
   10507  0.16611E-006
   10508  0.16649E-006
   10509  0.16694E-006
   10510  0.16745E-006
   10511  0.16802E-006
   10512  0.16865E-006
   10513  0.16933E-006
   10514  0.17007E-006
   10515  0.17085E-006
   10516  0.17168E-006
   10517  0.17256E-006
   10518  0.17347E-006
   10519  0.17442E-006
   10520  0.17541E-006
   10521  0.17643E-006
   10522  0.17748E-006
   10523  0.17856E-006
   10524  0.17966E-006
   10525  0.18079E-006
   10526  0.18194E-006
   10527  0.18311E-006
   10528  0.18430E-006
   10529  0.18550E-006
   10530  0.18672E-006
   10531  0.18796E-006
   10532  0.18921E-006
   10533  0.19047E-006
   10534  0.19174E-006
   10535  0.19302E-006
   10536  0.19431E-006
   10537  0.19561E-006
   10538  0.19692E-006
   10539  0.19823E-006
   10540  0.19955E-006
   10541  0.20087E-006
   10542  0.20220E-006
   10543  0.20353E-006
   10544  0.20486E-006
   10545  0.20619E-006
   10546  0.20753E-006
   10547  0.20887E-006
   10548  0.21021E-006
   10549  0.21155E-006
   10550  0.21289E-006
   10551  0.21423E-006
   10552  0.21556E-006
   10553  0.21690E-006
   10554  0.21823E-006
   10555  0.21957E-006
   10556  0.22090E-006
   10557  0.22223E-006
   10558  0.22355E-006
   10559  0.22487E-006
   10560  0.22619E-006
   10561  0.22751E-006
   10562  0.22882E-006
   10563  0.23013E-006
   10564  0.23143E-006
   10565  0.23273E-006
   10566  0.23403E-006
   10567  0.23532E-006
   10568  0.23660E-006
   10569  0.23788E-006
   10570  0.23916E-006
   10571  0.24043E-006
   10572  0.24170E-006
   10573  0.24296E-006
   10574  0.15895E-006
   10575  0.15942E-006
   10576  0.16019E-006
   10577  0.16125E-006
   10578  0.16257E-006
   10579  0.16413E-006
   10580  0.16590E-006
   10581  0.16785E-006
   10582  0.16996E-006
   10583  0.17220E-006
   10584  0.17456E-006
   10585  0.17701E-006
   10586  0.17954E-006
   10587  0.18213E-006
   10588  0.18478E-006
   10589  0.18748E-006
   10590  0.19020E-006
   10591  0.19296E-006
   10592  0.19573E-006
   10593  0.19852E-006
   10594  0.20131E-006
   10595  0.20411E-006
   10596  0.20691E-006
   10597  0.20971E-006
   10598  0.21250E-006
   10599  0.21528E-006
   10600  0.21805E-006
   10601  0.22080E-006
   10602  0.22354E-006
   10603  0.22625E-006
   10604  0.22895E-006
   10605  0.23163E-006
   10606  0.23429E-006
   10607  0.23692E-006
   10608  0.23953E-006
   10609  0.15216E-006
   10610  0.15229E-006
   10611  0.15251E-006
   10612  0.15282E-006
   10613  0.15320E-006
   10614  0.15367E-006
   10615  0.15422E-006
   10616  0.15484E-006
   10617  0.15554E-006
   10618  0.15630E-006
   10619  0.15712E-006
   10620  0.15801E-006
   10621  0.15895E-006
   10622  0.15995E-006
   10623  0.16099E-006
   10624  0.16208E-006
   10625  0.16321E-006
   10626  0.16438E-006
   10627  0.16558E-006
   10628  0.16681E-006
   10629  0.16807E-006
   10630  0.16935E-006
   10631  0.17066E-006
   10632  0.17199E-006
   10633  0.17334E-006
   10634  0.17471E-006
   10635  0.17609E-006
   10636  0.17749E-006
   10637  0.17889E-006
   10638  0.18031E-006
   10639  0.18174E-006
   10640  0.18317E-006
   10641  0.18461E-006
   10642  0.18606E-006
   10643  0.18752E-006
   10644  0.18897E-006
   10645  0.19043E-006
   10646  0.19190E-006
   10647  0.19336E-006
   10648  0.19483E-006
   10649  0.19630E-006
   10650  0.19777E-006
   10651  0.19923E-006
   10652  0.20070E-006
   10653  0.20216E-006
   10654  0.20363E-006
   10655  0.20509E-006
   10656  0.20655E-006
   10657  0.20800E-006
   10658  0.20945E-006
   10659  0.21090E-006
   10660  0.21234E-006
   10661  0.21378E-006
   10662  0.21522E-006
   10663  0.21665E-006
   10664  0.21807E-006
   10665  0.21949E-006
   10666  0.22090E-006
   10667  0.22231E-006
   10668  0.22372E-006
   10669  0.22511E-006
   10670  0.22650E-006
   10671  0.22789E-006
   10672  0.22927E-006
   10673  0.23064E-006
   10674  0.23200E-006
   10675  0.23336E-006
   10676  0.23472E-006
   10677  0.23606E-006
   10678  0.23740E-006
   10679  0.23873E-006
   10680  0.14540E-006
   10681  0.14598E-006
   10682  0.14693E-006
   10683  0.14822E-006
   10684  0.14983E-006
   10685  0.15171E-006
   10686  0.15384E-006
   10687  0.15617E-006
   10688  0.15867E-006
   10689  0.16130E-006
   10690  0.16406E-006
   10691  0.16690E-006
   10692  0.16982E-006
   10693  0.17278E-006
   10694  0.17580E-006
   10695  0.17884E-006
   10696  0.18190E-006
   10697  0.18498E-006
   10698  0.18806E-006
   10699  0.19114E-006
   10700  0.19422E-006
   10701  0.19729E-006
   10702  0.20035E-006
   10703  0.20340E-006
   10704  0.20642E-006
   10705  0.20943E-006
   10706  0.21241E-006
   10707  0.21537E-006
   10708  0.21830E-006
   10709  0.22121E-006
   10710  0.22409E-006
   10711  0.22694E-006
   10712  0.22976E-006
   10713  0.23255E-006
   10714  0.23530E-006
   10715  0.13811E-006
   10716  0.13827E-006
   10717  0.13854E-006
   10718  0.13892E-006
   10719  0.13939E-006
   10720  0.13997E-006
   10721  0.14064E-006
   10722  0.14140E-006
   10723  0.14224E-006
   10724  0.14317E-006
   10725  0.14417E-006
   10726  0.14524E-006
   10727  0.14637E-006
   10728  0.14757E-006
   10729  0.14882E-006
   10730  0.15011E-006
   10731  0.15146E-006
   10732  0.15284E-006
   10733  0.15425E-006
   10734  0.15570E-006
   10735  0.15718E-006
   10736  0.15868E-006
   10737  0.16020E-006
   10738  0.16174E-006
   10739  0.16329E-006
   10740  0.16486E-006
   10741  0.16645E-006
   10742  0.16804E-006
   10743  0.16964E-006
   10744  0.17125E-006
   10745  0.17286E-006
   10746  0.17448E-006
   10747  0.17610E-006
   10748  0.17772E-006
   10749  0.17935E-006
   10750  0.18097E-006
   10751  0.18260E-006
   10752  0.18422E-006
   10753  0.18584E-006
   10754  0.18746E-006
   10755  0.18908E-006
   10756  0.19069E-006
   10757  0.19230E-006
   10758  0.19391E-006
   10759  0.19551E-006
   10760  0.19710E-006
   10761  0.19869E-006
   10762  0.20027E-006
   10763  0.20185E-006
   10764  0.20342E-006
   10765  0.20499E-006
   10766  0.20655E-006
   10767  0.20810E-006
   10768  0.20964E-006
   10769  0.21118E-006
   10770  0.21270E-006
   10771  0.21422E-006
   10772  0.21574E-006
   10773  0.21724E-006
   10774  0.21874E-006
   10775  0.22023E-006
   10776  0.22171E-006
   10777  0.22318E-006
   10778  0.22464E-006
   10779  0.22610E-006
   10780  0.22755E-006
   10781  0.22898E-006
   10782  0.23042E-006
   10783  0.23184E-006
   10784  0.23325E-006
   10785  0.23465E-006
   10786  0.13092E-006
   10787  0.13163E-006
   10788  0.13279E-006
   10789  0.13437E-006
   10790  0.13632E-006
   10791  0.13860E-006
   10792  0.14115E-006
   10793  0.14393E-006
   10794  0.14690E-006
   10795  0.15000E-006
   10796  0.15322E-006
   10797  0.15651E-006
   10798  0.15987E-006
   10799  0.16326E-006
   10800  0.16668E-006
   10801  0.17011E-006
   10802  0.17354E-006
   10803  0.17697E-006
   10804  0.18039E-006
   10805  0.18380E-006
   10806  0.18718E-006
   10807  0.19054E-006
   10808  0.19388E-006
   10809  0.19718E-006
   10810  0.20046E-006
   10811  0.20370E-006
   10812  0.20691E-006
   10813  0.21008E-006
   10814  0.21321E-006
   10815  0.21631E-006
   10816  0.21937E-006
   10817  0.22240E-006
   10818  0.22538E-006
   10819  0.22833E-006
   10820  0.23124E-006
   10821  0.12314E-006
   10822  0.12334E-006
   10823  0.12367E-006
   10824  0.12413E-006
   10825  0.12471E-006
   10826  0.12542E-006
   10827  0.12623E-006
   10828  0.12716E-006
   10829  0.12819E-006
   10830  0.12931E-006
   10831  0.13052E-006
   10832  0.13181E-006
   10833  0.13317E-006
   10834  0.13461E-006
   10835  0.13610E-006
   10836  0.13764E-006
   10837  0.13923E-006
   10838  0.14087E-006
   10839  0.14253E-006
   10840  0.14423E-006
   10841  0.14596E-006
   10842  0.14770E-006
   10843  0.14947E-006
   10844  0.15125E-006
   10845  0.15304E-006
   10846  0.15484E-006
   10847  0.15665E-006
   10848  0.15846E-006
   10849  0.16028E-006
   10850  0.16210E-006
   10851  0.16392E-006
   10852  0.16574E-006
   10853  0.16756E-006
   10854  0.16937E-006
   10855  0.17119E-006
   10856  0.17299E-006
   10857  0.17479E-006
   10858  0.17659E-006
   10859  0.17838E-006
   10860  0.18016E-006
   10861  0.18194E-006
   10862  0.18371E-006
   10863  0.18547E-006
   10864  0.18722E-006
   10865  0.18896E-006
   10866  0.19070E-006
   10867  0.19242E-006
   10868  0.19414E-006
   10869  0.19584E-006
   10870  0.19754E-006
   10871  0.19922E-006
   10872  0.20090E-006
   10873  0.20257E-006
   10874  0.20422E-006
   10875  0.20587E-006
   10876  0.20750E-006
   10877  0.20913E-006
   10878  0.21074E-006
   10879  0.21234E-006
   10880  0.21394E-006
   10881  0.21552E-006
   10882  0.21709E-006
   10883  0.21865E-006
   10884  0.22020E-006
   10885  0.22174E-006
   10886  0.22327E-006
   10887  0.22479E-006
   10888  0.22629E-006
   10889  0.22779E-006
   10890  0.22928E-006
   10891  0.23076E-006
   10892  0.11557E-006
   10893  0.11644E-006
   10894  0.11786E-006
   10895  0.11978E-006
   10896  0.12214E-006
   10897  0.12488E-006
   10898  0.12794E-006
   10899  0.13125E-006
   10900  0.13475E-006
   10901  0.13840E-006
   10902  0.14214E-006
   10903  0.14595E-006
   10904  0.14980E-006
   10905  0.15366E-006
   10906  0.15753E-006
   10907  0.16139E-006
   10908  0.16523E-006
   10909  0.16904E-006
   10910  0.17282E-006
   10911  0.17657E-006
   10912  0.18027E-006
   10913  0.18394E-006
   10914  0.18756E-006
   10915  0.19114E-006
   10916  0.19467E-006
   10917  0.19815E-006
   10918  0.20159E-006
   10919  0.20498E-006
   10920  0.20832E-006
   10921  0.21161E-006
   10922  0.21486E-006
   10923  0.21806E-006
   10924  0.22121E-006
   10925  0.22431E-006
   10926  0.22737E-006
   10927  0.10738E-006
   10928  0.10762E-006
   10929  0.10802E-006
   10930  0.10858E-006
   10931  0.10929E-006
   10932  0.11014E-006
   10933  0.11113E-006
   10934  0.11225E-006
   10935  0.11349E-006
   10936  0.11484E-006
   10937  0.11630E-006
   10938  0.11785E-006
   10939  0.11948E-006
   10940  0.12119E-006
   10941  0.12296E-006
   10942  0.12479E-006
   10943  0.12667E-006
   10944  0.12859E-006
   10945  0.13054E-006
   10946  0.13253E-006
   10947  0.13453E-006
   10948  0.13656E-006
   10949  0.13860E-006
   10950  0.14064E-006
   10951  0.14270E-006
   10952  0.14476E-006
   10953  0.14682E-006
   10954  0.14888E-006
   10955  0.15093E-006
   10956  0.15298E-006
   10957  0.15503E-006
   10958  0.15707E-006
   10959  0.15910E-006
   10960  0.16112E-006
   10961  0.16313E-006
   10962  0.16513E-006
   10963  0.16712E-006
   10964  0.16910E-006
   10965  0.17107E-006
   10966  0.17302E-006
   10967  0.17496E-006
   10968  0.17689E-006
   10969  0.17881E-006
   10970  0.18072E-006
   10971  0.18261E-006
   10972  0.18449E-006
   10973  0.18635E-006
   10974  0.18820E-006
   10975  0.19004E-006
   10976  0.19186E-006
   10977  0.19367E-006
   10978  0.19547E-006
   10979  0.19725E-006
   10980  0.19902E-006
   10981  0.20078E-006
   10982  0.20252E-006
   10983  0.20425E-006
   10984  0.20596E-006
   10985  0.20766E-006
   10986  0.20935E-006
   10987  0.21103E-006
   10988  0.21269E-006
   10989  0.21434E-006
   10990  0.21598E-006
   10991  0.21760E-006
   10992  0.21921E-006
   10993  0.22081E-006
   10994  0.22239E-006
   10995  0.22396E-006
   10996  0.22552E-006
   10997  0.22707E-006
   10998  0.99521E-007
   10999  0.10058E-006
   11000  0.10229E-006
   11001  0.10461E-006
   11002  0.10745E-006
   11003  0.11073E-006
   11004  0.11437E-006
   11005  0.11828E-006
   11006  0.12239E-006
   11007  0.12664E-006
   11008  0.13097E-006
   11009  0.13535E-006
   11010  0.13974E-006
   11011  0.14412E-006
   11012  0.14847E-006
   11013  0.15279E-006
   11014  0.15706E-006
   11015  0.16128E-006
   11016  0.16544E-006
   11017  0.16954E-006
   11018  0.17358E-006
   11019  0.17756E-006
   11020  0.18148E-006
   11021  0.18533E-006
   11022  0.18912E-006
   11023  0.19285E-006
   11024  0.19652E-006
   11025  0.20013E-006
   11026  0.20368E-006
   11027  0.20716E-006
   11028  0.21059E-006
   11029  0.21396E-006
   11030  0.21728E-006
   11031  0.22053E-006
   11032  0.22374E-006
   11033  0.91028E-007
   11034  0.91320E-007
   11035  0.91805E-007
   11036  0.92476E-007
   11037  0.93330E-007
   11038  0.94355E-007
   11039  0.95545E-007
   11040  0.96887E-007
   11041  0.98373E-007
   11042  0.99989E-007
   11043  0.10172E-006
   11044  0.10356E-006
   11045  0.10550E-006
   11046  0.10752E-006
   11047  0.10960E-006
   11048  0.11175E-006
   11049  0.11395E-006
   11050  0.11619E-006
   11051  0.11847E-006
   11052  0.12076E-006
   11053  0.12308E-006
   11054  0.12541E-006
   11055  0.12775E-006
   11056  0.13009E-006
   11057  0.13243E-006
   11058  0.13477E-006
   11059  0.13710E-006
   11060  0.13942E-006
   11061  0.14173E-006
   11062  0.14403E-006
   11063  0.14631E-006
   11064  0.14858E-006
   11065  0.15084E-006
   11066  0.15307E-006
   11067  0.15529E-006
   11068  0.15750E-006
   11069  0.15968E-006
   11070  0.16185E-006
   11071  0.16400E-006
   11072  0.16614E-006
   11073  0.16825E-006
   11074  0.17035E-006
   11075  0.17243E-006
   11076  0.17449E-006
   11077  0.17653E-006
   11078  0.17855E-006
   11079  0.18056E-006
   11080  0.18255E-006
   11081  0.18452E-006
   11082  0.18647E-006
   11083  0.18840E-006
   11084  0.19032E-006
   11085  0.19222E-006
   11086  0.19410E-006
   11087  0.19597E-006
   11088  0.19782E-006
   11089  0.19965E-006
   11090  0.20146E-006
   11091  0.20326E-006
   11092  0.20505E-006
   11093  0.20681E-006
   11094  0.20856E-006
   11095  0.21030E-006
   11096  0.21202E-006
   11097  0.21372E-006
   11098  0.21541E-006
   11099  0.21709E-006
   11100  0.21875E-006
   11101  0.22039E-006
   11102  0.22202E-006
   11103  0.22364E-006
   11104  0.83059E-007
   11105  0.84322E-007
   11106  0.86372E-007
   11107  0.89132E-007
   11108  0.92507E-007
   11109  0.96388E-007
   11110  0.10067E-006
   11111  0.10525E-006
   11112  0.11003E-006
   11113  0.11494E-006
   11114  0.11991E-006
   11115  0.12490E-006
   11116  0.12987E-006
   11117  0.13480E-006
   11118  0.13966E-006
   11119  0.14446E-006
   11120  0.14918E-006
   11121  0.15381E-006
   11122  0.15836E-006
   11123  0.16283E-006
   11124  0.16721E-006
   11125  0.17150E-006
   11126  0.17572E-006
   11127  0.17985E-006
   11128  0.18390E-006
   11129  0.18787E-006
   11130  0.19177E-006
   11131  0.19559E-006
   11132  0.19934E-006
   11133  0.20301E-006
   11134  0.20662E-006
   11135  0.21016E-006
   11136  0.21363E-006
   11137  0.21704E-006
   11138  0.22038E-006
   11139  0.74448E-007
   11140  0.74795E-007
   11141  0.75372E-007
   11142  0.76170E-007
   11143  0.77183E-007
   11144  0.78398E-007
   11145  0.79807E-007
   11146  0.81395E-007
   11147  0.83149E-007
   11148  0.85053E-007
   11149  0.87092E-007
   11150  0.89252E-007
   11151  0.91517E-007
   11152  0.93873E-007
   11153  0.96304E-007
   11154  0.98800E-007
   11155  0.10135E-006
   11156  0.10393E-006
   11157  0.10655E-006
   11158  0.10919E-006
   11159  0.11184E-006
   11160  0.11449E-006
   11161  0.11715E-006
   11162  0.11980E-006
   11163  0.12244E-006
   11164  0.12507E-006
   11165  0.12768E-006
   11166  0.13028E-006
   11167  0.13285E-006
   11168  0.13541E-006
   11169  0.13794E-006
   11170  0.14045E-006
   11171  0.14293E-006
   11172  0.14539E-006
   11173  0.14782E-006
   11174  0.15023E-006
   11175  0.15262E-006
   11176  0.15498E-006
   11177  0.15732E-006
   11178  0.15963E-006
   11179  0.16191E-006
   11180  0.16418E-006
   11181  0.16641E-006
   11182  0.16863E-006
   11183  0.17082E-006
   11184  0.17299E-006
   11185  0.17513E-006
   11186  0.17726E-006
   11187  0.17936E-006
   11188  0.18144E-006
   11189  0.18349E-006
   11190  0.18553E-006
   11191  0.18754E-006
   11192  0.18953E-006
   11193  0.19151E-006
   11194  0.19346E-006
   11195  0.19539E-006
   11196  0.19730E-006
   11197  0.19919E-006
   11198  0.20107E-006
   11199  0.20292E-006
   11200  0.20476E-006
   11201  0.20658E-006
   11202  0.20838E-006
   11203  0.21016E-006
   11204  0.21193E-006
   11205  0.21367E-006
   11206  0.21540E-006
   11207  0.21712E-006
   11208  0.21882E-006
   11209  0.22050E-006
   11210  0.66590E-007
   11211  0.68079E-007
   11212  0.70491E-007
   11213  0.73732E-007
   11214  0.77680E-007
   11215  0.82206E-007
   11216  0.87174E-007
   11217  0.92460E-007
   11218  0.97951E-007
   11219  0.10356E-006
   11220  0.10920E-006
   11221  0.11483E-006
   11222  0.12040E-006
   11223  0.12589E-006
   11224  0.13128E-006
   11225  0.13656E-006
   11226  0.14173E-006
   11227  0.14679E-006
   11228  0.15173E-006
   11229  0.15655E-006
   11230  0.16127E-006
   11231  0.16587E-006
   11232  0.17038E-006
   11233  0.17478E-006
   11234  0.17908E-006
   11235  0.18329E-006
   11236  0.18740E-006
   11237  0.19143E-006
   11238  0.19537E-006
   11239  0.19922E-006
   11240  0.20300E-006
   11241  0.20669E-006
   11242  0.21031E-006
   11243  0.21386E-006
   11244  0.21734E-006
   11245  0.58110E-007
   11246  0.58516E-007
   11247  0.59190E-007
   11248  0.60121E-007
   11249  0.61303E-007
   11250  0.62720E-007
   11251  0.64361E-007
   11252  0.66207E-007
   11253  0.68244E-007
   11254  0.70452E-007
   11255  0.72812E-007
   11256  0.75307E-007
   11257  0.77918E-007
   11258  0.80628E-007
   11259  0.83418E-007
   11260  0.86275E-007
   11261  0.89183E-007
   11262  0.92128E-007
   11263  0.95099E-007
   11264  0.98086E-007
   11265  0.10108E-006
   11266  0.10407E-006
   11267  0.10705E-006
   11268  0.11002E-006
   11269  0.11297E-006
   11270  0.11589E-006
   11271  0.11879E-006
   11272  0.12166E-006
   11273  0.12450E-006
   11274  0.12731E-006
   11275  0.13009E-006
   11276  0.13284E-006
   11277  0.13555E-006
   11278  0.13823E-006
   11279  0.14087E-006
   11280  0.14349E-006
   11281  0.14607E-006
   11282  0.14862E-006
   11283  0.15113E-006
   11284  0.15362E-006
   11285  0.15607E-006
   11286  0.15850E-006
   11287  0.16089E-006
   11288  0.16325E-006
   11289  0.16559E-006
   11290  0.16789E-006
   11291  0.17017E-006
   11292  0.17243E-006
   11293  0.17465E-006
   11294  0.17685E-006
   11295  0.17902E-006
   11296  0.18117E-006
   11297  0.18329E-006
   11298  0.18539E-006
   11299  0.18746E-006
   11300  0.18951E-006
   11301  0.19153E-006
   11302  0.19354E-006
   11303  0.19552E-006
   11304  0.19748E-006
   11305  0.19941E-006
   11306  0.20133E-006
   11307  0.20323E-006
   11308  0.20510E-006
   11309  0.20696E-006
   11310  0.20879E-006
   11311  0.21061E-006
   11312  0.21240E-006
   11313  0.21418E-006
   11314  0.21594E-006
   11315  0.21768E-006
   11316  0.50647E-007
   11317  0.52369E-007
   11318  0.55155E-007
   11319  0.58891E-007
   11320  0.63431E-007
   11321  0.68617E-007
   11322  0.74290E-007
   11323  0.80298E-007
   11324  0.86512E-007
   11325  0.92820E-007
   11326  0.99139E-007
   11327  0.10541E-006
   11328  0.11158E-006
   11329  0.11762E-006
   11330  0.12353E-006
   11331  0.12929E-006
   11332  0.13490E-006
   11333  0.14036E-006
   11334  0.14567E-006
   11335  0.15084E-006
   11336  0.15588E-006
   11337  0.16078E-006
   11338  0.16555E-006
   11339  0.17021E-006
   11340  0.17475E-006
   11341  0.17917E-006
   11342  0.18349E-006
   11343  0.18771E-006
   11344  0.19182E-006
   11345  0.19584E-006
   11346  0.19977E-006
   11347  0.20361E-006
   11348  0.20737E-006
   11349  0.21104E-006
   11350  0.21464E-006
   11351  0.42601E-007
   11352  0.43066E-007
   11353  0.43837E-007
   11354  0.44903E-007
   11355  0.46255E-007
   11356  0.47875E-007
   11357  0.49749E-007
   11358  0.51856E-007
   11359  0.54176E-007
   11360  0.56689E-007
   11361  0.59371E-007
   11362  0.62201E-007
   11363  0.65158E-007
   11364  0.68221E-007
   11365  0.71369E-007
   11366  0.74585E-007
   11367  0.77850E-007
   11368  0.81152E-007
   11369  0.84473E-007
   11370  0.87804E-007
   11371  0.91133E-007
   11372  0.94452E-007
   11373  0.97752E-007
   11374  0.10103E-006
   11375  0.10428E-006
   11376  0.10749E-006
   11377  0.11067E-006
   11378  0.11380E-006
   11379  0.11690E-006
   11380  0.11996E-006
   11381  0.12297E-006
   11382  0.12595E-006
   11383  0.12888E-006
   11384  0.13176E-006
   11385  0.13461E-006
   11386  0.13742E-006
   11387  0.14018E-006
   11388  0.14290E-006
   11389  0.14559E-006
   11390  0.14824E-006
   11391  0.15085E-006
   11392  0.15342E-006
   11393  0.15596E-006
   11394  0.15846E-006
   11395  0.16093E-006
   11396  0.16337E-006
   11397  0.16577E-006
   11398  0.16814E-006
   11399  0.17048E-006
   11400  0.17279E-006
   11401  0.17507E-006
   11402  0.17732E-006
   11403  0.17954E-006
   11404  0.18173E-006
   11405  0.18389E-006
   11406  0.18603E-006
   11407  0.18814E-006
   11408  0.19023E-006
   11409  0.19229E-006
   11410  0.19433E-006
   11411  0.19634E-006
   11412  0.19833E-006
   11413  0.20029E-006
   11414  0.20223E-006
   11415  0.20415E-006
   11416  0.20605E-006
   11417  0.20793E-006
   11418  0.20979E-006
   11419  0.21162E-006
   11420  0.21344E-006
   11421  0.21523E-006
   11422  0.35857E-007
   11423  0.37807E-007
   11424  0.40960E-007
   11425  0.45179E-007
   11426  0.50296E-007
   11427  0.56126E-007
   11428  0.62482E-007
   11429  0.69191E-007
   11430  0.76100E-007
   11431  0.83085E-007
   11432  0.90050E-007
   11433  0.96925E-007
   11434  0.10366E-006
   11435  0.11024E-006
   11436  0.11663E-006
   11437  0.12283E-006
   11438  0.12885E-006
   11439  0.13468E-006
   11440  0.14034E-006
   11441  0.14583E-006
   11442  0.15115E-006
   11443  0.15632E-006
   11444  0.16135E-006
   11445  0.16623E-006
   11446  0.17098E-006
   11447  0.17560E-006
   11448  0.18011E-006
   11449  0.18449E-006
   11450  0.18876E-006
   11451  0.19293E-006
   11452  0.19700E-006
   11453  0.20097E-006
   11454  0.20484E-006
   11455  0.20863E-006
   11456  0.21233E-006
   11457  0.28586E-007
   11458  0.29107E-007
   11459  0.29972E-007
   11460  0.31165E-007
   11461  0.32678E-007
   11462  0.34490E-007
   11463  0.36585E-007
   11464  0.38938E-007
   11465  0.41527E-007
   11466  0.44327E-007
   11467  0.47313E-007
   11468  0.50459E-007
   11469  0.53741E-007
   11470  0.57136E-007
   11471  0.60620E-007
   11472  0.64173E-007
   11473  0.67773E-007
   11474  0.71407E-007
   11475  0.75056E-007
   11476  0.78708E-007
   11477  0.82349E-007
   11478  0.85973E-007
   11479  0.89568E-007
   11480  0.93130E-007
   11481  0.96652E-007
   11482  0.10013E-006
   11483  0.10356E-006
   11484  0.10695E-006
   11485  0.11028E-006
   11486  0.11356E-006
   11487  0.11679E-006
   11488  0.11997E-006
   11489  0.12309E-006
   11490  0.12617E-006
   11491  0.12920E-006
   11492  0.13218E-006
   11493  0.13511E-006
   11494  0.13799E-006
   11495  0.14083E-006
   11496  0.14362E-006
   11497  0.14637E-006
   11498  0.14908E-006
   11499  0.15174E-006
   11500  0.15437E-006
   11501  0.15696E-006
   11502  0.15951E-006
   11503  0.16202E-006
   11504  0.16449E-006
   11505  0.16693E-006
   11506  0.16934E-006
   11507  0.17171E-006
   11508  0.17405E-006
   11509  0.17635E-006
   11510  0.17863E-006
   11511  0.18088E-006
   11512  0.18309E-006
   11513  0.18528E-006
   11514  0.18743E-006
   11515  0.18956E-006
   11516  0.19167E-006
   11517  0.19374E-006
   11518  0.19579E-006
   11519  0.19782E-006
   11520  0.19982E-006
   11521  0.20180E-006
   11522  0.20375E-006
   11523  0.20568E-006
   11524  0.20759E-006
   11525  0.20947E-006
   11526  0.21133E-006
   11527  0.21318E-006
   11528  0.22904E-007
   11529  0.25063E-007
   11530  0.28550E-007
   11531  0.33210E-007
   11532  0.38853E-007
   11533  0.45269E-007
   11534  0.52245E-007
   11535  0.59587E-007
   11536  0.67125E-007
   11537  0.74719E-007
   11538  0.82264E-007
   11539  0.89683E-007
   11540  0.96926E-007
   11541  0.10396E-006
   11542  0.11078E-006
   11543  0.11738E-006
   11544  0.12375E-006
   11545  0.12992E-006
   11546  0.13587E-006
   11547  0.14164E-006
   11548  0.14721E-006
   11549  0.15262E-006
   11550  0.15785E-006
   11551  0.16293E-006
   11552  0.16786E-006
   11553  0.17265E-006
   11554  0.17731E-006
   11555  0.18184E-006
   11556  0.18625E-006
   11557  0.19054E-006
   11558  0.19472E-006
   11559  0.19880E-006
   11560  0.20277E-006
   11561  0.20665E-006
   11562  0.21044E-006
   11563  0.16758E-007
   11564  0.17328E-007
   11565  0.18274E-007
   11566  0.19579E-007
   11567  0.21234E-007
   11568  0.23214E-007
   11569  0.25501E-007
   11570  0.28069E-007
   11571  0.30893E-007
   11572  0.33944E-007
   11573  0.37195E-007
   11574  0.40617E-007
   11575  0.44183E-007
   11576  0.47867E-007
   11577  0.51642E-007
   11578  0.55488E-007
   11579  0.59379E-007
   11580  0.63301E-007
   11581  0.67232E-007
   11582  0.71161E-007
   11583  0.75073E-007
   11584  0.78959E-007
   11585  0.82808E-007
   11586  0.86615E-007
   11587  0.90373E-007
   11588  0.94078E-007
   11589  0.97727E-007
   11590  0.10132E-006
   11591  0.10485E-006
   11592  0.10832E-006
   11593  0.11173E-006
   11594  0.11509E-006
   11595  0.11838E-006
   11596  0.12162E-006
   11597  0.12480E-006
   11598  0.12792E-006
   11599  0.13099E-006
   11600  0.13400E-006
   11601  0.13697E-006
   11602  0.13988E-006
   11603  0.14275E-006
   11604  0.14557E-006
   11605  0.14834E-006
   11606  0.15107E-006
   11607  0.15375E-006
   11608  0.15640E-006
   11609  0.15900E-006
   11610  0.16156E-006
   11611  0.16408E-006
   11612  0.16657E-006
   11613  0.16902E-006
   11614  0.17143E-006
   11615  0.17381E-006
   11616  0.17615E-006
   11617  0.17846E-006
   11618  0.18074E-006
   11619  0.18299E-006
   11620  0.18520E-006
   11621  0.18739E-006
   11622  0.18955E-006
   11623  0.19168E-006
   11624  0.19378E-006
   11625  0.19585E-006
   11626  0.19790E-006
   11627  0.19992E-006
   11628  0.20192E-006
   11629  0.20389E-006
   11630  0.20584E-006
   11631  0.20776E-006
   11632  0.20967E-006
   11633  0.21155E-006
   11634  0.12462E-007
   11635  0.14795E-007
   11636  0.18560E-007
   11637  0.23588E-007
   11638  0.29667E-007
   11639  0.36568E-007
   11640  0.44059E-007
   11641  0.51925E-007
   11642  0.59981E-007
   11643  0.68076E-007
   11644  0.76096E-007
   11645  0.83961E-007
   11646  0.91616E-007
   11647  0.99034E-007
   11648  0.10620E-006
   11649  0.11311E-006
   11650  0.11978E-006
   11651  0.12620E-006
   11652  0.13240E-006
   11653  0.13838E-006
   11654  0.14416E-006
   11655  0.14974E-006
   11656  0.15515E-006
   11657  0.16039E-006
   11658  0.16546E-006
   11659  0.17038E-006
   11660  0.17516E-006
   11661  0.17980E-006
   11662  0.18431E-006
   11663  0.18870E-006
   11664  0.19297E-006
   11665  0.19713E-006
   11666  0.20119E-006
   11667  0.20514E-006
   11668  0.20900E-006
   11669  0.77637E-008
   11670  0.83722E-008
   11671  0.93813E-008
   11672  0.10774E-007
   11673  0.12539E-007
   11674  0.14650E-007
   11675  0.17089E-007
   11676  0.19825E-007
   11677  0.22831E-007
   11678  0.26079E-007
   11679  0.29536E-007
   11680  0.33173E-007
   11681  0.36959E-007
   11682  0.40868E-007
   11683  0.44870E-007
   11684  0.48942E-007
   11685  0.53059E-007
   11686  0.57204E-007
   11687  0.61354E-007
   11688  0.65498E-007
   11689  0.69618E-007
   11690  0.73706E-007
   11691  0.77751E-007
   11692  0.81747E-007
   11693  0.85685E-007
   11694  0.89565E-007
   11695  0.93381E-007
   11696  0.97132E-007
   11697  0.10082E-006
   11698  0.10443E-006
   11699  0.10799E-006
   11700  0.11147E-006
   11701  0.11489E-006
   11702  0.11825E-006
   11703  0.12154E-006
   11704  0.12477E-006
   11705  0.12795E-006
   11706  0.13107E-006
   11707  0.13413E-006
   11708  0.13713E-006
   11709  0.14009E-006
   11710  0.14299E-006
   11711  0.14584E-006
   11712  0.14865E-006
   11713  0.15141E-006
   11714  0.15412E-006
   11715  0.15679E-006
   11716  0.15941E-006
   11717  0.16200E-006
   11718  0.16454E-006
   11719  0.16705E-006
   11720  0.16951E-006
   11721  0.17195E-006
   11722  0.17434E-006
   11723  0.17670E-006
   11724  0.17902E-006
   11725  0.18132E-006
   11726  0.18358E-006
   11727  0.18580E-006
   11728  0.18800E-006
   11729  0.19017E-006
   11730  0.19231E-006
   11731  0.19442E-006
   11732  0.19650E-006
   11733  0.19856E-006
   11734  0.20059E-006
   11735  0.20259E-006
   11736  0.20457E-006
   11737  0.20652E-006
   11738  0.20846E-006
   11739  0.21036E-006
   11740  0.51256E-008
   11741  0.75832E-008
   11742  0.11548E-007
   11743  0.16839E-007
   11744  0.23233E-007
   11745  0.30481E-007
   11746  0.38340E-007
   11747  0.46581E-007
   11748  0.55007E-007
   11749  0.63460E-007
   11750  0.71818E-007
   11751  0.79999E-007
   11752  0.87947E-007
   11753  0.95632E-007
   11754  0.10304E-006
   11755  0.11018E-006
   11756  0.11704E-006
   11757  0.12365E-006
   11758  0.13002E-006
   11759  0.13615E-006
   11760  0.14207E-006
   11761  0.14779E-006
   11762  0.15331E-006
   11763  0.15865E-006
   11764  0.16382E-006
   11765  0.16884E-006
   11766  0.17370E-006
   11767  0.17842E-006
   11768  0.18300E-006
   11769  0.18746E-006
   11770  0.19179E-006
   11771  0.19601E-006
   11772  0.20012E-006
   11773  0.20412E-006
   11774  0.20803E-006
   11775  0.21336E-008
   11776  0.27666E-008
   11777  0.38162E-008
   11778  0.52649E-008
   11779  0.70995E-008
   11780  0.92949E-008
   11781  0.11829E-007
   11782  0.14672E-007
   11783  0.17795E-007
   11784  0.21167E-007
   11785  0.24755E-007
   11786  0.28529E-007
   11787  0.32456E-007
   11788  0.36507E-007
   11789  0.40653E-007
   11790  0.44869E-007
   11791  0.49130E-007
   11792  0.53416E-007
   11793  0.57705E-007
   11794  0.61984E-007
   11795  0.66236E-007
   11796  0.70452E-007
   11797  0.74620E-007
   11798  0.78735E-007
   11799  0.82788E-007
   11800  0.86777E-007
   11801  0.90698E-007
   11802  0.94549E-007
   11803  0.98329E-007
   11804  0.10204E-006
   11805  0.10568E-006
   11806  0.10925E-006
   11807  0.11274E-006
   11808  0.11618E-006
   11809  0.11954E-006
   11810  0.12285E-006
   11811  0.12609E-006
   11812  0.12926E-006
   11813  0.13238E-006
   11814  0.13545E-006
   11815  0.13846E-006
   11816  0.14141E-006
   11817  0.14431E-006
   11818  0.14717E-006
   11819  0.14997E-006
   11820  0.15273E-006
   11821  0.15544E-006
   11822  0.15810E-006
   11823  0.16073E-006
   11824  0.16331E-006
   11825  0.16585E-006
   11826  0.16835E-006
   11827  0.17081E-006
   11828  0.17324E-006
   11829  0.17563E-006
   11830  0.17798E-006
   11831  0.18030E-006
   11832  0.18259E-006
   11833  0.18484E-006
   11834  0.18706E-006
   11835  0.18926E-006
   11836  0.19142E-006
   11837  0.19355E-006
   11838  0.19565E-006
   11839  0.19773E-006
   11840  0.19978E-006
   11841  0.20180E-006
   11842  0.20380E-006
   11843  0.20577E-006
   11844  0.20772E-006
   11845  0.20964E-006
   11846  0.13387E-008
   11847  0.38616E-008
   11848  0.79310E-008
   11849  0.13360E-007
   11850  0.19917E-007
   11851  0.27348E-007
   11852  0.35398E-007
   11853  0.43834E-007
   11854  0.52454E-007
   11855  0.61092E-007
   11856  0.69627E-007
   11857  0.77971E-007
   11858  0.86071E-007
   11859  0.93895E-007
   11860  0.10143E-006
   11861  0.10868E-006
   11862  0.11565E-006
   11863  0.12236E-006
   11864  0.12881E-006
   11865  0.13502E-006
   11866  0.14101E-006
   11867  0.14679E-006
   11868  0.15237E-006
   11869  0.15777E-006
   11870  0.16300E-006
   11871  0.16806E-006
   11872  0.17296E-006
   11873  0.17772E-006
   11874  0.18234E-006
   11875  0.18683E-006
   11876  0.19119E-006
   11877  0.19544E-006
   11878  0.19958E-006
   11879  0.20361E-006
   11880  0.20754E-006
