#Power [W] (C-aligned, inner loop is vs Time, outer loop vs Vertical Position)
#-8.050632911326052e-12 #Initial Time [s]
#8.050632911326052e-12 #Final Time [s]
#160 #Number of points vs Time
#0.0 #Initial Horizontal Position [m]
#0.0 #Final Horizontal Position [m]
#1 #Number of points vs Horizontal Position
#0.0 #Initial Vertical Position [m]
#0.0 #Final Vertical Position [m]
#1 #Number of points vs Vertical Position
#1 #Number of components
 0.17118315398693085
 0.17127756774425507
 0.17235517501831055
 0.1729777604341507
 0.17991989850997925
 0.1806701272726059
 0.2399665266275406
 0.31757652759552
 0.7577746510505676
 1.6315497159957886
 4.316036224365234
 10.010171890258789
 22.87765121459961
 48.549415588378906
 96.34321594238281
 181.12408447265625
 317.52056884765625
 527.6351318359375
 824.4251098632812
 1218.337158203125
 1705.1412353515625
 2259.409912109375
 2846.86328125
 3411.212646484375
 3899.3046875
 4265.94482421875
 4477.49560546875
 4534.99462890625
 4453.546875
 4272.06494140625
 4039.354736328125
 3798.413818359375
 3593.0703125
 3450.326904296875
 3394.975830078125
 3447.029052734375
 3634.234375
 4001.019287109375
 4606.2509765625
 5576.45947265625
 7019.27099609375
 9262.923828125
 12543.9951171875
 17647.43359375
 25324.859375
 37240.328125
 55684.12109375
 84059.0703125
 127910.9609375
 194758.3125
 296008.84375
 448163.375
 673009.625
 1001123.25
 1469362.125
 2122356.0
 3011669.75
 4196329.0
 5753714.5
 7796945.0
 10506254.0
 14167674.0
 19200242.0
 26157504.0
 35680828.0
 48390872.0
 64739852.0
 84858040.0
 108433144.0
 134703552.0
 162527776.0
 190562432.0
 217488688.0
 242133136.0
 263660640.0
 281494400.0
 295328928.0
 305055200.0
 310618688.0
 312073824.0
 309512032.0
 303019552.0
 292842112.0
 279156288.0
 262291712.0
 242588896.0
 220453344.0
 196434080.0
 171173344.0
 145486512.0
 120309384.0
 96595544.0
 75234912.0
 56874380.0
 41856840.0
 30167132.0
 21490350.0
 15308120.0
 11028291.0
 8090826.5
 6043255.5
 4562118.5
 3443839.75
 2573860.25
 1890647.5
 1359931.25
 957504.75
 660199.6875
 447510.9375
 298836.0625
 197372.34375
 129603.6484375
 84882.3203125
 55903.62890625
 37365.5234375
 25425.5703125
 17939.974609375
 13009.259765625
 9845.6220703125
 7685.80126953125
 6214.2314453125
 5192.1630859375
 4475.96044921875
 3994.920166015625
 3683.03369140625
 3511.48779296875
 3453.400146484375
 3488.011474609375
 3597.6708984375
 3754.6591796875
 3930.05029296875
 4085.3603515625
 4182.52099609375
 4186.50244140625
 4074.9287109375
 3835.8984375
 3485.02392578125
 3039.456787109375
 2545.361328125
 2035.956298828125
 1555.7020263671875
 1131.6375732421875
 782.159912109375
 512.8087768554688
 318.5522155761719
 186.169921875
 103.61225128173828
 53.24824142456055
 26.566425323486328
 11.868133544921875
 5.350667476654053
 2.1279988288879395
 0.9264569878578186
 0.41979560256004333
 0.2494511902332306
 0.19821040332317352
 0.17707447707653046
 0.17554549872875214
 0.1721683144569397
 0.1717793345451355
