#Spectral Energy [J/eV] (C-aligned, inner loop is vs Photon Energy, outer loop vs Vertical Position)
#9480.996397006757 #Initial Photon Energy [eV]
#9481.003562050137 #Final Photon Energy [eV]
#176 #Number of points vs Photon Energy
#0.0 #Initial Horizontal Position [m]
#0.0 #Final Horizontal Position [m]
#1 #Number of points vs Horizontal Position
#0.0 #Initial Vertical Position [m]
#0.0 #Final Vertical Position [m]
#1 #Number of points vs Vertical Position
#1 #Number of components
 4.863356480200309e-06
 6.109357855166309e-06
 7.646623998880386e-06
 9.535995559417643e-06
 1.1849626389448531e-05
 1.467249785491731e-05
 1.8104792616213672e-05
 2.2263810024014674e-05
 2.7287180273560807e-05
 3.333566928631626e-05
 4.0596580220153555e-05
 4.928738417220302e-05
 5.965913078398444e-05
 7.200183608802035e-05
 8.664753841003403e-05
 0.00010397783626103774
 0.00012442686420399696
 0.00014849024591967463
 0.00017672883404884487
 0.0002097786491503939
 0.00024835605290718377
 0.00029326818184927106
 0.0003454187826719135
 0.00040582005749456584
 0.0004755975678563118
 0.0005560035933740437
 0.0006484190816991031
 0.0007543694810010493
 0.0008755244198255241
 0.0010137117933481932
 0.0011709198588505387
 0.001349300378933549
 0.001551182009279728
 0.001779051381163299
 0.002035585232079029
 0.002323601394891739
 0.002646104898303747
 0.0030062235891819
 0.0034072415437549353
 0.0038525534328073263
 0.004345643799751997
 0.004890108946710825
 0.0054895225912332535
 0.006147582549601793
 0.006867797113955021
 0.007653782144188881
 0.008508780971169472
 0.009436055086553097
 0.010438323020935059
 0.011518188752233982
 0.012677653692662716
 0.013918445445597172
 0.015241743065416813
 0.01664825528860092
 0.018138151615858078
 0.019710863009095192
 0.021365268155932426
 0.023099347949028015
 0.024910476058721542
 0.026795165613293648
 0.028749175369739532
 0.030767451971769333
 0.03284414857625961
 0.03497268632054329
 0.03714572638273239
 0.03935515135526657
 0.041592273861169815
 0.04384739696979523
 0.0461106076836586
 0.048370927572250366
 0.05061757564544678
 0.05283882096409798
 0.05502321198582649
 0.05715860053896904
 0.05923272669315338
 0.06123347207903862
 0.06314798444509506
 0.06496430933475494
 0.06666933745145798
 0.06825167685747147
 0.06969866156578064
 0.07100015878677368
 0.07214504480361938
 0.07312527298927307
 0.07393231987953186
 0.07456119358539581
 0.07500636577606201
 0.07526552677154541
 0.07533572614192963
 0.07521691173315048
 0.07490940392017365
 0.07441578060388565
 0.07374010980129242
 0.07288752496242523
 0.07186535000801086
 0.07068109512329102
 0.06934428215026855
 0.06786419451236725
 0.06625182926654816
 0.06451835483312607
 0.0626758262515068
 0.060736753046512604
 0.05871369317173958
 0.05661943182349205
 0.05446639284491539
 0.052267417311668396
 0.05003468692302704
 0.047780390828847885
 0.0455159917473793
 0.04325249791145325
 0.041000302881002426
 0.03876928985118866
 0.036568816751241684
 0.034407272934913635
 0.03229249641299248
 0.030231410637497902
 0.028230369091033936
 0.026294881477952003
 0.024429799988865852
 0.022639049217104912
 0.020925862714648247
 0.01929282769560814
 0.01774170622229576
 0.016273649409413338
 0.014888999052345753
 0.013587559573352337
 0.012368475086987019
 0.011230403557419777
 0.010171514935791492
 0.009189487434923649
 0.008281704969704151
 0.007445205003023148
 0.00667681684717536
 0.005973160732537508
 0.005330737680196762
 0.0047459728084504604
 0.004215245600789785
 0.0037349690683186054
 0.003301579738035798
 0.002911598654463887
 0.002561640925705433
 0.0022484587971121073
 0.0019689376931637526
 0.00172011973336339
 0.0014992094365879893
 0.0013035850133746862
 0.001130799762904644
 0.0009785774163901806
 0.000844811846036464
 0.0007275668322108686
 0.0006250646547414362
 0.0005356819601729512
 0.0004579401283990592
 0.0003904996847268194
 0.00033214892027899623
 0.00028179623768664896
 0.00023846073599997908
 0.00020126519666519016
 0.00016942578076850623
 0.00014224470942281187
 0.00011910380271729082
 9.945627971319482e-05
 8.28207703307271e-05
 6.877431587781757e-05
 5.694705032510683e-05
 4.701631041825749e-05
 3.870180808007717e-05
 3.1760617275722325e-05
 2.5982928491430357e-05
 2.118842712661717e-05
 1.72218478837749e-05
 1.3950851098343264e-05
 1.1262295629421715e-05
 9.059966942004394e-06
 7.262328381330008e-06
 5.80023606744362e-06
