#Power [W] (C-aligned, inner loop is vs Time, outer loop vs Vertical Position)
#-8.050632911326052e-12 #Initial Time [s]
#8.050632911326052e-12 #Final Time [s]
#160 #Number of points vs Time
#0.0 #Initial Horizontal Position [m]
#0.0 #Final Horizontal Position [m]
#1 #Number of points vs Horizontal Position
#0.0 #Initial Vertical Position [m]
#0.0 #Final Vertical Position [m]
#1 #Number of points vs Vertical Position
#1 #Number of components
 0.134109228849411
 0.1342526525259018
 0.135183647274971
 0.13572442531585693
 0.14155565202236176
 0.1420653760433197
 0.19197547435760498
 0.2557099461555481
 0.623020350933075
 1.3463034629821777
 3.576320171356201
 8.296422958374023
 18.9571475982666
 40.244258880615234
 79.8279800415039
 150.18048095703125
 263.3700256347656
 438.1452941894531
 685.549560546875
 1014.9620361328125
 1423.9000244140625
 1891.962890625
 2391.673095703125
 2876.30126953125
 3300.787841796875
 3626.345947265625
 3822.07470703125
 3886.95703125
 3831.35009765625
 3686.863037109375
 3494.825439453125
 3292.30859375
 3118.3427734375
 2997.813720703125
 2953.95556640625
 3006.3212890625
 3181.50244140625
 3522.465087890625
 4085.47314453125
 4993.75146484375
 6352.14794921875
 8484.2685546875
 11625.7392578125
 16553.576171875
 24015.87109375
 35656.94921875
 53738.7265625
 81607.7734375
 124706.6796875
 190375.171875
 289730.625
 438754.5625
 658477.75
 978243.6875
 1433158.75
 2065302.75
 2922506.75
 4058228.25
 5541060.5
 7470002.5
 10002799.0
 13390797.0
 18003054.0
 24326196.0
 32919406.0
 44312872.0
 58869952.0
 76648112.0
 97289816.0
 120026112.0
 143745728.0
 167175120.0
 189086400.0
 208425824.0
 224480960.0
 236813392.0
 245265888.0
 249876576.0
 250758736.0
 248125904.0
 242225776.0
 233303904.0
 221725584.0
 207791424.0
 191911008.0
 174474224.0
 155892080.0
 136636176.0
 117190144.0
 98105680.0
 79961736.0
 63308200.0
 48626788.0
 36229320.0
 26236998.0
 18555090.0
 12918301.0
 8951103.0
 6247692.5
 4433434.5
 3208065.75
 2356027.5
 1739312.5
 1277639.75
 926353.0625
 660154.6875
 462238.75
 318293.03125
 216605.171875
 146130.78125
 98220.734375
 66175.0703125
 44835.2265625
 30790.2734375
 21590.255859375
 15474.130859375
 11483.16015625
 8735.25390625
 6875.25341796875
 5545.28857421875
 4593.59375
 3906.686767578125
 3408.63818359375
 3061.975341796875
 2827.912109375
 2687.7900390625
 2624.35595703125
 2623.870849609375
 2675.440185546875
 2761.930908203125
 2865.588134765625
 2961.644287109375
 3024.154541015625
 3028.0302734375
 2954.48876953125
 2792.3427734375
 2548.41748046875
 2233.08154296875
 1877.767333984375
 1507.0589599609375
 1154.258056640625
 840.69287109375
 581.1658935546875
 380.7906494140625
 236.09152221679688
 137.73648071289062
 76.36780548095703
 39.16885757446289
 19.442779541015625
 8.671333312988281
 3.8934473991394043
 1.5484650135040283
 0.6789214611053467
 0.31101641058921814
 0.19055023789405823
 0.15288066864013672
 0.13843987882137299
 0.13706009089946747
 0.1347590833902359
 0.13446177542209625
