#Spectral Energy [J/eV] (C-aligned, inner loop is vs Photon Energy, outer loop vs Vertical Position)
#9480.996397006757 #Initial Photon Energy [eV]
#9481.003562050137 #Final Photon Energy [eV]
#176 #Number of points vs Photon Energy
#0.0 #Initial Horizontal Position [m]
#0.0 #Final Horizontal Position [m]
#1 #Number of points vs Horizontal Position
#0.0 #Initial Vertical Position [m]
#0.0 #Final Vertical Position [m]
#1 #Number of points vs Vertical Position
#1 #Number of components
 3.17061239911709e-05
 3.981867848779075e-05
 4.982025347999297e-05
 6.210277206264436e-05
 7.712901424383745e-05
 9.544564090901986e-05
 0.0001176948135253042
 0.00014462975377682596
 0.0001771307288436219
 0.0002162252931157127
 0.0002631079114507884
 0.0003191639552824199
 0.00038599575054831803
 0.00046545229270122945
 0.0005596582195721567
 0.0006710529560223222
 0.0008024235139600933
 0.0009569490212015808
 0.0011382406810298562
 0.0013503908412531018
 0.0015980220632627606
 0.0018863339209929109
 0.0022211596369743347
 0.002609018236398697
 0.003057170193642378
 0.0035736700519919395
 0.004167415201663971
 0.004848205018788576
 0.005626777186989784
 0.006514855194836855
 0.007525178603827953
 0.008671530522406101
 0.00996874924749136
 0.011432736180722713
 0.013080441392958164
 0.014929834753274918
 0.0169998612254858
 0.019310379400849342
 0.021882059052586555
 0.024736298248171806
 0.027895059436559677
 0.03138072043657303
 0.03521588444709778
 0.039423178881406784
 0.0440249890089035
 0.049043212085962296
 0.05449896305799484
 0.060412246733903885
 0.06680165976285934
 0.07368399202823639
 0.08107390254735947
 0.08898355066776276
 0.09742213785648346
 0.1063956692814827
 0.1159064769744873
 0.12595294415950775
 0.1365290880203247
 0.14762435853481293
 0.1592232584953308
 0.17130523920059204
 0.1838444620370865
 0.1968095749616623
 0.21016383171081543
 0.22386498749256134
 0.2378654181957245
 0.25211217999458313
 0.266547292470932
 0.2811080813407898
 0.295727401971817
 0.31033429503440857
 0.32485431432724
 0.3392101228237152
 0.35332226753234863
 0.36710992455482483
 0.3804912567138672
 0.393384724855423
 0.40570953488349915
 0.41738659143447876
 0.4283393323421478
 0.4384945034980774
 0.44778308272361755
 0.4561408460140228
 0.46350938081741333
 0.46983644366264343
 0.4750767648220062
 0.47919270396232605
 0.4821542203426361
 0.48393988609313965
 0.4845365881919861
 0.48393991589546204
 0.4821542501449585
 0.47919267416000366
 0.4750767648220062
 0.4698364734649658
 0.46350938081741333
 0.4561408758163452
 0.44778311252593994
 0.4384945333003998
 0.42833930253982544
 0.41738659143447876
 0.40570956468582153
 0.393384724855423
 0.3804912865161896
 0.36710989475250244
 0.353322297334671
 0.3392101526260376
 0.3248542845249176
 0.31033429503440857
 0.2957274317741394
 0.2811080813407898
 0.2665473222732544
 0.25211217999458313
 0.2378654181957245
 0.22386500239372253
 0.21016381680965424
 0.1968095600605011
 0.1838444471359253
 0.17130525410175323
 0.159223273396492
 0.14762435853481293
 0.1365291029214859
 0.12595294415950775
 0.1159064918756485
 0.1063956692814827
 0.09742213785648346
 0.08898354321718216
 0.08107391744852066
 0.07368399947881699
 0.06680165976285934
 0.06041225418448448
 0.054498959332704544
 0.049043212085962296
 0.0440249890089035
 0.039423178881406784
 0.03521588817238808
 0.03138071671128273
 0.027895061299204826
 0.024736298248171806
 0.021882060915231705
 0.019310377538204193
 0.01699986308813095
 0.014929834753274918
 0.01308044046163559
 0.011432736180722713
 0.00996874924749136
 0.008671529591083527
 0.007525178138166666
 0.00651485426351428
 0.0056267776526510715
 0.004848204553127289
 0.004167415201663971
 0.003573669120669365
 0.003057170659303665
 0.0026090184692293406
 0.002221159404143691
 0.0018863335717469454
 0.0015980213647708297
 0.0013503904920071363
 0.001138240098953247
 0.0009569484391249716
 0.0008024233975447714
 0.0006710528396070004
 0.0005596582777798176
 0.0004654520598705858
 0.0003859960997942835
 0.00031916386797092855
 0.0002631079696584493
 0.00021622524945996702
 0.00017713045235723257
 0.00014462969556916505
 0.00011769462435040623
 9.544537897454575e-05
 7.712883234489709e-05
 6.210248830029741e-05
 4.982038808520883e-05
 3.981861664215103e-05
