       1  0.42415E-008
      20  0.33672E-008
      21  0.33682E-008
      22  0.33710E-008
      23  0.33757E-008
      24  0.33822E-008
      25  0.33905E-008
      26  0.34006E-008
      27  0.34124E-008
      28  0.34260E-008
      29  0.34412E-008
      30  0.34581E-008
      31  0.34764E-008
      32  0.34963E-008
      33  0.35176E-008
      34  0.35402E-008
      35  0.35641E-008
      36  0.35892E-008
      37  0.36155E-008
      38  0.36428E-008
      39  0.36711E-008
      40  0.37004E-008
      41  0.37305E-008
      42  0.37613E-008
      43  0.37929E-008
      44  0.38251E-008
      45  0.38579E-008
      46  0.38913E-008
      47  0.39251E-008
      48  0.39592E-008
      49  0.39938E-008
      50  0.40287E-008
      51  0.40638E-008
      52  0.40991E-008
      53  0.41345E-008
      54  0.41701E-008
      55  0.42058E-008
     579   0.0000     
     597  0.34755E-008
     598  0.77462E-011
     599  0.30569E-010
     600  0.68387E-010
     601  0.12034E-009
     602  0.18586E-009
     603  0.26375E-009
     604  0.35304E-009
     605  0.45233E-009
     606  0.56039E-009
     607  0.67578E-009
     608  0.79711E-009
     609  0.92305E-009
     610  0.10522E-008
     611  0.11835E-008
     612  0.13157E-008
     613  0.14478E-008
     614  0.15790E-008
     615  0.17085E-008
     616  0.18355E-008
     617  0.19599E-008
     618  0.20809E-008
     619  0.21985E-008
     620  0.23123E-008
     621  0.24225E-008
     622  0.25287E-008
     623  0.26313E-008
     624  0.27300E-008
     625  0.28252E-008
     626  0.29170E-008
     627  0.30054E-008
     628  0.30906E-008
     629  0.31729E-008
     630  0.32524E-008
     631  0.33292E-008
     632  0.34035E-008
    2054  0.33060E-008
    2055  0.32432E-008
    2056  0.31787E-008
    2057  0.31126E-008
    2058  0.30446E-008
    2059  0.29748E-008
    2060  0.29030E-008
    2061  0.28291E-008
    2062  0.27530E-008
    2063  0.26746E-008
    2064  0.25937E-008
    2065  0.25101E-008
    2066  0.24238E-008
    2067  0.23345E-008
    2068  0.22420E-008
    2069  0.21462E-008
    2070  0.20468E-008
    2071  0.19435E-008
    2072  0.18362E-008
    2073  0.17247E-008
    2074  0.16086E-008
    2075  0.14881E-008
    2076  0.13628E-008
    2077  0.12334E-008
    2078  0.11000E-008
    2079  0.96383E-009
    2080  0.82586E-009
    2081  0.68863E-009
    2082  0.55421E-009
    2083  0.42626E-009
    2084  0.30823E-009
    2085  0.20412E-009
    2086  0.11821E-009
    2087  0.53511E-010
    2088  0.13858E-010
    2089  0.34764E-008
    2090  0.34791E-008
    2091  0.34838E-008
    2092  0.34902E-008
    2093  0.34983E-008
    2094  0.35082E-008
    2095  0.35196E-008
    2096  0.35326E-008
    2097  0.35471E-008
    2098  0.35630E-008
    2099  0.35802E-008
    2100  0.35987E-008
    2101  0.36183E-008
    2102  0.36389E-008
    2103  0.36606E-008
    2104  0.36832E-008
    2105  0.37067E-008
    2106  0.37309E-008
    2107  0.37559E-008
    2108  0.37815E-008
    2109  0.38078E-008
    2110  0.38346E-008
    2111  0.38618E-008
    2112  0.38896E-008
    2113  0.39177E-008
    2114  0.39461E-008
    2115  0.39748E-008
    2116  0.40039E-008
    2117  0.40331E-008
    2118  0.40625E-008
    2119  0.40921E-008
    2120  0.41219E-008
    2121  0.41517E-008
    2122  0.41816E-008
    2123  0.42115E-008
    2124  0.34075E-008
    2125  0.34194E-008
    2126  0.34387E-008
    2127  0.34650E-008
    2128  0.34974E-008
    2129  0.35354E-008
    2130  0.35781E-008
    2131  0.36248E-008
    2132  0.36751E-008
    2133  0.37282E-008
    2134  0.37837E-008
    2135  0.38411E-008
    2136  0.39000E-008
    2137  0.39601E-008
    2138  0.40209E-008
    2139  0.40823E-008
    2140  0.41440E-008
    2141  0.33303E-008
    2142  0.33335E-008
    2143  0.33389E-008
    2144  0.33464E-008
    2145  0.33558E-008
    2146  0.33672E-008
    2147  0.33805E-008
    2148  0.33954E-008
    2149  0.34120E-008
    2150  0.34302E-008
    2151  0.34497E-008
    2152  0.34706E-008
    2153  0.34927E-008
    2154  0.35159E-008
    2155  0.35402E-008
    2156  0.35654E-008
    2157  0.35915E-008
    2158  0.36184E-008
    2159  0.36460E-008
    2160  0.36742E-008
    2161  0.37030E-008
    2162  0.37324E-008
    2163  0.37621E-008
    2164  0.37923E-008
    2165  0.38228E-008
    2166  0.38537E-008
    2167  0.38848E-008
    2168  0.39161E-008
    2169  0.39475E-008
    2170  0.39792E-008
    2171  0.40109E-008
    2172  0.40427E-008
    2173  0.40745E-008
    2174  0.41064E-008
    2175  0.41383E-008
    2176  0.32571E-008
    2177  0.32710E-008
    2178  0.32936E-008
    2179  0.33239E-008
    2180  0.33612E-008
    2181  0.34043E-008
    2182  0.34525E-008
    2183  0.35049E-008
    2184  0.35608E-008
    2185  0.36195E-008
    2186  0.36804E-008
    2187  0.37431E-008
    2188  0.38070E-008
    2189  0.38719E-008
    2190  0.39373E-008
    2191  0.40030E-008
    2192  0.40688E-008
    2193  0.31742E-008
    2194  0.31780E-008
    2195  0.31844E-008
    2196  0.31932E-008
    2197  0.32043E-008
    2198  0.32176E-008
    2199  0.32330E-008
    2200  0.32504E-008
    2201  0.32696E-008
    2202  0.32904E-008
    2203  0.33128E-008
    2204  0.33366E-008
    2205  0.33616E-008
    2206  0.33879E-008
    2207  0.34152E-008
    2208  0.34434E-008
    2209  0.34725E-008
    2210  0.35024E-008
    2211  0.35330E-008
    2212  0.35641E-008
    2213  0.35958E-008
    2214  0.36280E-008
    2215  0.36606E-008
    2216  0.36935E-008
    2217  0.37267E-008
    2218  0.37601E-008
    2219  0.37938E-008
    2220  0.38275E-008
    2221  0.38614E-008
    2222  0.38954E-008
    2223  0.39294E-008
    2224  0.39634E-008
    2225  0.39974E-008
    2226  0.40314E-008
    2227  0.40652E-008
    2228  0.30962E-008
    2229  0.31127E-008
    2230  0.31393E-008
    2231  0.31747E-008
    2232  0.32178E-008
    2233  0.32673E-008
    2234  0.33219E-008
    2235  0.33809E-008
    2236  0.34432E-008
    2237  0.35081E-008
    2238  0.35751E-008
    2239  0.36436E-008
    2240  0.37130E-008
    2241  0.37831E-008
    2242  0.38535E-008
    2243  0.39238E-008
    2244  0.39940E-008
    2245  0.30069E-008
    2246  0.30115E-008
    2247  0.30191E-008
    2248  0.30295E-008
    2249  0.30427E-008
    2250  0.30585E-008
    2251  0.30766E-008
    2252  0.30969E-008
    2253  0.31192E-008
    2254  0.31434E-008
    2255  0.31691E-008
    2256  0.31964E-008
    2257  0.32250E-008
    2258  0.32547E-008
    2259  0.32855E-008
    2260  0.33173E-008
    2261  0.33499E-008
    2262  0.33832E-008
    2263  0.34171E-008
    2264  0.34515E-008
    2265  0.34865E-008
    2266  0.35218E-008
    2267  0.35575E-008
    2268  0.35934E-008
    2269  0.36295E-008
    2270  0.36658E-008
    2271  0.37022E-008
    2272  0.37386E-008
    2273  0.37751E-008
    2274  0.38116E-008
    2275  0.38480E-008
    2276  0.38844E-008
    2277  0.39206E-008
    2278  0.39568E-008
    2279  0.39928E-008
    2280  0.29237E-008
    2281  0.29435E-008
    2282  0.29750E-008
    2283  0.30168E-008
    2284  0.30670E-008
    2285  0.31239E-008
    2286  0.31862E-008
    2287  0.32527E-008
    2288  0.33224E-008
    2289  0.33944E-008
    2290  0.34681E-008
    2291  0.35429E-008
    2292  0.36184E-008
    2293  0.36941E-008
    2294  0.37697E-008
    2295  0.38450E-008
    2296  0.39198E-008
    2297  0.28271E-008
    2298  0.28327E-008
    2299  0.28418E-008
    2300  0.28544E-008
    2301  0.28701E-008
    2302  0.28889E-008
    2303  0.29104E-008
    2304  0.29344E-008
    2305  0.29605E-008
    2306  0.29886E-008
    2307  0.30185E-008
    2308  0.30499E-008
    2309  0.30826E-008
    2310  0.31165E-008
    2311  0.31514E-008
    2312  0.31872E-008
    2313  0.32237E-008
    2314  0.32609E-008
    2315  0.32986E-008
    2316  0.33368E-008
    2317  0.33753E-008
    2318  0.34141E-008
    2319  0.34532E-008
    2320  0.34924E-008
    2321  0.35317E-008
    2322  0.35710E-008
    2323  0.36104E-008
    2324  0.36497E-008
    2325  0.36889E-008
    2326  0.37281E-008
    2327  0.37671E-008
    2328  0.38059E-008
    2329  0.38446E-008
    2330  0.38830E-008
    2331  0.39213E-008
    2332  0.27382E-008
    2333  0.27621E-008
    2334  0.28000E-008
    2335  0.28495E-008
    2336  0.29084E-008
    2337  0.29743E-008
    2338  0.30456E-008
    2339  0.31208E-008
    2340  0.31988E-008
    2341  0.32787E-008
    2342  0.33599E-008
    2343  0.34417E-008
    2344  0.35236E-008
    2345  0.36054E-008
    2346  0.36866E-008
    2347  0.37671E-008
    2348  0.38466E-008
    2349  0.26335E-008
    2350  0.26403E-008
    2351  0.26514E-008
    2352  0.26666E-008
    2353  0.26857E-008
    2354  0.27082E-008
    2355  0.27339E-008
    2356  0.27623E-008
    2357  0.27932E-008
    2358  0.28261E-008
    2359  0.28609E-008
    2360  0.28972E-008
    2361  0.29348E-008
    2362  0.29735E-008
    2363  0.30131E-008
    2364  0.30535E-008
    2365  0.30945E-008
    2366  0.31361E-008
    2367  0.31781E-008
    2368  0.32203E-008
    2369  0.32628E-008
    2370  0.33055E-008
    2371  0.33482E-008
    2372  0.33910E-008
    2373  0.34337E-008
    2374  0.34764E-008
    2375  0.35189E-008
    2376  0.35613E-008
    2377  0.36034E-008
    2378  0.36454E-008
    2379  0.36871E-008
    2380  0.37285E-008
    2381  0.37697E-008
    2382  0.38105E-008
    2383  0.38511E-008
    2384  0.25387E-008
    2385  0.25678E-008
    2386  0.26136E-008
    2387  0.26727E-008
    2388  0.27420E-008
    2389  0.28186E-008
    2390  0.29003E-008
    2391  0.29855E-008
    2392  0.30730E-008
    2393  0.31617E-008
    2394  0.32510E-008
    2395  0.33404E-008
    2396  0.34293E-008
    2397  0.35174E-008
    2398  0.36045E-008
    2399  0.36904E-008
    2400  0.37749E-008
    2401  0.24253E-008
    2402  0.24335E-008
    2403  0.24471E-008
    2404  0.24657E-008
    2405  0.24888E-008
    2406  0.25160E-008
    2407  0.25468E-008
    2408  0.25807E-008
    2409  0.26173E-008
    2410  0.26560E-008
    2411  0.26966E-008
    2412  0.27386E-008
    2413  0.27819E-008
    2414  0.28262E-008
    2415  0.28712E-008
    2416  0.29169E-008
    2417  0.29630E-008
    2418  0.30095E-008
    2419  0.30561E-008
    2420  0.31029E-008
    2421  0.31498E-008
    2422  0.31966E-008
    2423  0.32433E-008
    2424  0.32899E-008
    2425  0.33363E-008
    2426  0.33825E-008
    2427  0.34284E-008
    2428  0.34739E-008
    2429  0.35192E-008
    2430  0.35641E-008
    2431  0.36086E-008
    2432  0.36527E-008
    2433  0.36965E-008
    2434  0.37398E-008
    2435  0.37827E-008
    2436  0.23246E-008
    2437  0.23602E-008
    2438  0.24156E-008
    2439  0.24864E-008
    2440  0.25682E-008
    2441  0.26574E-008
    2442  0.27512E-008
    2443  0.28477E-008
    2444  0.29457E-008
    2445  0.30441E-008
    2446  0.31423E-008
    2447  0.32397E-008
    2448  0.33360E-008
    2449  0.34309E-008
    2450  0.35242E-008
    2451  0.36156E-008
    2452  0.37052E-008
    2453  0.22020E-008
    2454  0.22121E-008
    2455  0.22288E-008
    2456  0.22514E-008
    2457  0.22795E-008
    2458  0.23124E-008
    2459  0.23494E-008
    2460  0.23899E-008
    2461  0.24332E-008
    2462  0.24789E-008
    2463  0.25262E-008
    2464  0.25750E-008
    2465  0.26249E-008
    2466  0.26755E-008
    2467  0.27267E-008
    2468  0.27782E-008
    2469  0.28300E-008
    2470  0.28819E-008
    2471  0.29337E-008
    2472  0.29854E-008
    2473  0.30370E-008
    2474  0.30883E-008
    2475  0.31393E-008
    2476  0.31900E-008
    2477  0.32402E-008
    2478  0.32901E-008
    2479  0.33395E-008
    2480  0.33884E-008
    2481  0.34369E-008
    2482  0.34848E-008
    2483  0.35322E-008
    2484  0.35791E-008
    2485  0.36255E-008
    2486  0.36713E-008
    2487  0.37166E-008
    2488  0.20960E-008
    2489  0.21394E-008
    2490  0.22066E-008
    2491  0.22914E-008
    2492  0.23880E-008
    2493  0.24917E-008
    2494  0.25993E-008
    2495  0.27085E-008
    2496  0.28181E-008
    2497  0.29270E-008
    2498  0.30347E-008
    2499  0.31407E-008
    2500  0.32447E-008
    2501  0.33466E-008
    2502  0.34461E-008
    2503  0.35433E-008
    2504  0.36381E-008
    2505  0.19641E-008
    2506  0.19765E-008
    2507  0.19969E-008
    2508  0.20245E-008
    2509  0.20586E-008
    2510  0.20983E-008
    2511  0.21428E-008
    2512  0.21910E-008
    2513  0.22423E-008
    2514  0.22959E-008
    2515  0.23512E-008
    2516  0.24077E-008
    2517  0.24650E-008
    2518  0.25228E-008
    2519  0.25808E-008
    2520  0.26389E-008
    2521  0.26968E-008
    2522  0.27546E-008
    2523  0.28120E-008
    2524  0.28690E-008
    2525  0.29256E-008
    2526  0.29817E-008
    2527  0.30372E-008
    2528  0.30921E-008
    2529  0.31464E-008
    2530  0.32001E-008
    2531  0.32531E-008
    2532  0.33055E-008
    2533  0.33572E-008
    2534  0.34083E-008
    2535  0.34586E-008
    2536  0.35083E-008
    2537  0.35573E-008
    2538  0.36057E-008
    2539  0.36533E-008
    2540  0.18540E-008
    2541  0.19069E-008
    2542  0.19879E-008
    2543  0.20891E-008
    2544  0.22028E-008
    2545  0.23232E-008
    2546  0.24461E-008
    2547  0.25694E-008
    2548  0.26915E-008
    2549  0.28116E-008
    2550  0.29293E-008
    2551  0.30443E-008
    2552  0.31563E-008
    2553  0.32653E-008
    2554  0.33713E-008
    2555  0.34742E-008
    2556  0.35741E-008
    2557  0.17137E-008
    2558  0.17288E-008
    2559  0.17536E-008
    2560  0.17870E-008
    2561  0.18281E-008
    2562  0.18758E-008
    2563  0.19288E-008
    2564  0.19860E-008
    2565  0.20464E-008
    2566  0.21091E-008
    2567  0.21733E-008
    2568  0.22385E-008
    2569  0.23040E-008
    2570  0.23697E-008
    2571  0.24352E-008
    2572  0.25004E-008
    2573  0.25650E-008
    2574  0.26291E-008
    2575  0.26924E-008
    2576  0.27551E-008
    2577  0.28169E-008
    2578  0.28779E-008
    2579  0.29381E-008
    2580  0.29974E-008
    2581  0.30559E-008
    2582  0.31135E-008
    2583  0.31702E-008
    2584  0.32261E-008
    2585  0.32811E-008
    2586  0.33352E-008
    2587  0.33885E-008
    2588  0.34410E-008
    2589  0.34927E-008
    2590  0.35435E-008
    2591  0.35935E-008
    2592  0.16013E-008
    2593  0.16652E-008
    2594  0.17623E-008
    2595  0.18822E-008
    2596  0.20152E-008
    2597  0.21540E-008
    2598  0.22938E-008
    2599  0.24322E-008
    2600  0.25676E-008
    2601  0.26995E-008
    2602  0.28276E-008
    2603  0.29517E-008
    2604  0.30718E-008
    2605  0.31880E-008
    2606  0.33003E-008
    2607  0.34089E-008
    2608  0.35139E-008
    2609  0.14541E-008
    2610  0.14723E-008
    2611  0.15021E-008
    2612  0.15422E-008
    2613  0.15913E-008
    2614  0.16480E-008
    2615  0.17107E-008
    2616  0.17781E-008
    2617  0.18486E-008
    2618  0.19215E-008
    2619  0.19954E-008
    2620  0.20700E-008
    2621  0.21446E-008
    2622  0.22188E-008
    2623  0.22923E-008
    2624  0.23650E-008
    2625  0.24367E-008
    2626  0.25073E-008
    2627  0.25768E-008
    2628  0.26452E-008
    2629  0.27125E-008
    2630  0.27785E-008
    2631  0.28435E-008
    2632  0.29072E-008
    2633  0.29699E-008
    2634  0.30314E-008
    2635  0.30918E-008
    2636  0.31511E-008
    2637  0.32094E-008
    2638  0.32666E-008
    2639  0.33228E-008
    2640  0.33780E-008
    2641  0.34322E-008
    2642  0.34855E-008
    2643  0.35378E-008
    2644  0.13424E-008
    2645  0.14186E-008
    2646  0.15336E-008
    2647  0.16743E-008
    2648  0.18284E-008
    2649  0.19871E-008
    2650  0.21450E-008
    2651  0.22992E-008
    2652  0.24485E-008
    2653  0.25924E-008
    2654  0.27310E-008
    2655  0.28642E-008
    2656  0.29924E-008
    2657  0.31156E-008
    2658  0.32342E-008
    2659  0.33483E-008
    2660  0.34582E-008
    2661  0.11910E-008
    2662  0.12126E-008
    2663  0.12479E-008
    2664  0.12953E-008
    2665  0.13533E-008
    2666  0.14198E-008
    2667  0.14931E-008
    2668  0.15714E-008
    2669  0.16530E-008
    2670  0.17366E-008
    2671  0.18211E-008
    2672  0.19057E-008
    2673  0.19897E-008
    2674  0.20728E-008
    2675  0.21546E-008
    2676  0.22351E-008
    2677  0.23140E-008
    2678  0.23914E-008
    2679  0.24671E-008
    2680  0.25413E-008
    2681  0.26140E-008
    2682  0.26851E-008
    2683  0.27547E-008
    2684  0.28229E-008
    2685  0.28896E-008
    2686  0.29549E-008
    2687  0.30189E-008
    2688  0.30816E-008
    2689  0.31430E-008
    2690  0.32032E-008
    2691  0.32621E-008
    2692  0.33199E-008
    2693  0.33766E-008
    2694  0.34322E-008
    2695  0.34867E-008
    2696  0.10837E-008
    2697  0.11732E-008
    2698  0.13075E-008
    2699  0.14702E-008
    2700  0.16468E-008
    2701  0.18263E-008
    2702  0.20028E-008
    2703  0.21731E-008
    2704  0.23363E-008
    2705  0.24922E-008
    2706  0.26411E-008
    2707  0.27833E-008
    2708  0.29192E-008
    2709  0.30492E-008
    2710  0.31737E-008
    2711  0.32931E-008
    2712  0.34076E-008
    2713  0.93180E-009
    2714  0.95700E-009
    2715  0.99821E-009
    2716  0.10533E-008
    2717  0.11205E-008
    2718  0.11975E-008
    2719  0.12818E-008
    2720  0.13716E-008
    2721  0.14645E-008
    2722  0.15594E-008
    2723  0.16546E-008
    2724  0.17495E-008
    2725  0.18431E-008
    2726  0.19352E-008
    2727  0.20254E-008
    2728  0.21136E-008
    2729  0.21996E-008
    2730  0.22836E-008
    2731  0.23655E-008
    2732  0.24454E-008
    2733  0.25233E-008
    2734  0.25993E-008
    2735  0.26734E-008
    2736  0.27458E-008
    2737  0.28164E-008
    2738  0.28854E-008
    2739  0.29528E-008
    2740  0.30186E-008
    2741  0.30830E-008
    2742  0.31459E-008
    2743  0.32075E-008
    2744  0.32677E-008
    2745  0.33267E-008
    2746  0.33844E-008
    2747  0.34409E-008
    2748  0.83353E-009
    2749  0.93668E-009
    2750  0.10908E-008
    2751  0.12762E-008
    2752  0.14753E-008
    2753  0.16759E-008
    2754  0.18707E-008
    2755  0.20569E-008
    2756  0.22336E-008
    2757  0.24011E-008
    2758  0.25598E-008
    2759  0.27104E-008
    2760  0.28536E-008
    2761  0.29899E-008
    2762  0.31199E-008
    2763  0.32440E-008
    2764  0.33627E-008
    2765  0.68581E-009
    2766  0.71464E-009
    2767  0.76175E-009
    2768  0.82459E-009
    2769  0.90112E-009
    2770  0.98846E-009
    2771  0.10839E-008
    2772  0.11850E-008
    2773  0.12893E-008
    2774  0.13953E-008
    2775  0.15010E-008
    2776  0.16059E-008
    2777  0.17089E-008
    2778  0.18097E-008
    2779  0.19079E-008
    2780  0.20035E-008
    2781  0.20964E-008
    2782  0.21867E-008
    2783  0.22743E-008
    2784  0.23595E-008
    2785  0.24423E-008
    2786  0.25228E-008
    2787  0.26012E-008
    2788  0.26774E-008
    2789  0.27516E-008
    2790  0.28240E-008
    2791  0.28944E-008
    2792  0.29632E-008
    2793  0.30302E-008
    2794  0.30957E-008
    2795  0.31596E-008
    2796  0.32220E-008
    2797  0.32830E-008
    2798  0.33427E-008
    2799  0.34010E-008
    2800  0.60164E-009
    2801  0.71820E-009
    2802  0.89158E-009
    2803  0.10989E-008
    2804  0.13199E-008
    2805  0.15404E-008
    2806  0.17527E-008
    2807  0.19538E-008
    2808  0.21430E-008
    2809  0.23210E-008
    2810  0.24887E-008
    2811  0.26469E-008
    2812  0.27967E-008
    2813  0.29386E-008
    2814  0.30734E-008
    2815  0.32018E-008
    2816  0.33243E-008
    2817  0.46359E-009
    2818  0.49585E-009
    2819  0.54856E-009
    2820  0.61874E-009
    2821  0.70407E-009
    2822  0.80120E-009
    2823  0.90703E-009
    2824  0.10188E-008
    2825  0.11337E-008
    2826  0.12500E-008
    2827  0.13656E-008
    2828  0.14798E-008
    2829  0.15913E-008
    2830  0.17001E-008
    2831  0.18057E-008
    2832  0.19080E-008
    2833  0.20071E-008
    2834  0.21030E-008
    2835  0.21958E-008
    2836  0.22858E-008
    2837  0.23729E-008
    2838  0.24575E-008
    2839  0.25395E-008
    2840  0.26192E-008
    2841  0.26966E-008
    2842  0.27718E-008
    2843  0.28450E-008
    2844  0.29163E-008
    2845  0.29856E-008
    2846  0.30533E-008
    2847  0.31192E-008
    2848  0.31835E-008
    2849  0.32463E-008
    2850  0.33076E-008
    2851  0.33675E-008
    2852  0.39869E-009
    2853  0.52749E-009
    2854  0.71843E-009
    2855  0.94565E-009
    2856  0.11863E-008
    2857  0.14247E-008
    2858  0.16525E-008
    2859  0.18667E-008
    2860  0.20669E-008
    2861  0.22541E-008
    2862  0.24295E-008
    2863  0.25943E-008
    2864  0.27496E-008
    2865  0.28963E-008
    2866  0.30352E-008
    2867  0.31672E-008
    2868  0.32927E-008
    2869  0.27606E-009
    2870  0.31134E-009
    2871  0.36894E-009
    2872  0.44555E-009
    2873  0.53855E-009
    2874  0.64424E-009
    2875  0.75913E-009
    2876  0.88020E-009
    2877  0.10043E-008
    2878  0.11295E-008
    2879  0.12535E-008
    2880  0.13757E-008
    2881  0.14946E-008
    2882  0.16102E-008
    2883  0.17220E-008
    2884  0.18300E-008
    2885  0.19343E-008
    2886  0.20350E-008
    2887  0.21322E-008
    2888  0.22261E-008
    2889  0.23169E-008
    2890  0.24048E-008
    2891  0.24899E-008
    2892  0.25724E-008
    2893  0.26524E-008
    2894  0.27300E-008
    2895  0.28054E-008
    2896  0.28787E-008
    2897  0.29501E-008
    2898  0.30195E-008
    2899  0.30870E-008
    2900  0.31529E-008
    2901  0.32171E-008
    2902  0.32798E-008
    2903  0.33409E-008
    2904  0.23518E-009
    2905  0.37416E-009
    2906  0.57968E-009
    2907  0.82335E-009
    2908  0.10802E-008
    2909  0.13333E-008
    2910  0.15737E-008
    2911  0.17985E-008
    2912  0.20075E-008
    2913  0.22021E-008
    2914  0.23836E-008
    2915  0.25536E-008
    2916  0.27133E-008
    2917  0.28638E-008
    2918  0.30060E-008
    2919  0.31407E-008
    2920  0.32687E-008
    2921  0.13348E-009
    2922  0.17112E-009
    2923  0.23254E-009
    2924  0.31417E-009
    2925  0.41316E-009
    2926  0.52550E-009
    2927  0.64744E-009
    2928  0.77572E-009
    2929  0.90689E-009
    2930  0.10390E-008
    2931  0.11696E-008
    2932  0.12979E-008
    2933  0.14225E-008
    2934  0.15433E-008
    2935  0.16598E-008
    2936  0.17722E-008
    2937  0.18805E-008
    2938  0.19847E-008
    2939  0.20852E-008
    2940  0.21822E-008
    2941  0.22757E-008
    2942  0.23661E-008
    2943  0.24535E-008
    2944  0.25381E-008
    2945  0.26200E-008
    2946  0.26995E-008
    2947  0.27765E-008
    2948  0.28514E-008
    2949  0.29241E-008
    2950  0.29948E-008
    2951  0.30636E-008
    2952  0.31306E-008
    2953  0.31959E-008
    2954  0.32595E-008
    2955  0.33216E-008
    2956  0.12034E-009
    2957  0.26663E-009
    2958  0.48261E-009
    2959  0.73804E-009
    2960  0.10064E-008
    2961  0.12699E-008
    2962  0.15194E-008
    2963  0.17516E-008
    2964  0.19668E-008
    2965  0.21665E-008
    2966  0.23523E-008
    2967  0.25259E-008
    2968  0.26886E-008
    2969  0.28417E-008
    2970  0.29861E-008
    2971  0.31228E-008
    2972  0.32524E-008
    2973  0.44245E-010
    2974  0.83383E-010
    2975  0.14724E-009
    2976  0.23206E-009
    2977  0.33486E-009
    2978  0.45144E-009
    2979  0.57785E-009
    2980  0.71070E-009
    2981  0.84638E-009
    2982  0.98286E-009
    2983  0.11176E-008
    2984  0.12497E-008
    2985  0.13779E-008
    2986  0.15020E-008
    2987  0.16216E-008
    2988  0.17367E-008
    2989  0.18474E-008
    2990  0.19539E-008
    2991  0.20564E-008
    2992  0.21552E-008
    2993  0.22505E-008
    2994  0.23424E-008
    2995  0.24313E-008
    2996  0.25172E-008
    2997  0.26003E-008
    2998  0.26809E-008
    2999  0.27590E-008
    3000  0.28347E-008
    3001  0.29083E-008
    3002  0.29799E-008
    3003  0.30494E-008
    3004  0.31171E-008
    3005  0.31830E-008
    3006  0.32473E-008
    3007  0.33099E-008
    3008  0.61079E-010
    3009  0.21119E-009
    3010  0.43263E-009
    3011  0.69420E-009
    3012  0.96863E-009
    3013  0.12375E-008
    3014  0.14916E-008
    3015  0.17277E-008
    3016  0.19461E-008
    3017  0.21485E-008
    3018  0.23365E-008
    3019  0.25119E-008
    3020  0.26762E-008
    3021  0.28305E-008
    3022  0.29761E-008
    3023  0.31137E-008
    3024  0.32442E-008
