       1  0.31208E-005
      20  0.38701E-006
      21  0.38750E-006
      22  0.38925E-006
      23  0.39209E-006
      24  0.39603E-006
      25  0.40113E-006
      26  0.40731E-006
      27  0.41462E-006
      28  0.42293E-006
      29  0.43240E-006
      30  0.44294E-006
      31  0.45451E-006
      32  0.46704E-006
      33  0.48068E-006
      34  0.49530E-006
      35  0.51083E-006
      36  0.52728E-006
      37  0.54471E-006
      38  0.56305E-006
      39  0.58224E-006
      40  0.60222E-006
      41  0.62307E-006
      42  0.64475E-006
      43  0.66716E-006
      44  0.69028E-006
      45  0.71414E-006
      46  0.73869E-006
      47  0.76387E-006
      48  0.78962E-006
      49  0.81599E-006
      50  0.84295E-006
      51  0.87038E-006
      52  0.89830E-006
      53  0.92671E-006
      54  0.95558E-006
      55  0.98484E-006
      56  0.10145E-005
      57  0.10444E-005
      58  0.10747E-005
      59  0.11053E-005
      60  0.11361E-005
      61  0.11672E-005
      62  0.11985E-005
      63  0.12300E-005
      64  0.12616E-005
      65  0.12934E-005
      66  0.13253E-005
      67  0.13574E-005
      68  0.13895E-005
      69  0.14216E-005
      70  0.14537E-005
      71  0.14859E-005
      72  0.15182E-005
      73  0.15503E-005
      74  0.15825E-005
      75  0.16146E-005
      76  0.16467E-005
      77  0.16787E-005
      78  0.17107E-005
      79  0.17425E-005
      80  0.17742E-005
      81  0.18059E-005
      82  0.18374E-005
      83  0.18688E-005
      84  0.19001E-005
      85  0.19312E-005
      86  0.19622E-005
      87  0.19931E-005
      88  0.20238E-005
      89  0.20543E-005
      90  0.20847E-005
      91  0.21150E-005
      92  0.21450E-005
      93  0.21749E-005
      94  0.22047E-005
      95  0.22342E-005
      96  0.22636E-005
      97  0.22928E-005
      98  0.23219E-005
      99  0.23507E-005
     100  0.23794E-005
     101  0.24080E-005
     102  0.24363E-005
     103  0.24645E-005
     104  0.24926E-005
     105  0.25204E-005
     106  0.25481E-005
     107  0.25757E-005
     108  0.26031E-005
     109  0.26303E-005
     110  0.26574E-005
     111  0.26843E-005
     112  0.27111E-005
     113  0.27377E-005
     114  0.27642E-005
     115  0.27905E-005
     116  0.28167E-005
     117  0.28427E-005
     118  0.28686E-005
     119  0.28944E-005
     120  0.29201E-005
     121  0.29456E-005
     122  0.29710E-005
     123  0.29962E-005
     124  0.30214E-005
     125  0.30464E-005
     126  0.30713E-005
     127  0.30961E-005
    1695   0.0000     
    1713  0.31136E-005
    1714  0.74784E-009
    1715  0.29884E-008
    1716  0.67190E-008
    1717  0.11931E-007
    1718  0.18617E-007
    1719  0.26761E-007
    1720  0.36352E-007
    1721  0.47368E-007
    1722  0.59792E-007
    1723  0.73598E-007
    1724  0.88764E-007
    1725  0.10526E-006
    1726  0.12306E-006
    1727  0.14212E-006
    1728  0.16242E-006
    1729  0.18393E-006
    1730  0.20659E-006
    1731  0.23038E-006
    1732  0.25526E-006
    1733  0.28118E-006
    1734  0.30811E-006
    1735  0.33599E-006
    1736  0.36479E-006
    1737  0.39446E-006
    1738  0.42495E-006
    1739  0.45623E-006
    1740  0.48823E-006
    1741  0.52093E-006
    1742  0.55427E-006
    1743  0.58821E-006
    1744  0.62270E-006
    1745  0.65770E-006
    1746  0.69316E-006
    1747  0.72905E-006
    1748  0.76531E-006
    1749  0.80191E-006
    1750  0.83881E-006
    1751  0.87597E-006
    1752  0.91334E-006
    1753  0.95090E-006
    1754  0.98861E-006
    1755  0.10264E-005
    1756  0.10643E-005
    1757  0.11023E-005
    1758  0.11403E-005
    1759  0.11782E-005
    1760  0.12161E-005
    1761  0.12540E-005
    1762  0.12918E-005
    1763  0.13295E-005
    1764  0.13670E-005
    1765  0.14044E-005
    1766  0.14416E-005
    1767  0.14787E-005
    1768  0.15155E-005
    1769  0.15522E-005
    1770  0.15886E-005
    1771  0.16248E-005
    1772  0.16608E-005
    1773  0.16964E-005
    1774  0.17319E-005
    1775  0.17671E-005
    1776  0.18020E-005
    1777  0.18366E-005
    1778  0.18709E-005
    1779  0.19050E-005
    1780  0.19388E-005
    1781  0.19723E-005
    1782  0.20055E-005
    1783  0.20384E-005
    1784  0.20710E-005
    1785  0.21034E-005
    1786  0.21355E-005
    1787  0.21673E-005
    1788  0.21988E-005
    1789  0.22301E-005
    1790  0.22610E-005
    1791  0.22918E-005
    1792  0.23222E-005
    1793  0.23524E-005
    1794  0.23823E-005
    1795  0.24120E-005
    1796  0.24415E-005
    1797  0.24707E-005
    1798  0.24997E-005
    1799  0.25285E-005
    1800  0.25570E-005
    1801  0.25853E-005
    1802  0.26134E-005
    1803  0.26413E-005
    1804  0.26690E-005
    1805  0.26965E-005
    1806  0.27238E-005
    1807  0.27509E-005
    1808  0.27779E-005
    1809  0.28046E-005
    1810  0.28312E-005
    1811  0.28577E-005
    1812  0.28839E-005
    1813  0.29100E-005
    1814  0.29359E-005
    1815  0.29617E-005
    1816  0.29874E-005
    1817  0.30129E-005
    1818  0.30383E-005
    1819  0.30635E-005
    1820  0.30886E-005
    6014  0.37589E-006
    6015  0.36473E-006
    6016  0.35353E-006
    6017  0.34227E-006
    6018  0.33094E-006
    6019  0.31954E-006
    6020  0.30808E-006
    6021  0.29656E-006
    6022  0.28496E-006
    6023  0.27329E-006
    6024  0.26156E-006
    6025  0.24975E-006
    6026  0.23788E-006
    6027  0.22593E-006
    6028  0.21391E-006
    6029  0.20182E-006
    6030  0.18965E-006
    6031  0.17741E-006
    6032  0.16510E-006
    6033  0.15273E-006
    6034  0.14029E-006
    6035  0.12781E-006
    6036  0.11530E-006
    6037  0.10281E-006
    6038  0.90375E-007
    6039  0.78094E-007
    6040  0.66042E-007
    6041  0.54392E-007
    6042  0.43287E-007
    6043  0.32958E-007
    6044  0.23624E-007
    6045  0.15530E-007
    6046  0.89389E-008
    6047  0.40310E-008
    6048  0.10361E-008
    6049  0.31136E-005
    6050  0.31136E-005
    6051  0.31136E-005
    6052  0.31137E-005
    6053  0.31137E-005
    6054  0.31138E-005
    6055  0.31139E-005
    6056  0.31140E-005
    6057  0.31141E-005
    6058  0.31142E-005
    6059  0.31143E-005
    6060  0.31145E-005
    6061  0.31146E-005
    6062  0.31148E-005
    6063  0.31149E-005
    6064  0.31151E-005
    6065  0.31153E-005
    6066  0.31155E-005
    6067  0.31157E-005
    6068  0.31159E-005
    6069  0.31162E-005
    6070  0.31164E-005
    6071  0.31167E-005
    6072  0.31169E-005
    6073  0.31172E-005
    6074  0.31175E-005
    6075  0.31178E-005
    6076  0.31181E-005
    6077  0.31184E-005
    6078  0.31187E-005
    6079  0.31190E-005
    6080  0.31193E-005
    6081  0.31197E-005
    6082  0.31200E-005
    6083  0.31204E-005
    6084  0.30886E-005
    6085  0.30887E-005
    6086  0.30889E-005
    6087  0.30890E-005
    6088  0.30893E-005
    6089  0.30896E-005
    6090  0.30899E-005
    6091  0.30902E-005
    6092  0.30906E-005
    6093  0.30911E-005
    6094  0.30916E-005
    6095  0.30921E-005
    6096  0.30927E-005
    6097  0.30933E-005
    6098  0.30939E-005
    6099  0.30946E-005
    6100  0.30953E-005
    6101  0.30635E-005
    6102  0.30635E-005
    6103  0.30636E-005
    6104  0.30636E-005
    6105  0.30637E-005
    6106  0.30638E-005
    6107  0.30639E-005
    6108  0.30640E-005
    6109  0.30641E-005
    6110  0.30642E-005
    6111  0.30644E-005
    6112  0.30645E-005
    6113  0.30647E-005
    6114  0.30649E-005
    6115  0.30650E-005
    6116  0.30652E-005
    6117  0.30654E-005
    6118  0.30657E-005
    6119  0.30659E-005
    6120  0.30661E-005
    6121  0.30664E-005
    6122  0.30666E-005
    6123  0.30669E-005
    6124  0.30672E-005
    6125  0.30675E-005
    6126  0.30678E-005
    6127  0.30681E-005
    6128  0.30684E-005
    6129  0.30687E-005
    6130  0.30691E-005
    6131  0.30694E-005
    6132  0.30698E-005
    6133  0.30702E-005
    6134  0.30705E-005
    6135  0.30709E-005
    6136  0.30383E-005
    6137  0.30384E-005
    6138  0.30385E-005
    6139  0.30388E-005
    6140  0.30390E-005
    6141  0.30393E-005
    6142  0.30397E-005
    6143  0.30401E-005
    6144  0.30405E-005
    6145  0.30410E-005
    6146  0.30416E-005
    6147  0.30421E-005
    6148  0.30427E-005
    6149  0.30434E-005
    6150  0.30441E-005
    6151  0.30448E-005
    6152  0.30456E-005
    6153  0.30129E-005
    6154  0.30129E-005
    6155  0.30130E-005
    6156  0.30130E-005
    6157  0.30131E-005
    6158  0.30132E-005
    6159  0.30133E-005
    6160  0.30134E-005
    6161  0.30136E-005
    6162  0.30137E-005
    6163  0.30139E-005
    6164  0.30140E-005
    6165  0.30142E-005
    6166  0.30144E-005
    6167  0.30146E-005
    6168  0.30148E-005
    6169  0.30151E-005
    6170  0.30153E-005
    6171  0.30155E-005
    6172  0.30158E-005
    6173  0.30161E-005
    6174  0.30164E-005
    6175  0.30166E-005
    6176  0.30169E-005
    6177  0.30173E-005
    6178  0.30176E-005
    6179  0.30179E-005
    6180  0.30183E-005
    6181  0.30186E-005
    6182  0.30190E-005
    6183  0.30194E-005
    6184  0.30197E-005
    6185  0.30201E-005
    6186  0.30205E-005
    6187  0.30210E-005
    6188  0.29874E-005
    6189  0.29875E-005
    6190  0.29877E-005
    6191  0.29880E-005
    6192  0.29882E-005
    6193  0.29886E-005
    6194  0.29890E-005
    6195  0.29894E-005
    6196  0.29899E-005
    6197  0.29904E-005
    6198  0.29910E-005
    6199  0.29916E-005
    6200  0.29923E-005
    6201  0.29930E-005
    6202  0.29938E-005
    6203  0.29945E-005
    6204  0.29954E-005
    6205  0.29617E-005
    6206  0.29618E-005
    6207  0.29618E-005
    6208  0.29619E-005
    6209  0.29620E-005
    6210  0.29621E-005
    6211  0.29622E-005
    6212  0.29623E-005
    6213  0.29625E-005
    6214  0.29627E-005
    6215  0.29628E-005
    6216  0.29630E-005
    6217  0.29632E-005
    6218  0.29634E-005
    6219  0.29637E-005
    6220  0.29639E-005
    6221  0.29641E-005
    6222  0.29644E-005
    6223  0.29647E-005
    6224  0.29650E-005
    6225  0.29652E-005
    6226  0.29656E-005
    6227  0.29659E-005
    6228  0.29662E-005
    6229  0.29665E-005
    6230  0.29669E-005
    6231  0.29672E-005
    6232  0.29676E-005
    6233  0.29680E-005
    6234  0.29684E-005
    6235  0.29688E-005
    6236  0.29692E-005
    6237  0.29696E-005
    6238  0.29701E-005
    6239  0.29705E-005
    6240  0.29360E-005
    6241  0.29361E-005
    6242  0.29363E-005
    6243  0.29366E-005
    6244  0.29369E-005
    6245  0.29373E-005
    6246  0.29377E-005
    6247  0.29382E-005
    6248  0.29387E-005
    6249  0.29393E-005
    6250  0.29400E-005
    6251  0.29406E-005
    6252  0.29413E-005
    6253  0.29421E-005
    6254  0.29429E-005
    6255  0.29438E-005
    6256  0.29447E-005
    6257  0.29100E-005
    6258  0.29101E-005
    6259  0.29101E-005
    6260  0.29102E-005
    6261  0.29103E-005
    6262  0.29104E-005
    6263  0.29105E-005
    6264  0.29107E-005
    6265  0.29109E-005
    6266  0.29110E-005
    6267  0.29112E-005
    6268  0.29114E-005
    6269  0.29117E-005
    6270  0.29119E-005
    6271  0.29121E-005
    6272  0.29124E-005
    6273  0.29127E-005
    6274  0.29130E-005
    6275  0.29133E-005
    6276  0.29136E-005
    6277  0.29139E-005
    6278  0.29142E-005
    6279  0.29146E-005
    6280  0.29149E-005
    6281  0.29153E-005
    6282  0.29157E-005
    6283  0.29160E-005
    6284  0.29164E-005
    6285  0.29169E-005
    6286  0.29173E-005
    6287  0.29177E-005
    6288  0.29182E-005
    6289  0.29186E-005
    6290  0.29191E-005
    6291  0.29196E-005
    6292  0.28840E-005
    6293  0.28841E-005
    6294  0.28843E-005
    6295  0.28846E-005
    6296  0.28850E-005
    6297  0.28854E-005
    6298  0.28859E-005
    6299  0.28864E-005
    6300  0.28870E-005
    6301  0.28877E-005
    6302  0.28883E-005
    6303  0.28891E-005
    6304  0.28898E-005
    6305  0.28907E-005
    6306  0.28915E-005
    6307  0.28924E-005
    6308  0.28934E-005
    6309  0.28577E-005
    6310  0.28577E-005
    6311  0.28578E-005
    6312  0.28579E-005
    6313  0.28580E-005
    6314  0.28581E-005
    6315  0.28582E-005
    6316  0.28584E-005
    6317  0.28586E-005
    6318  0.28588E-005
    6319  0.28590E-005
    6320  0.28593E-005
    6321  0.28595E-005
    6322  0.28598E-005
    6323  0.28600E-005
    6324  0.28603E-005
    6325  0.28606E-005
    6326  0.28609E-005
    6327  0.28613E-005
    6328  0.28616E-005
    6329  0.28619E-005
    6330  0.28623E-005
    6331  0.28627E-005
    6332  0.28631E-005
    6333  0.28635E-005
    6334  0.28639E-005
    6335  0.28643E-005
    6336  0.28647E-005
    6337  0.28652E-005
    6338  0.28656E-005
    6339  0.28661E-005
    6340  0.28666E-005
    6341  0.28671E-005
    6342  0.28676E-005
    6343  0.28681E-005
    6344  0.28313E-005
    6345  0.28314E-005
    6346  0.28317E-005
    6347  0.28320E-005
    6348  0.28325E-005
    6349  0.28329E-005
    6350  0.28335E-005
    6351  0.28341E-005
    6352  0.28347E-005
    6353  0.28354E-005
    6354  0.28361E-005
    6355  0.28369E-005
    6356  0.28378E-005
    6357  0.28387E-005
    6358  0.28396E-005
    6359  0.28406E-005
    6360  0.28416E-005
    6361  0.28047E-005
    6362  0.28047E-005
    6363  0.28048E-005
    6364  0.28049E-005
    6365  0.28050E-005
    6366  0.28052E-005
    6367  0.28053E-005
    6368  0.28055E-005
    6369  0.28057E-005
    6370  0.28060E-005
    6371  0.28062E-005
    6372  0.28065E-005
    6373  0.28067E-005
    6374  0.28070E-005
    6375  0.28073E-005
    6376  0.28076E-005
    6377  0.28080E-005
    6378  0.28083E-005
    6379  0.28087E-005
    6380  0.28090E-005
    6381  0.28094E-005
    6382  0.28098E-005
    6383  0.28102E-005
    6384  0.28106E-005
    6385  0.28111E-005
    6386  0.28115E-005
    6387  0.28120E-005
    6388  0.28125E-005
    6389  0.28129E-005
    6390  0.28134E-005
    6391  0.28139E-005
    6392  0.28145E-005
    6393  0.28150E-005
    6394  0.28155E-005
    6395  0.28161E-005
    6396  0.27779E-005
    6397  0.27781E-005
    6398  0.27784E-005
    6399  0.27788E-005
    6400  0.27793E-005
    6401  0.27798E-005
    6402  0.27804E-005
    6403  0.27810E-005
    6404  0.27818E-005
    6405  0.27825E-005
    6406  0.27833E-005
    6407  0.27842E-005
    6408  0.27851E-005
    6409  0.27861E-005
    6410  0.27871E-005
    6411  0.27882E-005
    6412  0.27893E-005
    6413  0.27510E-005
    6414  0.27510E-005
    6415  0.27511E-005
    6416  0.27512E-005
    6417  0.27514E-005
    6418  0.27515E-005
    6419  0.27517E-005
    6420  0.27519E-005
    6421  0.27522E-005
    6422  0.27524E-005
    6423  0.27527E-005
    6424  0.27530E-005
    6425  0.27533E-005
    6426  0.27536E-005
    6427  0.27540E-005
    6428  0.27543E-005
    6429  0.27547E-005
    6430  0.27550E-005
    6431  0.27554E-005
    6432  0.27558E-005
    6433  0.27563E-005
    6434  0.27567E-005
    6435  0.27571E-005
    6436  0.27576E-005
    6437  0.27581E-005
    6438  0.27586E-005
    6439  0.27591E-005
    6440  0.27596E-005
    6441  0.27601E-005
    6442  0.27606E-005
    6443  0.27612E-005
    6444  0.27618E-005
    6445  0.27623E-005
    6446  0.27629E-005
    6447  0.27635E-005
    6448  0.27239E-005
    6449  0.27241E-005
    6450  0.27244E-005
    6451  0.27249E-005
    6452  0.27254E-005
    6453  0.27260E-005
    6454  0.27267E-005
    6455  0.27274E-005
    6456  0.27282E-005
    6457  0.27290E-005
    6458  0.27299E-005
    6459  0.27308E-005
    6460  0.27319E-005
    6461  0.27329E-005
    6462  0.27340E-005
    6463  0.27352E-005
    6464  0.27364E-005
    6465  0.26965E-005
    6466  0.26966E-005
    6467  0.26967E-005
    6468  0.26968E-005
    6469  0.26970E-005
    6470  0.26972E-005
    6471  0.26974E-005
    6472  0.26976E-005
    6473  0.26979E-005
    6474  0.26982E-005
    6475  0.26985E-005
    6476  0.26988E-005
    6477  0.26992E-005
    6478  0.26995E-005
    6479  0.26999E-005
    6480  0.27003E-005
    6481  0.27007E-005
    6482  0.27011E-005
    6483  0.27015E-005
    6484  0.27020E-005
    6485  0.27025E-005
    6486  0.27029E-005
    6487  0.27034E-005
    6488  0.27039E-005
    6489  0.27044E-005
    6490  0.27050E-005
    6491  0.27055E-005
    6492  0.27061E-005
    6493  0.27067E-005
    6494  0.27073E-005
    6495  0.27079E-005
    6496  0.27085E-005
    6497  0.27091E-005
    6498  0.27097E-005
    6499  0.27104E-005
    6500  0.26691E-005
    6501  0.26693E-005
    6502  0.26697E-005
    6503  0.26702E-005
    6504  0.26708E-005
    6505  0.26715E-005
    6506  0.26722E-005
    6507  0.26730E-005
    6508  0.26739E-005
    6509  0.26748E-005
    6510  0.26758E-005
    6511  0.26768E-005
    6512  0.26780E-005
    6513  0.26791E-005
    6514  0.26803E-005
    6515  0.26816E-005
    6516  0.26829E-005
    6517  0.26413E-005
    6518  0.26414E-005
    6519  0.26415E-005
    6520  0.26417E-005
    6521  0.26419E-005
    6522  0.26421E-005
    6523  0.26423E-005
    6524  0.26426E-005
    6525  0.26429E-005
    6526  0.26432E-005
    6527  0.26436E-005
    6528  0.26440E-005
    6529  0.26443E-005
    6530  0.26447E-005
    6531  0.26452E-005
    6532  0.26456E-005
    6533  0.26460E-005
    6534  0.26465E-005
    6535  0.26470E-005
    6536  0.26475E-005
    6537  0.26480E-005
    6538  0.26485E-005
    6539  0.26490E-005
    6540  0.26496E-005
    6541  0.26502E-005
    6542  0.26508E-005
    6543  0.26514E-005
    6544  0.26520E-005
    6545  0.26526E-005
    6546  0.26532E-005
    6547  0.26539E-005
    6548  0.26546E-005
    6549  0.26552E-005
    6550  0.26559E-005
    6551  0.26566E-005
    6552  0.26135E-005
    6553  0.26138E-005
    6554  0.26142E-005
    6555  0.26148E-005
    6556  0.26155E-005
    6557  0.26162E-005
    6558  0.26171E-005
    6559  0.26180E-005
    6560  0.26189E-005
    6561  0.26199E-005
    6562  0.26210E-005
    6563  0.26222E-005
    6564  0.26234E-005
    6565  0.26247E-005
    6566  0.26260E-005
    6567  0.26274E-005
    6568  0.26288E-005
    6569  0.25853E-005
    6570  0.25854E-005
    6571  0.25855E-005
    6572  0.25857E-005
    6573  0.25859E-005
    6574  0.25862E-005
    6575  0.25865E-005
    6576  0.25868E-005
    6577  0.25871E-005
    6578  0.25875E-005
    6579  0.25879E-005
    6580  0.25883E-005
    6581  0.25887E-005
    6582  0.25892E-005
    6583  0.25897E-005
    6584  0.25901E-005
    6585  0.25906E-005
    6586  0.25912E-005
    6587  0.25917E-005
    6588  0.25922E-005
    6589  0.25928E-005
    6590  0.25934E-005
    6591  0.25940E-005
    6592  0.25946E-005
    6593  0.25952E-005
    6594  0.25959E-005
    6595  0.25965E-005
    6596  0.25972E-005
    6597  0.25979E-005
    6598  0.25986E-005
    6599  0.25993E-005
    6600  0.26000E-005
    6601  0.26007E-005
    6602  0.26015E-005
    6603  0.26023E-005
    6604  0.25571E-005
    6605  0.25574E-005
    6606  0.25579E-005
    6607  0.25586E-005
    6608  0.25593E-005
    6609  0.25602E-005
    6610  0.25611E-005
    6611  0.25621E-005
    6612  0.25632E-005
    6613  0.25643E-005
    6614  0.25655E-005
    6615  0.25668E-005
    6616  0.25681E-005
    6617  0.25695E-005
    6618  0.25710E-005
    6619  0.25725E-005
    6620  0.25741E-005
    6621  0.25285E-005
    6622  0.25286E-005
    6623  0.25287E-005
    6624  0.25289E-005
    6625  0.25292E-005
    6626  0.25295E-005
    6627  0.25298E-005
    6628  0.25302E-005
    6629  0.25305E-005
    6630  0.25310E-005
    6631  0.25314E-005
    6632  0.25319E-005
    6633  0.25324E-005
    6634  0.25329E-005
    6635  0.25334E-005
    6636  0.25339E-005
    6637  0.25345E-005
    6638  0.25351E-005
    6639  0.25357E-005
    6640  0.25363E-005
    6641  0.25369E-005
    6642  0.25375E-005
    6643  0.25382E-005
    6644  0.25389E-005
    6645  0.25395E-005
    6646  0.25403E-005
    6647  0.25410E-005
    6648  0.25417E-005
    6649  0.25425E-005
    6650  0.25432E-005
    6651  0.25440E-005
    6652  0.25448E-005
    6653  0.25456E-005
    6654  0.25464E-005
    6655  0.25473E-005
    6656  0.24998E-005
    6657  0.25002E-005
    6658  0.25008E-005
    6659  0.25015E-005
    6660  0.25024E-005
    6661  0.25033E-005
    6662  0.25044E-005
    6663  0.25055E-005
    6664  0.25067E-005
    6665  0.25080E-005
    6666  0.25093E-005
    6667  0.25107E-005
    6668  0.25122E-005
    6669  0.25137E-005
    6670  0.25153E-005
    6671  0.25170E-005
    6672  0.25187E-005
    6673  0.24708E-005
    6674  0.24709E-005
    6675  0.24710E-005
    6676  0.24712E-005
    6677  0.24715E-005
    6678  0.24719E-005
    6679  0.24722E-005
    6680  0.24727E-005
    6681  0.24731E-005
    6682  0.24736E-005
    6683  0.24741E-005
    6684  0.24746E-005
    6685  0.24752E-005
    6686  0.24757E-005
    6687  0.24763E-005
    6688  0.24769E-005
    6689  0.24775E-005
    6690  0.24782E-005
    6691  0.24788E-005
    6692  0.24795E-005
    6693  0.24802E-005
    6694  0.24809E-005
    6695  0.24817E-005
    6696  0.24824E-005
    6697  0.24832E-005
    6698  0.24839E-005
    6699  0.24847E-005
    6700  0.24855E-005
    6701  0.24864E-005
    6702  0.24872E-005
    6703  0.24881E-005
    6704  0.24889E-005
    6705  0.24898E-005
    6706  0.24907E-005
    6707  0.24916E-005
    6708  0.24416E-005
    6709  0.24421E-005
    6710  0.24427E-005
    6711  0.24436E-005
    6712  0.24446E-005
    6713  0.24457E-005
    6714  0.24468E-005
    6715  0.24481E-005
    6716  0.24494E-005
    6717  0.24509E-005
    6718  0.24523E-005
    6719  0.24539E-005
    6720  0.24555E-005
    6721  0.24572E-005
    6722  0.24589E-005
    6723  0.24607E-005
    6724  0.24626E-005
    6725  0.24121E-005
    6726  0.24122E-005
    6727  0.24124E-005
    6728  0.24127E-005
    6729  0.24130E-005
    6730  0.24134E-005
    6731  0.24138E-005
    6732  0.24143E-005
    6733  0.24148E-005
    6734  0.24153E-005
    6735  0.24159E-005
    6736  0.24165E-005
    6737  0.24171E-005
    6738  0.24177E-005
    6739  0.24184E-005
    6740  0.24191E-005
    6741  0.24198E-005
    6742  0.24205E-005
    6743  0.24212E-005
    6744  0.24220E-005
    6745  0.24228E-005
    6746  0.24236E-005
    6747  0.24244E-005
    6748  0.24252E-005
    6749  0.24260E-005
    6750  0.24269E-005
    6751  0.24278E-005
    6752  0.24286E-005
    6753  0.24295E-005
    6754  0.24305E-005
    6755  0.24314E-005
    6756  0.24324E-005
    6757  0.24333E-005
    6758  0.24343E-005
    6759  0.24353E-005
    6760  0.23825E-005
    6761  0.23830E-005
    6762  0.23838E-005
    6763  0.23847E-005
    6764  0.23858E-005
    6765  0.23871E-005
    6766  0.23884E-005
    6767  0.23899E-005
    6768  0.23913E-005
    6769  0.23929E-005
    6770  0.23946E-005
    6771  0.23963E-005
    6772  0.23981E-005
    6773  0.23999E-005
    6774  0.24018E-005
    6775  0.24038E-005
    6776  0.24059E-005
    6777  0.23524E-005
    6778  0.23526E-005
    6779  0.23528E-005
    6780  0.23531E-005
    6781  0.23535E-005
    6782  0.23539E-005
    6783  0.23544E-005
    6784  0.23549E-005
    6785  0.23555E-005
    6786  0.23561E-005
    6787  0.23568E-005
    6788  0.23575E-005
    6789  0.23582E-005
    6790  0.23589E-005
    6791  0.23596E-005
    6792  0.23604E-005
    6793  0.23612E-005
    6794  0.23620E-005
    6795  0.23628E-005
    6796  0.23636E-005
    6797  0.23645E-005
    6798  0.23654E-005
    6799  0.23663E-005
    6800  0.23672E-005
    6801  0.23681E-005
    6802  0.23691E-005
    6803  0.23700E-005
    6804  0.23710E-005
    6805  0.23720E-005
    6806  0.23730E-005
    6807  0.23740E-005
    6808  0.23751E-005
    6809  0.23762E-005
    6810  0.23772E-005
    6811  0.23783E-005
    6812  0.23224E-005
    6813  0.23230E-005
    6814  0.23238E-005
    6815  0.23249E-005
    6816  0.23262E-005
    6817  0.23276E-005
    6818  0.23291E-005
    6819  0.23307E-005
    6820  0.23324E-005
    6821  0.23342E-005
    6822  0.23360E-005
    6823  0.23379E-005
    6824  0.23399E-005
    6825  0.23419E-005
    6826  0.23440E-005
    6827  0.23462E-005
    6828  0.23484E-005
    6829  0.22918E-005
    6830  0.22920E-005
    6831  0.22922E-005
    6832  0.22926E-005
    6833  0.22930E-005
    6834  0.22935E-005
    6835  0.22940E-005
    6836  0.22947E-005
    6837  0.22953E-005
    6838  0.22960E-005
    6839  0.22968E-005
    6840  0.22975E-005
    6841  0.22983E-005
    6842  0.22991E-005
    6843  0.23000E-005
    6844  0.23008E-005
    6845  0.23017E-005
    6846  0.23026E-005
    6847  0.23035E-005
    6848  0.23045E-005
    6849  0.23054E-005
    6850  0.23064E-005
    6851  0.23074E-005
    6852  0.23084E-005
    6853  0.23094E-005
    6854  0.23105E-005
    6855  0.23115E-005
    6856  0.23126E-005
    6857  0.23137E-005
    6858  0.23148E-005
    6859  0.23159E-005
    6860  0.23171E-005
    6861  0.23183E-005
    6862  0.23194E-005
    6863  0.23206E-005
    6864  0.22613E-005
    6865  0.22619E-005
    6866  0.22629E-005
    6867  0.22641E-005
    6868  0.22656E-005
    6869  0.22672E-005
    6870  0.22689E-005
    6871  0.22707E-005
    6872  0.22726E-005
    6873  0.22745E-005
    6874  0.22766E-005
    6875  0.22787E-005
    6876  0.22809E-005
    6877  0.22831E-005
    6878  0.22854E-005
    6879  0.22878E-005
    6880  0.22903E-005
    6881  0.22301E-005
    6882  0.22303E-005
    6883  0.22306E-005
    6884  0.22310E-005
    6885  0.22315E-005
    6886  0.22320E-005
    6887  0.22327E-005
    6888  0.22334E-005
    6889  0.22341E-005
    6890  0.22349E-005
    6891  0.22358E-005
    6892  0.22366E-005
    6893  0.22375E-005
    6894  0.22385E-005
    6895  0.22394E-005
    6896  0.22404E-005
    6897  0.22413E-005
    6898  0.22423E-005
    6899  0.22434E-005
    6900  0.22444E-005
    6901  0.22455E-005
    6902  0.22466E-005
    6903  0.22477E-005
    6904  0.22488E-005
    6905  0.22499E-005
    6906  0.22511E-005
    6907  0.22522E-005
    6908  0.22534E-005
    6909  0.22546E-005
    6910  0.22559E-005
    6911  0.22571E-005
    6912  0.22584E-005
    6913  0.22597E-005
    6914  0.22610E-005
    6915  0.22623E-005
    6916  0.21991E-005
    6917  0.21998E-005
    6918  0.22009E-005
    6919  0.22024E-005
    6920  0.22040E-005
    6921  0.22058E-005
    6922  0.22078E-005
    6923  0.22098E-005
    6924  0.22119E-005
    6925  0.22141E-005
    6926  0.22163E-005
    6927  0.22187E-005
    6928  0.22211E-005
    6929  0.22236E-005
    6930  0.22261E-005
    6931  0.22288E-005
    6932  0.22314E-005
    6933  0.21673E-005
    6934  0.21676E-005
    6935  0.21679E-005
    6936  0.21683E-005
    6937  0.21689E-005
    6938  0.21696E-005
    6939  0.21703E-005
    6940  0.21711E-005
    6941  0.21719E-005
    6942  0.21729E-005
    6943  0.21738E-005
    6944  0.21748E-005
    6945  0.21758E-005
    6946  0.21768E-005
    6947  0.21779E-005
    6948  0.21790E-005
    6949  0.21801E-005
    6950  0.21812E-005
    6951  0.21823E-005
    6952  0.21835E-005
    6953  0.21847E-005
    6954  0.21859E-005
    6955  0.21871E-005
    6956  0.21884E-005
    6957  0.21896E-005
    6958  0.21909E-005
    6959  0.21922E-005
    6960  0.21935E-005
    6961  0.21948E-005
    6962  0.21962E-005
    6963  0.21976E-005
    6964  0.21989E-005
    6965  0.22003E-005
    6966  0.22018E-005
    6967  0.22032E-005
    6968  0.21358E-005
    6969  0.21366E-005
    6970  0.21379E-005
    6971  0.21395E-005
    6972  0.21414E-005
    6973  0.21435E-005
    6974  0.21457E-005
    6975  0.21479E-005
    6976  0.21503E-005
    6977  0.21527E-005
    6978  0.21552E-005
    6979  0.21578E-005
    6980  0.21605E-005
    6981  0.21632E-005
    6982  0.21661E-005
    6983  0.21689E-005
    6984  0.21719E-005
    6985  0.21035E-005
    6986  0.21037E-005
    6987  0.21041E-005
    6988  0.21046E-005
    6989  0.21053E-005
    6990  0.21060E-005
    6991  0.21068E-005
    6992  0.21077E-005
    6993  0.21087E-005
    6994  0.21098E-005
    6995  0.21108E-005
    6996  0.21119E-005
    6997  0.21131E-005
    6998  0.21142E-005
    6999  0.21154E-005
    7000  0.21166E-005
    7001  0.21179E-005
    7002  0.21191E-005
    7003  0.21204E-005
    7004  0.21217E-005
    7005  0.21230E-005
    7006  0.21244E-005
    7007  0.21257E-005
    7008  0.21271E-005
    7009  0.21285E-005
    7010  0.21299E-005
    7011  0.21313E-005
    7012  0.21328E-005
    7013  0.21343E-005
    7014  0.21357E-005
    7015  0.21372E-005
    7016  0.21388E-005
    7017  0.21403E-005
    7018  0.21419E-005
    7019  0.21434E-005
    7020  0.20714E-005
    7021  0.20723E-005
    7022  0.20738E-005
    7023  0.20757E-005
    7024  0.20778E-005
    7025  0.20801E-005
    7026  0.20826E-005
    7027  0.20851E-005
    7028  0.20878E-005
    7029  0.20905E-005
    7030  0.20933E-005
    7031  0.20962E-005
    7032  0.20991E-005
    7033  0.21021E-005
    7034  0.21052E-005
    7035  0.21084E-005
    7036  0.21117E-005
    7037  0.20385E-005
    7038  0.20388E-005
    7039  0.20392E-005
    7040  0.20398E-005
    7041  0.20405E-005
    7042  0.20414E-005
    7043  0.20423E-005
    7044  0.20433E-005
    7045  0.20445E-005
    7046  0.20456E-005
    7047  0.20468E-005
    7048  0.20481E-005
    7049  0.20494E-005
    7050  0.20507E-005
    7051  0.20520E-005
    7052  0.20534E-005
    7053  0.20548E-005
    7054  0.20562E-005
    7055  0.20576E-005
    7056  0.20590E-005
    7057  0.20605E-005
    7058  0.20620E-005
    7059  0.20635E-005
    7060  0.20650E-005
    7061  0.20666E-005
    7062  0.20681E-005
    7063  0.20697E-005
    7064  0.20713E-005
    7065  0.20729E-005
    7066  0.20746E-005
    7067  0.20762E-005
    7068  0.20779E-005
    7069  0.20796E-005
    7070  0.20813E-005
    7071  0.20830E-005
    7072  0.20059E-005
    7073  0.20070E-005
    7074  0.20086E-005
    7075  0.20108E-005
    7076  0.20132E-005
    7077  0.20158E-005
    7078  0.20185E-005
    7079  0.20214E-005
    7080  0.20243E-005
    7081  0.20274E-005
    7082  0.20305E-005
    7083  0.20337E-005
    7084  0.20369E-005
    7085  0.20403E-005
    7086  0.20437E-005
    7087  0.20472E-005
    7088  0.20507E-005
    7089  0.19724E-005
    7090  0.19727E-005
    7091  0.19732E-005
    7092  0.19738E-005
    7093  0.19747E-005
    7094  0.19756E-005
    7095  0.19767E-005
    7096  0.19779E-005
    7097  0.19791E-005
    7098  0.19805E-005
    7099  0.19818E-005
    7100  0.19832E-005
    7101  0.19847E-005
    7102  0.19861E-005
    7103  0.19876E-005
    7104  0.19892E-005
    7105  0.19907E-005
    7106  0.19923E-005
    7107  0.19939E-005
    7108  0.19955E-005
    7109  0.19971E-005
    7110  0.19988E-005
    7111  0.20004E-005
    7112  0.20021E-005
    7113  0.20038E-005
    7114  0.20055E-005
    7115  0.20073E-005
    7116  0.20091E-005
    7117  0.20108E-005
    7118  0.20126E-005
    7119  0.20145E-005
    7120  0.20163E-005
    7121  0.20181E-005
    7122  0.20200E-005
    7123  0.20219E-005
    7124  0.19392E-005
    7125  0.19404E-005
    7126  0.19424E-005
    7127  0.19448E-005
    7128  0.19475E-005
    7129  0.19504E-005
    7130  0.19535E-005
    7131  0.19567E-005
    7132  0.19600E-005
    7133  0.19634E-005
    7134  0.19668E-005
    7135  0.19704E-005
    7136  0.19740E-005
    7137  0.19777E-005
    7138  0.19814E-005
    7139  0.19852E-005
    7140  0.19891E-005
    7141  0.19051E-005
    7142  0.19055E-005
    7143  0.19060E-005
    7144  0.19068E-005
    7145  0.19077E-005
    7146  0.19088E-005
    7147  0.19100E-005
    7148  0.19114E-005
    7149  0.19128E-005
    7150  0.19143E-005
    7151  0.19158E-005
    7152  0.19174E-005
    7153  0.19190E-005
    7154  0.19207E-005
    7155  0.19223E-005
    7156  0.19240E-005
    7157  0.19258E-005
    7158  0.19275E-005
    7159  0.19293E-005
    7160  0.19311E-005
    7161  0.19329E-005
    7162  0.19347E-005
    7163  0.19366E-005
    7164  0.19384E-005
    7165  0.19403E-005
    7166  0.19422E-005
    7167  0.19441E-005
    7168  0.19461E-005
    7169  0.19480E-005
    7170  0.19500E-005
    7171  0.19520E-005
    7172  0.19540E-005
    7173  0.19560E-005
    7174  0.19581E-005
    7175  0.19601E-005
    7176  0.18714E-005
    7177  0.18728E-005
    7178  0.18750E-005
    7179  0.18777E-005
    7180  0.18808E-005
    7181  0.18841E-005
    7182  0.18876E-005
    7183  0.18911E-005
    7184  0.18948E-005
    7185  0.18985E-005
    7186  0.19024E-005
    7187  0.19063E-005
    7188  0.19103E-005
    7189  0.19143E-005
    7190  0.19184E-005
    7191  0.19226E-005
    7192  0.19269E-005
    7193  0.18367E-005
    7194  0.18371E-005
    7195  0.18377E-005
    7196  0.18386E-005
    7197  0.18397E-005
    7198  0.18409E-005
    7199  0.18423E-005
    7200  0.18438E-005
    7201  0.18454E-005
    7202  0.18470E-005
    7203  0.18488E-005
    7204  0.18506E-005
    7205  0.18524E-005
    7206  0.18542E-005
    7207  0.18561E-005
    7208  0.18580E-005
    7209  0.18599E-005
    7210  0.18619E-005
    7211  0.18638E-005
    7212  0.18658E-005
    7213  0.18678E-005
    7214  0.18698E-005
    7215  0.18719E-005
    7216  0.18740E-005
    7217  0.18760E-005
    7218  0.18781E-005
    7219  0.18803E-005
    7220  0.18824E-005
    7221  0.18845E-005
    7222  0.18867E-005
    7223  0.18889E-005
    7224  0.18911E-005
    7225  0.18933E-005
    7226  0.18956E-005
    7227  0.18978E-005
    7228  0.18025E-005
    7229  0.18041E-005
    7230  0.18065E-005
    7231  0.18096E-005
    7232  0.18131E-005
    7233  0.18168E-005
    7234  0.18207E-005
    7235  0.18246E-005
    7236  0.18287E-005
    7237  0.18329E-005
    7238  0.18371E-005
    7239  0.18414E-005
    7240  0.18458E-005
    7241  0.18503E-005
    7242  0.18548E-005
    7243  0.18594E-005
    7244  0.18641E-005
    7245  0.17672E-005
    7246  0.17676E-005
    7247  0.17684E-005
    7248  0.17693E-005
    7249  0.17705E-005
    7250  0.17719E-005
    7251  0.17735E-005
    7252  0.17752E-005
    7253  0.17770E-005
    7254  0.17788E-005
    7255  0.17808E-005
    7256  0.17828E-005
    7257  0.17848E-005
    7258  0.17869E-005
    7259  0.17890E-005
    7260  0.17911E-005
    7261  0.17932E-005
    7262  0.17954E-005
    7263  0.17976E-005
    7264  0.17998E-005
    7265  0.18020E-005
    7266  0.18042E-005
    7267  0.18065E-005
    7268  0.18088E-005
    7269  0.18110E-005
    7270  0.18134E-005
    7271  0.18157E-005
    7272  0.18180E-005
    7273  0.18204E-005
    7274  0.18228E-005
    7275  0.18252E-005
    7276  0.18276E-005
    7277  0.18300E-005
    7278  0.18325E-005
    7279  0.18349E-005
    7280  0.17325E-005
    7281  0.17343E-005
    7282  0.17371E-005
    7283  0.17405E-005
    7284  0.17444E-005
    7285  0.17485E-005
    7286  0.17529E-005
    7287  0.17573E-005
    7288  0.17618E-005
    7289  0.17664E-005
    7290  0.17711E-005
    7291  0.17759E-005
    7292  0.17807E-005
    7293  0.17856E-005
    7294  0.17906E-005
    7295  0.17956E-005
    7296  0.18007E-005
    7297  0.16966E-005
    7298  0.16971E-005
    7299  0.16979E-005
    7300  0.16990E-005
    7301  0.17004E-005
    7302  0.17019E-005
    7303  0.17037E-005
    7304  0.17056E-005
    7305  0.17076E-005
    7306  0.17097E-005
    7307  0.17118E-005
    7308  0.17141E-005
    7309  0.17163E-005
    7310  0.17186E-005
    7311  0.17210E-005
    7312  0.17233E-005
    7313  0.17257E-005
    7314  0.17281E-005
    7315  0.17305E-005
    7316  0.17329E-005
    7317  0.17354E-005
    7318  0.17379E-005
    7319  0.17404E-005
    7320  0.17429E-005
    7321  0.17454E-005
    7322  0.17479E-005
    7323  0.17505E-005
    7324  0.17531E-005
    7325  0.17557E-005
    7326  0.17583E-005
    7327  0.17609E-005
    7328  0.17635E-005
    7329  0.17662E-005
    7330  0.17688E-005
    7331  0.17715E-005
    7332  0.16615E-005
    7333  0.16635E-005
    7334  0.16666E-005
    7335  0.16704E-005
    7336  0.16748E-005
    7337  0.16794E-005
    7338  0.16842E-005
    7339  0.16891E-005
    7340  0.16942E-005
    7341  0.16993E-005
    7342  0.17044E-005
    7343  0.17097E-005
    7344  0.17150E-005
    7345  0.17204E-005
    7346  0.17258E-005
    7347  0.17313E-005
    7348  0.17369E-005
    7349  0.16250E-005
    7350  0.16256E-005
    7351  0.16265E-005
    7352  0.16277E-005
    7353  0.16292E-005
    7354  0.16309E-005
    7355  0.16329E-005
    7356  0.16350E-005
    7357  0.16373E-005
    7358  0.16396E-005
    7359  0.16420E-005
    7360  0.16445E-005
    7361  0.16470E-005
    7362  0.16496E-005
    7363  0.16522E-005
    7364  0.16548E-005
    7365  0.16574E-005
    7366  0.16601E-005
    7367  0.16627E-005
    7368  0.16654E-005
    7369  0.16681E-005
    7370  0.16709E-005
    7371  0.16736E-005
    7372  0.16764E-005
    7373  0.16791E-005
    7374  0.16819E-005
    7375  0.16847E-005
    7376  0.16875E-005
    7377  0.16904E-005
    7378  0.16932E-005
    7379  0.16961E-005
    7380  0.16990E-005
    7381  0.17019E-005
    7382  0.17048E-005
    7383  0.17077E-005
    7384  0.15894E-005
    7385  0.15917E-005
    7386  0.15951E-005
    7387  0.15994E-005
    7388  0.16043E-005
    7389  0.16094E-005
    7390  0.16148E-005
    7391  0.16202E-005
    7392  0.16258E-005
    7393  0.16314E-005
    7394  0.16371E-005
    7395  0.16429E-005
    7396  0.16487E-005
    7397  0.16546E-005
    7398  0.16605E-005
    7399  0.16665E-005
    7400  0.16726E-005
    7401  0.15524E-005
    7402  0.15530E-005
    7403  0.15540E-005
    7404  0.15554E-005
    7405  0.15571E-005
    7406  0.15591E-005
    7407  0.15612E-005
    7408  0.15636E-005
    7409  0.15661E-005
    7410  0.15687E-005
    7411  0.15714E-005
    7412  0.15742E-005
    7413  0.15770E-005
    7414  0.15798E-005
    7415  0.15826E-005
    7416  0.15855E-005
    7417  0.15884E-005
    7418  0.15914E-005
    7419  0.15943E-005
    7420  0.15973E-005
    7421  0.16003E-005
    7422  0.16033E-005
    7423  0.16063E-005
    7424  0.16093E-005
    7425  0.16123E-005
    7426  0.16154E-005
    7427  0.16185E-005
    7428  0.16215E-005
    7429  0.16246E-005
    7430  0.16278E-005
    7431  0.16309E-005
    7432  0.16340E-005
    7433  0.16372E-005
    7434  0.16403E-005
    7435  0.16435E-005
    7436  0.15164E-005
    7437  0.15189E-005
    7438  0.15228E-005
    7439  0.15276E-005
    7440  0.15330E-005
    7441  0.15387E-005
    7442  0.15446E-005
    7443  0.15507E-005
    7444  0.15568E-005
    7445  0.15630E-005
    7446  0.15693E-005
    7447  0.15756E-005
    7448  0.15820E-005
    7449  0.15884E-005
    7450  0.15949E-005
    7451  0.16014E-005
    7452  0.16080E-005
    7453  0.14789E-005
    7454  0.14796E-005
    7455  0.14807E-005
    7456  0.14823E-005
    7457  0.14842E-005
    7458  0.14863E-005
    7459  0.14888E-005
    7460  0.14914E-005
    7461  0.14942E-005
    7462  0.14971E-005
    7463  0.15000E-005
    7464  0.15031E-005
    7465  0.15062E-005
    7466  0.15093E-005
    7467  0.15125E-005
    7468  0.15157E-005
    7469  0.15189E-005
    7470  0.15221E-005
    7471  0.15253E-005
    7472  0.15286E-005
    7473  0.15319E-005
    7474  0.15351E-005
    7475  0.15384E-005
    7476  0.15418E-005
    7477  0.15451E-005
    7478  0.15484E-005
    7479  0.15518E-005
    7480  0.15551E-005
    7481  0.15585E-005
    7482  0.15619E-005
    7483  0.15653E-005
    7484  0.15687E-005
    7485  0.15722E-005
    7486  0.15756E-005
    7487  0.15790E-005
    7488  0.14426E-005
    7489  0.14454E-005
    7490  0.14497E-005
    7491  0.14550E-005
    7492  0.14610E-005
    7493  0.14673E-005
    7494  0.14739E-005
    7495  0.14805E-005
    7496  0.14873E-005
    7497  0.14941E-005
    7498  0.15009E-005
    7499  0.15078E-005
    7500  0.15148E-005
    7501  0.15218E-005
    7502  0.15289E-005
    7503  0.15360E-005
    7504  0.15431E-005
    7505  0.14047E-005
    7506  0.14054E-005
    7507  0.14067E-005
    7508  0.14084E-005
    7509  0.14105E-005
    7510  0.14129E-005
    7511  0.14156E-005
    7512  0.14185E-005
    7513  0.14216E-005
    7514  0.14248E-005
    7515  0.14281E-005
    7516  0.14314E-005
    7517  0.14348E-005
    7518  0.14383E-005
    7519  0.14418E-005
    7520  0.14453E-005
    7521  0.14488E-005
    7522  0.14523E-005
    7523  0.14559E-005
    7524  0.14595E-005
    7525  0.14630E-005
    7526  0.14666E-005
    7527  0.14702E-005
    7528  0.14739E-005
    7529  0.14775E-005
    7530  0.14811E-005
    7531  0.14848E-005
    7532  0.14885E-005
    7533  0.14921E-005
    7534  0.14958E-005
    7535  0.14995E-005
    7536  0.15032E-005
    7537  0.15069E-005
    7538  0.15107E-005
    7539  0.15144E-005
    7540  0.13681E-005
    7541  0.13712E-005
    7542  0.13759E-005
    7543  0.13818E-005
    7544  0.13884E-005
    7545  0.13954E-005
    7546  0.14026E-005
    7547  0.14099E-005
    7548  0.14173E-005
    7549  0.14248E-005
    7550  0.14323E-005
    7551  0.14398E-005
    7552  0.14474E-005
    7553  0.14550E-005
    7554  0.14627E-005
    7555  0.14704E-005
    7556  0.14782E-005
    7557  0.13298E-005
    7558  0.13306E-005
    7559  0.13320E-005
    7560  0.13339E-005
    7561  0.13362E-005
    7562  0.13388E-005
    7563  0.13418E-005
    7564  0.13450E-005
    7565  0.13484E-005
    7566  0.13519E-005
    7567  0.13556E-005
    7568  0.13593E-005
    7569  0.13630E-005
    7570  0.13668E-005
    7571  0.13707E-005
    7572  0.13745E-005
    7573  0.13784E-005
    7574  0.13822E-005
    7575  0.13861E-005
    7576  0.13900E-005
    7577  0.13939E-005
    7578  0.13979E-005
    7579  0.14018E-005
    7580  0.14057E-005
    7581  0.14097E-005
    7582  0.14136E-005
    7583  0.14176E-005
    7584  0.14216E-005
    7585  0.14256E-005
    7586  0.14296E-005
    7587  0.14336E-005
    7588  0.14376E-005
    7589  0.14416E-005
    7590  0.14457E-005
    7591  0.14497E-005
    7592  0.12930E-005
    7593  0.12964E-005
    7594  0.13016E-005
    7595  0.13081E-005
    7596  0.13154E-005
    7597  0.13231E-005
    7598  0.13310E-005
    7599  0.13390E-005
    7600  0.13471E-005
    7601  0.13552E-005
    7602  0.13634E-005
    7603  0.13716E-005
    7604  0.13799E-005
    7605  0.13881E-005
    7606  0.13965E-005
    7607  0.14048E-005
    7608  0.14132E-005
    7609  0.12543E-005
    7610  0.12553E-005
    7611  0.12568E-005
    7612  0.12589E-005
    7613  0.12614E-005
    7614  0.12643E-005
    7615  0.12676E-005
    7616  0.12711E-005
    7617  0.12749E-005
    7618  0.12788E-005
    7619  0.12827E-005
    7620  0.12868E-005
    7621  0.12909E-005
    7622  0.12951E-005
    7623  0.12993E-005
    7624  0.13035E-005
    7625  0.13077E-005
    7626  0.13119E-005
    7627  0.13162E-005
    7628  0.13204E-005
    7629  0.13247E-005
    7630  0.13289E-005
    7631  0.13332E-005
    7632  0.13375E-005
    7633  0.13418E-005
    7634  0.13461E-005
    7635  0.13504E-005
    7636  0.13547E-005
    7637  0.13590E-005
    7638  0.13633E-005
    7639  0.13677E-005
    7640  0.13720E-005
    7641  0.13764E-005
    7642  0.13807E-005
    7643  0.13851E-005
    7644  0.12175E-005
    7645  0.12212E-005
    7646  0.12270E-005
    7647  0.12341E-005
    7648  0.12421E-005
    7649  0.12505E-005
    7650  0.12591E-005
    7651  0.12679E-005
    7652  0.12767E-005
    7653  0.12856E-005
    7654  0.12945E-005
    7655  0.13034E-005
    7656  0.13123E-005
    7657  0.13213E-005
    7658  0.13303E-005
    7659  0.13393E-005
    7660  0.13483E-005
    7661  0.11786E-005
    7662  0.11796E-005
    7663  0.11813E-005
    7664  0.11835E-005
    7665  0.11863E-005
    7666  0.11896E-005
    7667  0.11931E-005
    7668  0.11970E-005
    7669  0.12011E-005
    7670  0.12054E-005
    7671  0.12097E-005
    7672  0.12142E-005
    7673  0.12187E-005
    7674  0.12232E-005
    7675  0.12278E-005
    7676  0.12323E-005
    7677  0.12369E-005
    7678  0.12415E-005
    7679  0.12462E-005
    7680  0.12508E-005
    7681  0.12554E-005
    7682  0.12600E-005
    7683  0.12647E-005
    7684  0.12693E-005
    7685  0.12740E-005
    7686  0.12786E-005
    7687  0.12833E-005
    7688  0.12879E-005
    7689  0.12926E-005
    7690  0.12973E-005
    7691  0.13019E-005
    7692  0.13066E-005
    7693  0.13113E-005
    7694  0.13160E-005
    7695  0.13206E-005
    7696  0.11417E-005
    7697  0.11458E-005
    7698  0.11521E-005
    7699  0.11599E-005
    7700  0.11686E-005
    7701  0.11778E-005
    7702  0.11873E-005
    7703  0.11968E-005
    7704  0.12064E-005
    7705  0.12160E-005
    7706  0.12256E-005
    7707  0.12353E-005
    7708  0.12450E-005
    7709  0.12546E-005
    7710  0.12643E-005
    7711  0.12740E-005
    7712  0.12837E-005
    7713  0.11027E-005
    7714  0.11038E-005
    7715  0.11056E-005
    7716  0.11081E-005
    7717  0.11112E-005
    7718  0.11147E-005
    7719  0.11186E-005
    7720  0.11228E-005
    7721  0.11273E-005
    7722  0.11319E-005
    7723  0.11367E-005
    7724  0.11415E-005
    7725  0.11464E-005
    7726  0.11514E-005
    7727  0.11563E-005
    7728  0.11613E-005
    7729  0.11663E-005
    7730  0.11713E-005
    7731  0.11763E-005
    7732  0.11813E-005
    7733  0.11863E-005
    7734  0.11913E-005
    7735  0.11963E-005
    7736  0.12013E-005
    7737  0.12064E-005
    7738  0.12114E-005
    7739  0.12164E-005
    7740  0.12214E-005
    7741  0.12264E-005
    7742  0.12315E-005
    7743  0.12365E-005
    7744  0.12415E-005
    7745  0.12466E-005
    7746  0.12516E-005
    7747  0.12566E-005
    7748  0.10659E-005
    7749  0.10704E-005
    7750  0.10773E-005
    7751  0.10858E-005
    7752  0.10953E-005
    7753  0.11053E-005
    7754  0.11156E-005
    7755  0.11259E-005
    7756  0.11363E-005
    7757  0.11467E-005
    7758  0.11571E-005
    7759  0.11675E-005
    7760  0.11779E-005
    7761  0.11883E-005
    7762  0.11988E-005
    7763  0.12092E-005
    7764  0.12196E-005
    7765  0.10269E-005
    7766  0.10281E-005
    7767  0.10301E-005
    7768  0.10328E-005
    7769  0.10361E-005
    7770  0.10400E-005
    7771  0.10442E-005
    7772  0.10488E-005
    7773  0.10537E-005
    7774  0.10587E-005
    7775  0.10639E-005
    7776  0.10692E-005
    7777  0.10745E-005
    7778  0.10798E-005
    7779  0.10852E-005
    7780  0.10906E-005
    7781  0.10960E-005
    7782  0.11014E-005
    7783  0.11068E-005
    7784  0.11122E-005
    7785  0.11176E-005
    7786  0.11230E-005
    7787  0.11284E-005
    7788  0.11338E-005
    7789  0.11392E-005
    7790  0.11446E-005
    7791  0.11500E-005
    7792  0.11554E-005
    7793  0.11608E-005
    7794  0.11662E-005
    7795  0.11716E-005
    7796  0.11770E-005
    7797  0.11824E-005
    7798  0.11877E-005
    7799  0.11931E-005
    7800  0.99033E-006
    7801  0.99523E-006
    7802  0.10027E-005
    7803  0.10119E-005
    7804  0.10223E-005
    7805  0.10331E-005
    7806  0.10442E-005
    7807  0.10554E-005
    7808  0.10666E-005
    7809  0.10778E-005
    7810  0.10891E-005
    7811  0.11003E-005
    7812  0.11114E-005
    7813  0.11226E-005
    7814  0.11338E-005
    7815  0.11449E-005
    7816  0.11561E-005
    7817  0.95136E-006
    7818  0.95269E-006
    7819  0.95487E-006
    7820  0.95780E-006
    7821  0.96141E-006
    7822  0.96558E-006
    7823  0.97021E-006
    7824  0.97520E-006
    7825  0.98046E-006
    7826  0.98593E-006
    7827  0.99152E-006
    7828  0.99722E-006
    7829  0.10030E-005
    7830  0.10088E-005
    7831  0.10146E-005
    7832  0.10204E-005
    7833  0.10262E-005
    7834  0.10320E-005
    7835  0.10378E-005
    7836  0.10437E-005
    7837  0.10495E-005
    7838  0.10553E-005
    7839  0.10611E-005
    7840  0.10669E-005
    7841  0.10727E-005
    7842  0.10785E-005
    7843  0.10843E-005
    7844  0.10900E-005
    7845  0.10958E-005
    7846  0.11016E-005
    7847  0.11074E-005
    7848  0.11131E-005
    7849  0.11189E-005
    7850  0.11246E-005
    7851  0.11304E-005
    7852  0.91520E-006
    7853  0.92052E-006
    7854  0.92862E-006
    7855  0.93862E-006
    7856  0.94977E-006
    7857  0.96150E-006
    7858  0.97348E-006
    7859  0.98554E-006
    7860  0.99761E-006
    7861  0.10097E-005
    7862  0.10217E-005
    7863  0.10337E-005
    7864  0.10457E-005
    7865  0.10577E-005
    7866  0.10696E-005
    7867  0.10815E-005
    7868  0.10934E-005
    7869  0.87646E-006
    7870  0.87790E-006
    7871  0.88026E-006
    7872  0.88343E-006
    7873  0.88733E-006
    7874  0.89184E-006
    7875  0.89684E-006
    7876  0.90224E-006
    7877  0.90792E-006
    7878  0.91382E-006
    7879  0.91985E-006
    7880  0.92599E-006
    7881  0.93218E-006
    7882  0.93842E-006
    7883  0.94466E-006
    7884  0.95092E-006
    7885  0.95718E-006
    7886  0.96343E-006
    7887  0.96968E-006
    7888  0.97593E-006
    7889  0.98216E-006
    7890  0.98839E-006
    7891  0.99461E-006
    7892  0.10008E-005
    7893  0.10070E-005
    7894  0.10132E-005
    7895  0.10194E-005
    7896  0.10256E-005
    7897  0.10318E-005
    7898  0.10379E-005
    7899  0.10441E-005
    7900  0.10502E-005
    7901  0.10563E-005
    7902  0.10625E-005
    7903  0.10686E-005
    7904  0.84082E-006
    7905  0.84656E-006
    7906  0.85529E-006
    7907  0.86609E-006
    7908  0.87810E-006
    7909  0.89072E-006
    7910  0.90360E-006
    7911  0.91656E-006
    7912  0.92951E-006
    7913  0.94244E-006
    7914  0.95533E-006
    7915  0.96818E-006
    7916  0.98099E-006
    7917  0.99376E-006
    7918  0.10065E-005
    7919  0.10192E-005
    7920  0.10318E-005
    7921  0.80245E-006
    7922  0.80400E-006
    7923  0.80654E-006
    7924  0.80996E-006
    7925  0.81416E-006
    7926  0.81901E-006
    7927  0.82440E-006
    7928  0.83020E-006
    7929  0.83631E-006
    7930  0.84265E-006
    7931  0.84914E-006
    7932  0.85574E-006
    7933  0.86238E-006
    7934  0.86907E-006
    7935  0.87577E-006
    7936  0.88248E-006
    7937  0.88918E-006
    7938  0.89588E-006
    7939  0.90257E-006
    7940  0.90925E-006
    7941  0.91591E-006
    7942  0.92257E-006
    7943  0.92921E-006
    7944  0.93584E-006
    7945  0.94246E-006
    7946  0.94906E-006
    7947  0.95566E-006
    7948  0.96224E-006
    7949  0.96881E-006
    7950  0.97536E-006
    7951  0.98190E-006
    7952  0.98844E-006
    7953  0.99495E-006
    7954  0.10015E-005
    7955  0.10080E-005
    7956  0.76747E-006
    7957  0.77365E-006
    7958  0.78303E-006
    7959  0.79463E-006
    7960  0.80752E-006
    7961  0.82106E-006
    7962  0.83486E-006
    7963  0.84873E-006
    7964  0.86258E-006
    7965  0.87638E-006
    7966  0.89014E-006
    7967  0.90383E-006
    7968  0.91747E-006
    7969  0.93105E-006
    7970  0.94458E-006
    7971  0.95805E-006
    7972  0.97146E-006
    7973  0.72962E-006
    7974  0.73129E-006
    7975  0.73401E-006
    7976  0.73768E-006
    7977  0.74219E-006
    7978  0.74740E-006
    7979  0.75317E-006
    7980  0.75940E-006
    7981  0.76594E-006
    7982  0.77274E-006
    7983  0.77968E-006
    7984  0.78674E-006
    7985  0.79385E-006
    7986  0.80100E-006
    7987  0.80816E-006
    7988  0.81533E-006
    7989  0.82248E-006
    7990  0.82963E-006
    7991  0.83676E-006
    7992  0.84388E-006
    7993  0.85098E-006
    7994  0.85807E-006
    7995  0.86514E-006
    7996  0.87219E-006
    7997  0.87923E-006
    7998  0.88625E-006
    7999  0.89325E-006
    8000  0.90024E-006
    8001  0.90721E-006
    8002  0.91417E-006
    8003  0.92111E-006
    8004  0.92803E-006
    8005  0.93494E-006
    8006  0.94183E-006
    8007  0.94871E-006
    8008  0.69548E-006
    8009  0.70209E-006
    8010  0.71214E-006
    8011  0.72455E-006
    8012  0.73834E-006
    8013  0.75281E-006
    8014  0.76754E-006
    8015  0.78232E-006
    8016  0.79708E-006
    8017  0.81177E-006
    8018  0.82640E-006
    8019  0.84095E-006
    8020  0.85543E-006
    8021  0.86983E-006
    8022  0.88416E-006
    8023  0.89842E-006
    8024  0.91260E-006
    8025  0.65832E-006
    8026  0.66009E-006
    8027  0.66301E-006
    8028  0.66693E-006
    8029  0.67175E-006
    8030  0.67731E-006
    8031  0.68348E-006
    8032  0.69013E-006
    8033  0.69712E-006
    8034  0.70437E-006
    8035  0.71177E-006
    8036  0.71930E-006
    8037  0.72688E-006
    8038  0.73450E-006
    8039  0.74212E-006
    8040  0.74975E-006
    8041  0.75736E-006
    8042  0.76496E-006
    8043  0.77254E-006
    8044  0.78010E-006
    8045  0.78764E-006
    8046  0.79516E-006
    8047  0.80266E-006
    8048  0.81014E-006
    8049  0.81760E-006
    8050  0.82504E-006
    8051  0.83246E-006
    8052  0.83985E-006
    8053  0.84723E-006
    8054  0.85459E-006
    8055  0.86192E-006
    8056  0.86924E-006
    8057  0.87654E-006
    8058  0.88381E-006
    8059  0.89107E-006
    8060  0.62517E-006
    8061  0.63223E-006
    8062  0.64295E-006
    8063  0.65617E-006
    8064  0.67086E-006
    8065  0.68626E-006
    8066  0.70193E-006
    8067  0.71764E-006
    8068  0.73331E-006
    8069  0.74890E-006
    8070  0.76439E-006
    8071  0.77980E-006
    8072  0.79512E-006
    8073  0.81035E-006
    8074  0.82548E-006
    8075  0.84053E-006
    8076  0.85549E-006
    8077  0.58887E-006
    8078  0.59076E-006
    8079  0.59386E-006
    8080  0.59804E-006
    8081  0.60317E-006
    8082  0.60909E-006
    8083  0.61565E-006
    8084  0.62272E-006
    8085  0.63016E-006
    8086  0.63786E-006
    8087  0.64574E-006
    8088  0.65373E-006
    8089  0.66178E-006
    8090  0.66986E-006
    8091  0.67795E-006
    8092  0.68604E-006
    8093  0.69411E-006
    8094  0.70216E-006
    8095  0.71019E-006
    8096  0.71819E-006
    8097  0.72617E-006
    8098  0.73413E-006
    8099  0.74206E-006
    8100  0.74996E-006
    8101  0.75784E-006
    8102  0.76570E-006
    8103  0.77353E-006
    8104  0.78134E-006
    8105  0.78912E-006
    8106  0.79687E-006
    8107  0.80461E-006
    8108  0.81232E-006
    8109  0.82000E-006
    8110  0.82766E-006
    8111  0.83531E-006
    8112  0.55690E-006
    8113  0.56440E-006
    8114  0.57578E-006
    8115  0.58982E-006
    8116  0.60541E-006
    8117  0.62175E-006
    8118  0.63835E-006
    8119  0.65498E-006
    8120  0.67156E-006
    8121  0.68803E-006
    8122  0.70440E-006
    8123  0.72066E-006
    8124  0.73682E-006
    8125  0.75286E-006
    8126  0.76880E-006
    8127  0.78463E-006
    8128  0.80036E-006
    8129  0.52163E-006
    8130  0.52363E-006
    8131  0.52693E-006
    8132  0.53135E-006
    8133  0.53679E-006
    8134  0.54307E-006
    8135  0.55003E-006
    8136  0.55752E-006
    8137  0.56539E-006
    8138  0.57355E-006
    8139  0.58189E-006
    8140  0.59035E-006
    8141  0.59886E-006
    8142  0.60742E-006
    8143  0.61597E-006
    8144  0.62451E-006
    8145  0.63303E-006
    8146  0.64154E-006
    8147  0.65001E-006
    8148  0.65845E-006
    8149  0.66687E-006
    8150  0.67525E-006
    8151  0.68361E-006
    8152  0.69194E-006
    8153  0.70023E-006
    8154  0.70850E-006
    8155  0.71674E-006
    8156  0.72495E-006
    8157  0.73313E-006
    8158  0.74128E-006
    8159  0.74941E-006
    8160  0.75750E-006
    8161  0.76557E-006
    8162  0.77361E-006
    8163  0.78162E-006
    8164  0.49101E-006
    8165  0.49895E-006
    8166  0.51100E-006
    8167  0.52585E-006
    8168  0.54233E-006
    8169  0.55958E-006
    8170  0.57711E-006
    8171  0.59466E-006
    8172  0.61213E-006
    8173  0.62949E-006
    8174  0.64671E-006
    8175  0.66381E-006
    8176  0.68079E-006
    8177  0.69764E-006
    8178  0.71437E-006
    8179  0.73097E-006
    8180  0.74746E-006
    8181  0.45696E-006
    8182  0.45908E-006
    8183  0.46256E-006
    8184  0.46723E-006
    8185  0.47298E-006
    8186  0.47961E-006
    8187  0.48695E-006
    8188  0.49486E-006
    8189  0.50317E-006
    8190  0.51178E-006
    8191  0.52057E-006
    8192  0.52949E-006
    8193  0.53846E-006
    8194  0.54747E-006
    8195  0.55648E-006
    8196  0.56547E-006
    8197  0.57444E-006
    8198  0.58338E-006
    8199  0.59229E-006
    8200  0.60117E-006
    8201  0.61001E-006
    8202  0.61882E-006
    8203  0.62760E-006
    8204  0.63634E-006
    8205  0.64504E-006
    8206  0.65372E-006
    8207  0.66236E-006
    8208  0.67096E-006
    8209  0.67954E-006
    8210  0.68808E-006
    8211  0.69658E-006
    8212  0.70506E-006
    8213  0.71351E-006
    8214  0.72193E-006
    8215  0.73032E-006
    8216  0.42788E-006
    8217  0.43625E-006
    8218  0.44894E-006
    8219  0.46459E-006
    8220  0.48195E-006
    8221  0.50010E-006
    8222  0.51854E-006
    8223  0.53698E-006
    8224  0.55533E-006
    8225  0.57354E-006
    8226  0.59161E-006
    8227  0.60954E-006
    8228  0.62731E-006
    8229  0.64495E-006
    8230  0.66245E-006
    8231  0.67980E-006
    8232  0.69703E-006
    8233  0.39523E-006
    8234  0.39746E-006
    8235  0.40112E-006
    8236  0.40604E-006
    8237  0.41208E-006
    8238  0.41905E-006
    8239  0.42678E-006
    8240  0.43509E-006
    8241  0.44382E-006
    8242  0.45287E-006
    8243  0.46211E-006
    8244  0.47147E-006
    8245  0.48089E-006
    8246  0.49035E-006
    8247  0.49980E-006
    8248  0.50923E-006
    8249  0.51864E-006
    8250  0.52801E-006
    8251  0.53735E-006
    8252  0.54664E-006
    8253  0.55590E-006
    8254  0.56512E-006
    8255  0.57431E-006
    8256  0.58345E-006
    8257  0.59255E-006
    8258  0.60162E-006
    8259  0.61065E-006
    8260  0.61964E-006
    8261  0.62859E-006
    8262  0.63751E-006
    8263  0.64639E-006
    8264  0.65524E-006
    8265  0.66404E-006
    8266  0.67282E-006
    8267  0.68156E-006
    8268  0.36787E-006
    8269  0.37665E-006
    8270  0.38998E-006
    8271  0.40640E-006
    8272  0.42460E-006
    8273  0.44364E-006
    8274  0.46295E-006
    8275  0.48226E-006
    8276  0.50146E-006
    8277  0.52051E-006
    8278  0.53939E-006
    8279  0.55811E-006
    8280  0.57667E-006
    8281  0.59506E-006
    8282  0.61330E-006
    8283  0.63139E-006
    8284  0.64933E-006
    8285  0.33680E-006
    8286  0.33914E-006
    8287  0.34297E-006
    8288  0.34813E-006
    8289  0.35446E-006
    8290  0.36176E-006
    8291  0.36985E-006
    8292  0.37856E-006
    8293  0.38770E-006
    8294  0.39717E-006
    8295  0.40683E-006
    8296  0.41663E-006
    8297  0.42649E-006
    8298  0.43637E-006
    8299  0.44625E-006
    8300  0.45611E-006
    8301  0.46593E-006
    8302  0.47572E-006
    8303  0.48547E-006
    8304  0.49517E-006
    8305  0.50483E-006
    8306  0.51445E-006
    8307  0.52402E-006
    8308  0.53355E-006
    8309  0.54304E-006
    8310  0.55249E-006
    8311  0.56189E-006
    8312  0.57125E-006
    8313  0.58057E-006
    8314  0.58985E-006
    8315  0.59909E-006
    8316  0.60829E-006
    8317  0.61745E-006
    8318  0.62658E-006
    8319  0.63568E-006
    8320  0.31132E-006
    8321  0.32051E-006
    8322  0.33445E-006
    8323  0.35161E-006
    8324  0.37063E-006
    8325  0.39051E-006
    8326  0.41066E-006
    8327  0.43081E-006
    8328  0.45083E-006
    8329  0.47067E-006
    8330  0.49033E-006
    8331  0.50982E-006
    8332  0.52912E-006
    8333  0.54824E-006
    8334  0.56720E-006
    8335  0.58598E-006
    8336  0.60460E-006
    8337  0.28203E-006
    8338  0.28447E-006
    8339  0.28847E-006
    8340  0.29385E-006
    8341  0.30045E-006
    8342  0.30808E-006
    8343  0.31652E-006
    8344  0.32560E-006
    8345  0.33513E-006
    8346  0.34501E-006
    8347  0.35508E-006
    8348  0.36529E-006
    8349  0.37556E-006
    8350  0.38586E-006
    8351  0.39614E-006
    8352  0.40640E-006
    8353  0.41663E-006
    8354  0.42681E-006
    8355  0.43695E-006
    8356  0.44704E-006
    8357  0.45708E-006
    8358  0.46708E-006
    8359  0.47703E-006
    8360  0.48693E-006
    8361  0.49678E-006
    8362  0.50659E-006
    8363  0.51635E-006
    8364  0.52607E-006
    8365  0.53574E-006
    8366  0.54536E-006
    8367  0.55494E-006
    8368  0.56448E-006
    8369  0.57398E-006
    8370  0.58343E-006
    8371  0.59284E-006
    8372  0.25861E-006
    8373  0.26818E-006
    8374  0.28269E-006
    8375  0.30056E-006
    8376  0.32035E-006
    8377  0.34103E-006
    8378  0.36199E-006
    8379  0.38292E-006
    8380  0.40371E-006
    8381  0.42432E-006
    8382  0.44472E-006
    8383  0.46493E-006
    8384  0.48494E-006
    8385  0.50475E-006
    8386  0.52438E-006
    8387  0.54383E-006
    8388  0.56310E-006
    8389  0.23126E-006
    8390  0.23380E-006
    8391  0.23796E-006
    8392  0.24355E-006
    8393  0.25041E-006
    8394  0.25834E-006
    8395  0.26710E-006
    8396  0.27654E-006
    8397  0.28644E-006
    8398  0.29670E-006
    8399  0.30716E-006
    8400  0.31776E-006
    8401  0.32841E-006
    8402  0.33910E-006
    8403  0.34977E-006
    8404  0.36041E-006
    8405  0.37101E-006
    8406  0.38157E-006
    8407  0.39208E-006
    8408  0.40253E-006
    8409  0.41294E-006
    8410  0.42329E-006
    8411  0.43359E-006
    8412  0.44384E-006
    8413  0.45403E-006
    8414  0.46418E-006
    8415  0.47428E-006
    8416  0.48433E-006
    8417  0.49433E-006
    8418  0.50428E-006
    8419  0.51418E-006
    8420  0.52404E-006
    8421  0.53385E-006
    8422  0.54362E-006
    8423  0.55335E-006
    8424  0.21007E-006
    8425  0.21999E-006
    8426  0.23505E-006
    8427  0.25357E-006
    8428  0.27409E-006
    8429  0.29552E-006
    8430  0.31722E-006
    8431  0.33890E-006
    8432  0.36041E-006
    8433  0.38172E-006
    8434  0.40281E-006
    8435  0.42369E-006
    8436  0.44436E-006
    8437  0.46482E-006
    8438  0.48508E-006
    8439  0.50514E-006
    8440  0.52500E-006
    8441  0.18484E-006
    8442  0.18746E-006
    8443  0.19177E-006
    8444  0.19756E-006
    8445  0.20466E-006
    8446  0.21286E-006
    8447  0.22194E-006
    8448  0.23170E-006
    8449  0.24195E-006
    8450  0.25255E-006
    8451  0.26337E-006
    8452  0.27433E-006
    8453  0.28535E-006
    8454  0.29639E-006
    8455  0.30742E-006
    8456  0.31841E-006
    8457  0.32936E-006
    8458  0.34027E-006
    8459  0.35111E-006
    8460  0.36191E-006
    8461  0.37264E-006
    8462  0.38333E-006
    8463  0.39395E-006
    8464  0.40452E-006
    8465  0.41504E-006
    8466  0.42550E-006
    8467  0.43591E-006
    8468  0.44626E-006
    8469  0.45656E-006
    8470  0.46681E-006
    8471  0.47701E-006
    8472  0.48716E-006
    8473  0.49726E-006
    8474  0.50731E-006
    8475  0.51731E-006
    8476  0.16602E-006
    8477  0.17627E-006
    8478  0.19182E-006
    8479  0.21095E-006
    8480  0.23213E-006
    8481  0.25425E-006
    8482  0.27664E-006
    8483  0.29900E-006
    8484  0.32117E-006
    8485  0.34313E-006
    8486  0.36486E-006
    8487  0.38636E-006
    8488  0.40763E-006
    8489  0.42868E-006
    8490  0.44951E-006
    8491  0.47014E-006
    8492  0.49056E-006
    8493  0.14306E-006
    8494  0.14577E-006
    8495  0.15021E-006
    8496  0.15617E-006
    8497  0.16350E-006
    8498  0.17195E-006
    8499  0.18131E-006
    8500  0.19137E-006
    8501  0.20193E-006
    8502  0.21286E-006
    8503  0.22400E-006
    8504  0.23529E-006
    8505  0.24664E-006
    8506  0.25801E-006
    8507  0.26935E-006
    8508  0.28067E-006
    8509  0.29194E-006
    8510  0.30316E-006
    8511  0.31432E-006
    8512  0.32542E-006
    8513  0.33646E-006
    8514  0.34744E-006
    8515  0.35836E-006
    8516  0.36922E-006
    8517  0.38003E-006
    8518  0.39077E-006
    8519  0.40146E-006
    8520  0.41210E-006
    8521  0.42267E-006
    8522  0.43320E-006
    8523  0.44366E-006
    8524  0.45408E-006
    8525  0.46444E-006
    8526  0.47476E-006
    8527  0.48504E-006
    8528  0.12675E-006
    8529  0.13730E-006
    8530  0.15330E-006
    8531  0.17298E-006
    8532  0.19476E-006
    8533  0.21750E-006
    8534  0.24051E-006
    8535  0.26348E-006
    8536  0.28625E-006
    8537  0.30880E-006
    8538  0.33109E-006
    8539  0.35315E-006
    8540  0.37496E-006
    8541  0.39654E-006
    8542  0.41789E-006
    8543  0.43902E-006
    8544  0.45993E-006
    8545  0.10622E-006
    8546  0.10900E-006
    8547  0.11356E-006
    8548  0.11969E-006
    8549  0.12721E-006
    8550  0.13589E-006
    8551  0.14549E-006
    8552  0.15582E-006
    8553  0.16666E-006
    8554  0.17788E-006
    8555  0.18931E-006
    8556  0.20089E-006
    8557  0.21253E-006
    8558  0.22419E-006
    8559  0.23583E-006
    8560  0.24744E-006
    8561  0.25899E-006
    8562  0.27048E-006
    8563  0.28192E-006
    8564  0.29329E-006
    8565  0.30460E-006
    8566  0.31585E-006
    8567  0.32703E-006
    8568  0.33816E-006
    8569  0.34922E-006
    8570  0.36022E-006
    8571  0.37116E-006
    8572  0.38204E-006
    8573  0.39286E-006
    8574  0.40362E-006
    8575  0.41433E-006
    8576  0.42498E-006
    8577  0.43557E-006
    8578  0.44612E-006
    8579  0.45660E-006
    8580  0.92553E-007
    8581  0.10336E-006
    8582  0.11975E-006
    8583  0.13992E-006
    8584  0.16223E-006
    8585  0.18551E-006
    8586  0.20907E-006
    8587  0.23257E-006
    8588  0.25588E-006
    8589  0.27893E-006
    8590  0.30173E-006
    8591  0.32427E-006
    8592  0.34656E-006
    8593  0.36861E-006
    8594  0.39041E-006
    8595  0.41199E-006
    8596  0.43334E-006
    8597  0.74583E-007
    8598  0.77429E-007
    8599  0.82092E-007
    8600  0.88356E-007
    8601  0.96048E-007
    8602  0.10492E-006
    8603  0.11474E-006
    8604  0.12530E-006
    8605  0.13638E-006
    8606  0.14785E-006
    8607  0.15953E-006
    8608  0.17137E-006
    8609  0.18326E-006
    8610  0.19518E-006
    8611  0.20706E-006
    8612  0.21892E-006
    8613  0.23071E-006
    8614  0.24245E-006
    8615  0.25413E-006
    8616  0.26574E-006
    8617  0.27728E-006
    8618  0.28876E-006
    8619  0.30017E-006
    8620  0.31152E-006
    8621  0.32280E-006
    8622  0.33402E-006
    8623  0.34518E-006
    8624  0.35627E-006
    8625  0.36731E-006
    8626  0.37828E-006
    8627  0.38919E-006
    8628  0.40005E-006
    8629  0.41084E-006
    8630  0.42159E-006
    8631  0.43228E-006
    8632  0.63659E-007
    8633  0.74693E-007
    8634  0.91418E-007
    8635  0.11199E-006
    8636  0.13475E-006
    8637  0.15850E-006
    8638  0.18253E-006
    8639  0.20649E-006
    8640  0.23024E-006
    8641  0.25373E-006
    8642  0.27696E-006
    8643  0.29992E-006
    8644  0.32261E-006
    8645  0.34505E-006
    8646  0.36724E-006
    8647  0.38918E-006
    8648  0.41089E-006
    8649  0.48371E-007
    8650  0.51270E-007
    8651  0.56020E-007
    8652  0.62400E-007
    8653  0.70234E-007
    8654  0.79269E-007
    8655  0.89270E-007
    8656  0.10002E-006
    8657  0.11130E-006
    8658  0.12298E-006
    8659  0.13487E-006
    8660  0.14693E-006
    8661  0.15903E-006
    8662  0.17115E-006
    8663  0.18325E-006
    8664  0.19531E-006
    8665  0.20731E-006
    8666  0.21925E-006
    8667  0.23113E-006
    8668  0.24294E-006
    8669  0.25467E-006
    8670  0.26634E-006
    8671  0.27795E-006
    8672  0.28948E-006
    8673  0.30095E-006
    8674  0.31235E-006
    8675  0.32369E-006
    8676  0.33496E-006
    8677  0.34617E-006
    8678  0.35732E-006
    8679  0.36840E-006
    8680  0.37942E-006
    8681  0.39039E-006
    8682  0.40129E-006
    8683  0.41214E-006
    8684  0.40283E-007
    8685  0.51499E-007
    8686  0.68497E-007
    8687  0.89408E-007
    8688  0.11254E-006
    8689  0.13666E-006
    8690  0.16107E-006
    8691  0.18540E-006
    8692  0.20952E-006
    8693  0.23337E-006
    8694  0.25694E-006
    8695  0.28024E-006
    8696  0.30326E-006
    8697  0.32602E-006
    8698  0.34853E-006
    8699  0.37078E-006
    8700  0.39279E-006
    8701  0.27779E-007
    8702  0.30719E-007
    8703  0.35537E-007
    8704  0.42009E-007
    8705  0.49956E-007
    8706  0.59121E-007
    8707  0.69263E-007
    8708  0.80169E-007
    8709  0.91610E-007
    8710  0.10345E-006
    8711  0.11551E-006
    8712  0.12773E-006
    8713  0.14000E-006
    8714  0.15229E-006
    8715  0.16455E-006
    8716  0.17678E-006
    8717  0.18894E-006
    8718  0.20104E-006
    8719  0.21308E-006
    8720  0.22504E-006
    8721  0.23693E-006
    8722  0.24875E-006
    8723  0.26051E-006
    8724  0.27219E-006
    8725  0.28381E-006
    8726  0.29535E-006
    8727  0.30683E-006
    8728  0.31825E-006
    8729  0.32960E-006
    8730  0.34088E-006
    8731  0.35210E-006
    8732  0.36326E-006
    8733  0.37435E-006
    8734  0.38539E-006
    8735  0.39637E-006
    8736  0.22596E-007
    8737  0.33950E-007
    8738  0.51157E-007
    8739  0.72323E-007
    8740  0.95730E-007
    8741  0.12015E-006
    8742  0.14484E-006
    8743  0.16946E-006
    8744  0.19385E-006
    8745  0.21797E-006
    8746  0.24181E-006
    8747  0.26536E-006
    8748  0.28864E-006
    8749  0.31164E-006
    8750  0.33439E-006
    8751  0.35687E-006
    8752  0.37910E-006
    8753  0.12959E-007
    8754  0.15929E-007
    8755  0.20797E-007
    8756  0.27335E-007
    8757  0.35363E-007
    8758  0.44621E-007
    8759  0.54867E-007
    8760  0.65883E-007
    8761  0.77440E-007
    8762  0.89396E-007
    8763  0.10158E-006
    8764  0.11392E-006
    8765  0.12631E-006
    8766  0.13872E-006
    8767  0.15111E-006
    8768  0.16345E-006
    8769  0.17573E-006
    8770  0.18795E-006
    8771  0.20009E-006
    8772  0.21217E-006
    8773  0.22417E-006
    8774  0.23610E-006
    8775  0.24796E-006
    8776  0.25976E-006
    8777  0.27148E-006
    8778  0.28313E-006
    8779  0.29471E-006
    8780  0.30623E-006
    8781  0.31767E-006
    8782  0.32906E-006
    8783  0.34037E-006
    8784  0.35163E-006
    8785  0.36281E-006
    8786  0.37394E-006
    8787  0.38501E-006
    8788  0.10732E-007
    8789  0.22178E-007
    8790  0.39526E-007
    8791  0.60863E-007
    8792  0.84458E-007
    8793  0.10907E-006
    8794  0.13396E-006
    8795  0.15876E-006
    8796  0.18334E-006
    8797  0.20765E-006
    8798  0.23166E-006
    8799  0.25539E-006
    8800  0.27883E-006
    8801  0.30200E-006
    8802  0.32490E-006
    8803  0.34754E-006
    8804  0.36992E-006
    8805  0.40224E-008
    8806  0.70112E-008
    8807  0.11909E-007
    8808  0.18487E-007
    8809  0.26564E-007
    8810  0.35879E-007
    8811  0.46187E-007
    8812  0.57270E-007
    8813  0.68897E-007
    8814  0.80924E-007
    8815  0.93182E-007
    8816  0.10559E-006
    8817  0.11806E-006
    8818  0.13054E-006
    8819  0.14300E-006
    8820  0.15541E-006
    8821  0.16776E-006
    8822  0.18005E-006
    8823  0.19226E-006
    8824  0.20441E-006
    8825  0.21648E-006
    8826  0.22848E-006
    8827  0.24040E-006
    8828  0.25226E-006
    8829  0.26404E-006
    8830  0.27576E-006
    8831  0.28740E-006
    8832  0.29898E-006
    8833  0.31049E-006
    8834  0.32193E-006
    8835  0.33330E-006
    8836  0.34461E-006
    8837  0.35585E-006
    8838  0.36703E-006
    8839  0.37817E-006
    8840  0.47768E-008
    8841  0.16270E-007
    8842  0.33689E-007
    8843  0.55112E-007
    8844  0.78802E-007
    8845  0.10351E-006
    8846  0.12850E-006
    8847  0.15340E-006
    8848  0.17807E-006
    8849  0.20246E-006
    8850  0.22657E-006
    8851  0.25038E-006
    8852  0.27391E-006
    8853  0.29716E-006
    8854  0.32014E-006
    8855  0.34285E-006
    8856  0.36531E-006
