       1  0.38196E-006
      20  0.25502E-007
      21  0.25536E-007
      22  0.25669E-007
      23  0.25872E-007
      24  0.26161E-007
      25  0.26531E-007
      26  0.26991E-007
      27  0.27521E-007
      28  0.28137E-007
      29  0.28834E-007
      30  0.29615E-007
      31  0.30467E-007
      32  0.31397E-007
      33  0.32405E-007
      34  0.33492E-007
      35  0.34648E-007
      36  0.35883E-007
      37  0.37192E-007
      38  0.38579E-007
      39  0.40029E-007
      40  0.41553E-007
      41  0.43147E-007
      42  0.44812E-007
      43  0.46536E-007
      44  0.48327E-007
      45  0.50185E-007
      46  0.52107E-007
      47  0.54083E-007
      48  0.56118E-007
      49  0.58213E-007
      50  0.60366E-007
      51  0.62568E-007
      52  0.64824E-007
      53  0.67134E-007
      54  0.69496E-007
      55  0.71902E-007
      56  0.74353E-007
      57  0.76851E-007
      58  0.79395E-007
      59  0.81976E-007
      60  0.84596E-007
      61  0.87256E-007
      62  0.89954E-007
      63  0.92683E-007
      64  0.95444E-007
      65  0.98240E-007
      66  0.10107E-006
      67  0.10392E-006
      68  0.10680E-006
      69  0.10971E-006
      70  0.11264E-006
      71  0.11559E-006
      72  0.11856E-006
      73  0.12156E-006
      74  0.12457E-006
      75  0.12759E-006
      76  0.13064E-006
      77  0.13369E-006
      78  0.13676E-006
      79  0.13984E-006
      80  0.14293E-006
      81  0.14603E-006
      82  0.14914E-006
      83  0.15225E-006
      84  0.15537E-006
      85  0.15849E-006
      86  0.16162E-006
      87  0.16475E-006
      88  0.16788E-006
      89  0.17101E-006
      90  0.17414E-006
      91  0.17727E-006
      92  0.18040E-006
      93  0.18353E-006
      94  0.18665E-006
      95  0.18977E-006
      96  0.19288E-006
      97  0.19599E-006
      98  0.19910E-006
      99  0.20219E-006
     100  0.20528E-006
     101  0.20837E-006
     102  0.21144E-006
     103  0.21451E-006
     104  0.21757E-006
     105  0.22062E-006
     106  0.22366E-006
     107  0.22669E-006
     108  0.22971E-006
     109  0.23272E-006
     110  0.23572E-006
     111  0.23870E-006
     112  0.24168E-006
     113  0.24465E-006
     114  0.24761E-006
     115  0.25055E-006
     116  0.25348E-006
     117  0.25641E-006
     118  0.25932E-006
     119  0.26222E-006
     120  0.26510E-006
     121  0.26798E-006
     122  0.27085E-006
     123  0.27370E-006
     124  0.27654E-006
     125  0.27937E-006
     126  0.28219E-006
     127  0.28499E-006
     128  0.28779E-006
     129  0.29057E-006
     130  0.29334E-006
     131  0.29610E-006
     132  0.29885E-006
     133  0.30159E-006
     134  0.30432E-006
     135  0.30704E-006
     136  0.30975E-006
     137  0.31244E-006
     138  0.31513E-006
     139  0.31780E-006
     140  0.32047E-006
     141  0.32313E-006
     142  0.32577E-006
     143  0.32841E-006
     144  0.33104E-006
     145  0.33366E-006
     146  0.33627E-006
     147  0.33887E-006
     148  0.34147E-006
     149  0.34405E-006
     150  0.34663E-006
     151  0.34919E-006
     152  0.35176E-006
     153  0.35431E-006
     154  0.35686E-006
     155  0.35940E-006
     156  0.36193E-006
     157  0.36445E-006
     158  0.36697E-006
     159  0.36949E-006
     160  0.37199E-006
     161  0.37449E-006
     162  0.37699E-006
     163  0.37948E-006
    2253   0.0000     
    2271  0.38163E-006
    2272  0.48374E-010
    2273  0.19340E-009
    2274  0.43499E-009
    2275  0.77286E-009
    2276  0.12067E-008
    2277  0.17361E-008
    2278  0.23605E-008
    2279  0.30793E-008
    2280  0.38917E-008
    2281  0.47970E-008
    2282  0.57943E-008
    2283  0.68824E-008
    2284  0.80605E-008
    2285  0.93273E-008
    2286  0.10682E-007
    2287  0.12122E-007
    2288  0.13648E-007
    2289  0.15257E-007
    2290  0.16948E-007
    2291  0.18719E-007
    2292  0.20569E-007
    2293  0.22496E-007
    2294  0.24499E-007
    2295  0.26574E-007
    2296  0.28722E-007
    2297  0.30938E-007
    2298  0.33223E-007
    2299  0.35573E-007
    2300  0.37987E-007
    2301  0.40463E-007
    2302  0.42999E-007
    2303  0.45592E-007
    2304  0.48241E-007
    2305  0.50944E-007
    2306  0.53699E-007
    2307  0.56503E-007
    2308  0.59354E-007
    2309  0.62250E-007
    2310  0.65190E-007
    2311  0.68170E-007
    2312  0.71190E-007
    2313  0.74246E-007
    2314  0.77337E-007
    2315  0.80460E-007
    2316  0.83615E-007
    2317  0.86798E-007
    2318  0.90008E-007
    2319  0.93244E-007
    2320  0.96502E-007
    2321  0.99781E-007
    2322  0.10308E-006
    2323  0.10640E-006
    2324  0.10973E-006
    2325  0.11308E-006
    2326  0.11643E-006
    2327  0.11981E-006
    2328  0.12318E-006
    2329  0.12657E-006
    2330  0.12997E-006
    2331  0.13337E-006
    2332  0.13677E-006
    2333  0.14017E-006
    2334  0.14358E-006
    2335  0.14699E-006
    2336  0.15039E-006
    2337  0.15379E-006
    2338  0.15719E-006
    2339  0.16059E-006
    2340  0.16398E-006
    2341  0.16736E-006
    2342  0.17073E-006
    2343  0.17410E-006
    2344  0.17746E-006
    2345  0.18081E-006
    2346  0.18415E-006
    2347  0.18748E-006
    2348  0.19080E-006
    2349  0.19410E-006
    2350  0.19739E-006
    2351  0.20067E-006
    2352  0.20394E-006
    2353  0.20719E-006
    2354  0.21043E-006
    2355  0.21366E-006
    2356  0.21687E-006
    2357  0.22006E-006
    2358  0.22324E-006
    2359  0.22641E-006
    2360  0.22956E-006
    2361  0.23269E-006
    2362  0.23581E-006
    2363  0.23891E-006
    2364  0.24200E-006
    2365  0.24507E-006
    2366  0.24813E-006
    2367  0.25117E-006
    2368  0.25419E-006
    2369  0.25720E-006
    2370  0.26019E-006
    2371  0.26317E-006
    2372  0.26613E-006
    2373  0.26908E-006
    2374  0.27201E-006
    2375  0.27492E-006
    2376  0.27782E-006
    2377  0.28071E-006
    2378  0.28358E-006
    2379  0.28644E-006
    2380  0.28928E-006
    2381  0.29211E-006
    2382  0.29493E-006
    2383  0.29773E-006
    2384  0.30052E-006
    2385  0.30329E-006
    2386  0.30605E-006
    2387  0.30880E-006
    2388  0.31154E-006
    2389  0.31426E-006
    2390  0.31697E-006
    2391  0.31967E-006
    2392  0.32236E-006
    2393  0.32504E-006
    2394  0.32771E-006
    2395  0.33036E-006
    2396  0.33301E-006
    2397  0.33564E-006
    2398  0.33827E-006
    2399  0.34089E-006
    2400  0.34349E-006
    2401  0.34609E-006
    2402  0.34868E-006
    2403  0.35125E-006
    2404  0.35383E-006
    2405  0.35639E-006
    2406  0.35894E-006
    2407  0.36149E-006
    2408  0.36403E-006
    2409  0.36656E-006
    2410  0.36909E-006
    2411  0.37161E-006
    2412  0.37412E-006
    2413  0.37663E-006
    2414  0.37913E-006
    7994  0.24743E-007
    7995  0.23982E-007
    7996  0.23222E-007
    7997  0.22460E-007
    7998  0.21694E-007
    7999  0.20926E-007
    8000  0.20154E-007
    8001  0.19380E-007
    8002  0.18603E-007
    8003  0.17823E-007
    8004  0.17040E-007
    8005  0.16254E-007
    8006  0.15465E-007
    8007  0.14673E-007
    8008  0.13878E-007
    8009  0.13080E-007
    8010  0.12279E-007
    8011  0.11475E-007
    8012  0.10668E-007
    8013  0.98582E-008
    8014  0.90465E-008
    8015  0.82339E-008
    8016  0.74210E-008
    8017  0.66113E-008
    8018  0.58065E-008
    8019  0.50133E-008
    8020  0.42364E-008
    8021  0.34866E-008
    8022  0.27730E-008
    8023  0.21101E-008
    8024  0.15118E-008
    8025  0.99344E-009
    8026  0.57161E-009
    8027  0.25772E-009
    8028  0.66225E-010
    8029  0.38163E-006
    8030  0.38163E-006
    8031  0.38163E-006
    8032  0.38163E-006
    8033  0.38163E-006
    8034  0.38164E-006
    8035  0.38164E-006
    8036  0.38164E-006
    8037  0.38165E-006
    8038  0.38166E-006
    8039  0.38166E-006
    8040  0.38167E-006
    8041  0.38167E-006
    8042  0.38168E-006
    8043  0.38169E-006
    8044  0.38170E-006
    8045  0.38171E-006
    8046  0.38172E-006
    8047  0.38173E-006
    8048  0.38174E-006
    8049  0.38175E-006
    8050  0.38176E-006
    8051  0.38177E-006
    8052  0.38178E-006
    8053  0.38180E-006
    8054  0.38181E-006
    8055  0.38182E-006
    8056  0.38184E-006
    8057  0.38185E-006
    8058  0.38187E-006
    8059  0.38188E-006
    8060  0.38190E-006
    8061  0.38191E-006
    8062  0.38193E-006
    8063  0.38195E-006
    8064  0.37913E-006
    8065  0.37913E-006
    8066  0.37914E-006
    8067  0.37915E-006
    8068  0.37916E-006
    8069  0.37917E-006
    8070  0.37919E-006
    8071  0.37921E-006
    8072  0.37923E-006
    8073  0.37925E-006
    8074  0.37927E-006
    8075  0.37929E-006
    8076  0.37932E-006
    8077  0.37935E-006
    8078  0.37938E-006
    8079  0.37941E-006
    8080  0.37944E-006
    8081  0.37663E-006
    8082  0.37663E-006
    8083  0.37663E-006
    8084  0.37663E-006
    8085  0.37664E-006
    8086  0.37664E-006
    8087  0.37664E-006
    8088  0.37665E-006
    8089  0.37665E-006
    8090  0.37666E-006
    8091  0.37667E-006
    8092  0.37667E-006
    8093  0.37668E-006
    8094  0.37669E-006
    8095  0.37670E-006
    8096  0.37671E-006
    8097  0.37672E-006
    8098  0.37673E-006
    8099  0.37674E-006
    8100  0.37675E-006
    8101  0.37676E-006
    8102  0.37677E-006
    8103  0.37679E-006
    8104  0.37680E-006
    8105  0.37681E-006
    8106  0.37683E-006
    8107  0.37684E-006
    8108  0.37685E-006
    8109  0.37687E-006
    8110  0.37689E-006
    8111  0.37690E-006
    8112  0.37692E-006
    8113  0.37694E-006
    8114  0.37695E-006
    8115  0.37697E-006
    8116  0.37412E-006
    8117  0.37413E-006
    8118  0.37413E-006
    8119  0.37414E-006
    8120  0.37416E-006
    8121  0.37417E-006
    8122  0.37419E-006
    8123  0.37421E-006
    8124  0.37423E-006
    8125  0.37425E-006
    8126  0.37427E-006
    8127  0.37430E-006
    8128  0.37433E-006
    8129  0.37436E-006
    8130  0.37439E-006
    8131  0.37442E-006
    8132  0.37446E-006
    8133  0.37161E-006
    8134  0.37161E-006
    8135  0.37161E-006
    8136  0.37161E-006
    8137  0.37162E-006
    8138  0.37162E-006
    8139  0.37163E-006
    8140  0.37163E-006
    8141  0.37164E-006
    8142  0.37164E-006
    8143  0.37165E-006
    8144  0.37166E-006
    8145  0.37167E-006
    8146  0.37168E-006
    8147  0.37169E-006
    8148  0.37170E-006
    8149  0.37171E-006
    8150  0.37172E-006
    8151  0.37173E-006
    8152  0.37174E-006
    8153  0.37175E-006
    8154  0.37177E-006
    8155  0.37178E-006
    8156  0.37179E-006
    8157  0.37181E-006
    8158  0.37182E-006
    8159  0.37184E-006
    8160  0.37185E-006
    8161  0.37187E-006
    8162  0.37188E-006
    8163  0.37190E-006
    8164  0.37192E-006
    8165  0.37194E-006
    8166  0.37195E-006
    8167  0.37197E-006
    8168  0.36909E-006
    8169  0.36909E-006
    8170  0.36910E-006
    8171  0.36911E-006
    8172  0.36913E-006
    8173  0.36914E-006
    8174  0.36916E-006
    8175  0.36918E-006
    8176  0.36920E-006
    8177  0.36923E-006
    8178  0.36925E-006
    8179  0.36928E-006
    8180  0.36931E-006
    8181  0.36934E-006
    8182  0.36937E-006
    8183  0.36941E-006
    8184  0.36945E-006
    8185  0.36656E-006
    8186  0.36656E-006
    8187  0.36657E-006
    8188  0.36657E-006
    8189  0.36657E-006
    8190  0.36658E-006
    8191  0.36658E-006
    8192  0.36659E-006
    8193  0.36660E-006
    8194  0.36660E-006
    8195  0.36661E-006
    8196  0.36662E-006
    8197  0.36663E-006
    8198  0.36664E-006
    8199  0.36665E-006
    8200  0.36666E-006
    8201  0.36667E-006
    8202  0.36668E-006
    8203  0.36669E-006
    8204  0.36671E-006
    8205  0.36672E-006
    8206  0.36673E-006
    8207  0.36675E-006
    8208  0.36676E-006
    8209  0.36678E-006
    8210  0.36679E-006
    8211  0.36681E-006
    8212  0.36682E-006
    8213  0.36684E-006
    8214  0.36686E-006
    8215  0.36688E-006
    8216  0.36689E-006
    8217  0.36691E-006
    8218  0.36693E-006
    8219  0.36695E-006
    8220  0.36403E-006
    8221  0.36404E-006
    8222  0.36405E-006
    8223  0.36406E-006
    8224  0.36407E-006
    8225  0.36409E-006
    8226  0.36411E-006
    8227  0.36413E-006
    8228  0.36415E-006
    8229  0.36418E-006
    8230  0.36421E-006
    8231  0.36424E-006
    8232  0.36427E-006
    8233  0.36430E-006
    8234  0.36434E-006
    8235  0.36437E-006
    8236  0.36441E-006
    8237  0.36149E-006
    8238  0.36149E-006
    8239  0.36149E-006
    8240  0.36150E-006
    8241  0.36150E-006
    8242  0.36151E-006
    8243  0.36151E-006
    8244  0.36152E-006
    8245  0.36153E-006
    8246  0.36154E-006
    8247  0.36154E-006
    8248  0.36155E-006
    8249  0.36156E-006
    8250  0.36157E-006
    8251  0.36158E-006
    8252  0.36160E-006
    8253  0.36161E-006
    8254  0.36162E-006
    8255  0.36163E-006
    8256  0.36165E-006
    8257  0.36166E-006
    8258  0.36167E-006
    8259  0.36169E-006
    8260  0.36170E-006
    8261  0.36172E-006
    8262  0.36174E-006
    8263  0.36175E-006
    8264  0.36177E-006
    8265  0.36179E-006
    8266  0.36181E-006
    8267  0.36183E-006
    8268  0.36185E-006
    8269  0.36187E-006
    8270  0.36189E-006
    8271  0.36191E-006
    8272  0.35894E-006
    8273  0.35895E-006
    8274  0.35896E-006
    8275  0.35897E-006
    8276  0.35899E-006
    8277  0.35901E-006
    8278  0.35903E-006
    8279  0.35905E-006
    8280  0.35908E-006
    8281  0.35911E-006
    8282  0.35913E-006
    8283  0.35917E-006
    8284  0.35920E-006
    8285  0.35923E-006
    8286  0.35927E-006
    8287  0.35931E-006
    8288  0.35935E-006
    8289  0.35639E-006
    8290  0.35639E-006
    8291  0.35639E-006
    8292  0.35640E-006
    8293  0.35640E-006
    8294  0.35641E-006
    8295  0.35641E-006
    8296  0.35642E-006
    8297  0.35643E-006
    8298  0.35644E-006
    8299  0.35645E-006
    8300  0.35646E-006
    8301  0.35647E-006
    8302  0.35648E-006
    8303  0.35649E-006
    8304  0.35650E-006
    8305  0.35652E-006
    8306  0.35653E-006
    8307  0.35654E-006
    8308  0.35656E-006
    8309  0.35657E-006
    8310  0.35659E-006
    8311  0.35660E-006
    8312  0.35662E-006
    8313  0.35664E-006
    8314  0.35665E-006
    8315  0.35667E-006
    8316  0.35669E-006
    8317  0.35671E-006
    8318  0.35673E-006
    8319  0.35675E-006
    8320  0.35677E-006
    8321  0.35679E-006
    8322  0.35681E-006
    8323  0.35683E-006
    8324  0.35383E-006
    8325  0.35383E-006
    8326  0.35385E-006
    8327  0.35386E-006
    8328  0.35388E-006
    8329  0.35390E-006
    8330  0.35392E-006
    8331  0.35395E-006
    8332  0.35397E-006
    8333  0.35400E-006
    8334  0.35403E-006
    8335  0.35407E-006
    8336  0.35410E-006
    8337  0.35414E-006
    8338  0.35418E-006
    8339  0.35422E-006
    8340  0.35426E-006
    8341  0.35126E-006
    8342  0.35126E-006
    8343  0.35126E-006
    8344  0.35126E-006
    8345  0.35127E-006
    8346  0.35128E-006
    8347  0.35128E-006
    8348  0.35129E-006
    8349  0.35130E-006
    8350  0.35131E-006
    8351  0.35132E-006
    8352  0.35133E-006
    8353  0.35134E-006
    8354  0.35136E-006
    8355  0.35137E-006
    8356  0.35138E-006
    8357  0.35139E-006
    8358  0.35141E-006
    8359  0.35142E-006
    8360  0.35144E-006
    8361  0.35145E-006
    8362  0.35147E-006
    8363  0.35149E-006
    8364  0.35151E-006
    8365  0.35152E-006
    8366  0.35154E-006
    8367  0.35156E-006
    8368  0.35158E-006
    8369  0.35160E-006
    8370  0.35162E-006
    8371  0.35164E-006
    8372  0.35166E-006
    8373  0.35169E-006
    8374  0.35171E-006
    8375  0.35173E-006
    8376  0.34868E-006
    8377  0.34869E-006
    8378  0.34870E-006
    8379  0.34871E-006
    8380  0.34873E-006
    8381  0.34876E-006
    8382  0.34878E-006
    8383  0.34881E-006
    8384  0.34884E-006
    8385  0.34887E-006
    8386  0.34890E-006
    8387  0.34894E-006
    8388  0.34897E-006
    8389  0.34901E-006
    8390  0.34906E-006
    8391  0.34910E-006
    8392  0.34915E-006
    8393  0.34609E-006
    8394  0.34609E-006
    8395  0.34609E-006
    8396  0.34610E-006
    8397  0.34611E-006
    8398  0.34611E-006
    8399  0.34612E-006
    8400  0.34613E-006
    8401  0.34614E-006
    8402  0.34615E-006
    8403  0.34616E-006
    8404  0.34617E-006
    8405  0.34618E-006
    8406  0.34620E-006
    8407  0.34621E-006
    8408  0.34623E-006
    8409  0.34624E-006
    8410  0.34626E-006
    8411  0.34627E-006
    8412  0.34629E-006
    8413  0.34631E-006
    8414  0.34632E-006
    8415  0.34634E-006
    8416  0.34636E-006
    8417  0.34638E-006
    8418  0.34640E-006
    8419  0.34642E-006
    8420  0.34644E-006
    8421  0.34646E-006
    8422  0.34648E-006
    8423  0.34651E-006
    8424  0.34653E-006
    8425  0.34655E-006
    8426  0.34658E-006
    8427  0.34660E-006
    8428  0.34349E-006
    8429  0.34350E-006
    8430  0.34352E-006
    8431  0.34353E-006
    8432  0.34356E-006
    8433  0.34358E-006
    8434  0.34361E-006
    8435  0.34364E-006
    8436  0.34367E-006
    8437  0.34370E-006
    8438  0.34374E-006
    8439  0.34377E-006
    8440  0.34382E-006
    8441  0.34386E-006
    8442  0.34390E-006
    8443  0.34395E-006
    8444  0.34400E-006
    8445  0.34089E-006
    8446  0.34089E-006
    8447  0.34089E-006
    8448  0.34090E-006
    8449  0.34090E-006
    8450  0.34091E-006
    8451  0.34092E-006
    8452  0.34093E-006
    8453  0.34094E-006
    8454  0.34095E-006
    8455  0.34097E-006
    8456  0.34098E-006
    8457  0.34099E-006
    8458  0.34101E-006
    8459  0.34102E-006
    8460  0.34104E-006
    8461  0.34105E-006
    8462  0.34107E-006
    8463  0.34109E-006
    8464  0.34110E-006
    8465  0.34112E-006
    8466  0.34114E-006
    8467  0.34116E-006
    8468  0.34118E-006
    8469  0.34120E-006
    8470  0.34122E-006
    8471  0.34124E-006
    8472  0.34127E-006
    8473  0.34129E-006
    8474  0.34131E-006
    8475  0.34134E-006
    8476  0.34136E-006
    8477  0.34139E-006
    8478  0.34141E-006
    8479  0.34144E-006
    8480  0.33827E-006
    8481  0.33828E-006
    8482  0.33830E-006
    8483  0.33832E-006
    8484  0.33834E-006
    8485  0.33837E-006
    8486  0.33840E-006
    8487  0.33843E-006
    8488  0.33846E-006
    8489  0.33850E-006
    8490  0.33854E-006
    8491  0.33858E-006
    8492  0.33862E-006
    8493  0.33867E-006
    8494  0.33872E-006
    8495  0.33877E-006
    8496  0.33882E-006
    8497  0.33565E-006
    8498  0.33565E-006
    8499  0.33565E-006
    8500  0.33566E-006
    8501  0.33567E-006
    8502  0.33567E-006
    8503  0.33568E-006
    8504  0.33570E-006
    8505  0.33571E-006
    8506  0.33572E-006
    8507  0.33573E-006
    8508  0.33575E-006
    8509  0.33576E-006
    8510  0.33578E-006
    8511  0.33579E-006
    8512  0.33581E-006
    8513  0.33583E-006
    8514  0.33585E-006
    8515  0.33586E-006
    8516  0.33588E-006
    8517  0.33590E-006
    8518  0.33592E-006
    8519  0.33595E-006
    8520  0.33597E-006
    8521  0.33599E-006
    8522  0.33601E-006
    8523  0.33604E-006
    8524  0.33606E-006
    8525  0.33608E-006
    8526  0.33611E-006
    8527  0.33613E-006
    8528  0.33616E-006
    8529  0.33619E-006
    8530  0.33621E-006
    8531  0.33624E-006
    8532  0.33301E-006
    8533  0.33302E-006
    8534  0.33304E-006
    8535  0.33306E-006
    8536  0.33309E-006
    8537  0.33312E-006
    8538  0.33315E-006
    8539  0.33318E-006
    8540  0.33322E-006
    8541  0.33326E-006
    8542  0.33330E-006
    8543  0.33335E-006
    8544  0.33339E-006
    8545  0.33344E-006
    8546  0.33349E-006
    8547  0.33355E-006
    8548  0.33360E-006
    8549  0.33037E-006
    8550  0.33037E-006
    8551  0.33037E-006
    8552  0.33038E-006
    8553  0.33039E-006
    8554  0.33040E-006
    8555  0.33041E-006
    8556  0.33042E-006
    8557  0.33043E-006
    8558  0.33045E-006
    8559  0.33046E-006
    8560  0.33048E-006
    8561  0.33049E-006
    8562  0.33051E-006
    8563  0.33053E-006
    8564  0.33055E-006
    8565  0.33057E-006
    8566  0.33059E-006
    8567  0.33061E-006
    8568  0.33063E-006
    8569  0.33065E-006
    8570  0.33067E-006
    8571  0.33069E-006
    8572  0.33072E-006
    8573  0.33074E-006
    8574  0.33076E-006
    8575  0.33079E-006
    8576  0.33081E-006
    8577  0.33084E-006
    8578  0.33087E-006
    8579  0.33090E-006
    8580  0.33092E-006
    8581  0.33095E-006
    8582  0.33098E-006
    8583  0.33101E-006
    8584  0.32771E-006
    8585  0.32772E-006
    8586  0.32774E-006
    8587  0.32777E-006
    8588  0.32780E-006
    8589  0.32783E-006
    8590  0.32786E-006
    8591  0.32790E-006
    8592  0.32794E-006
    8593  0.32798E-006
    8594  0.32803E-006
    8595  0.32808E-006
    8596  0.32813E-006
    8597  0.32818E-006
    8598  0.32823E-006
    8599  0.32829E-006
    8600  0.32835E-006
    8601  0.32504E-006
    8602  0.32505E-006
    8603  0.32505E-006
    8604  0.32506E-006
    8605  0.32507E-006
    8606  0.32508E-006
    8607  0.32509E-006
    8608  0.32510E-006
    8609  0.32512E-006
    8610  0.32513E-006
    8611  0.32515E-006
    8612  0.32517E-006
    8613  0.32519E-006
    8614  0.32520E-006
    8615  0.32522E-006
    8616  0.32524E-006
    8617  0.32526E-006
    8618  0.32529E-006
    8619  0.32531E-006
    8620  0.32533E-006
    8621  0.32535E-006
    8622  0.32538E-006
    8623  0.32540E-006
    8624  0.32543E-006
    8625  0.32545E-006
    8626  0.32548E-006
    8627  0.32551E-006
    8628  0.32553E-006
    8629  0.32556E-006
    8630  0.32559E-006
    8631  0.32562E-006
    8632  0.32565E-006
    8633  0.32568E-006
    8634  0.32571E-006
    8635  0.32574E-006
    8636  0.32237E-006
    8637  0.32238E-006
    8638  0.32240E-006
    8639  0.32243E-006
    8640  0.32246E-006
    8641  0.32250E-006
    8642  0.32253E-006
    8643  0.32258E-006
    8644  0.32262E-006
    8645  0.32267E-006
    8646  0.32272E-006
    8647  0.32277E-006
    8648  0.32282E-006
    8649  0.32288E-006
    8650  0.32294E-006
    8651  0.32300E-006
    8652  0.32306E-006
    8653  0.31968E-006
    8654  0.31968E-006
    8655  0.31969E-006
    8656  0.31969E-006
    8657  0.31970E-006
    8658  0.31972E-006
    8659  0.31973E-006
    8660  0.31974E-006
    8661  0.31976E-006
    8662  0.31978E-006
    8663  0.31980E-006
    8664  0.31981E-006
    8665  0.31983E-006
    8666  0.31985E-006
    8667  0.31988E-006
    8668  0.31990E-006
    8669  0.31992E-006
    8670  0.31994E-006
    8671  0.31997E-006
    8672  0.31999E-006
    8673  0.32002E-006
    8674  0.32004E-006
    8675  0.32007E-006
    8676  0.32010E-006
    8677  0.32012E-006
    8678  0.32015E-006
    8679  0.32018E-006
    8680  0.32021E-006
    8681  0.32024E-006
    8682  0.32027E-006
    8683  0.32030E-006
    8684  0.32034E-006
    8685  0.32037E-006
    8686  0.32040E-006
    8687  0.32044E-006
    8688  0.31698E-006
    8689  0.31699E-006
    8690  0.31702E-006
    8691  0.31705E-006
    8692  0.31708E-006
    8693  0.31712E-006
    8694  0.31716E-006
    8695  0.31721E-006
    8696  0.31726E-006
    8697  0.31731E-006
    8698  0.31736E-006
    8699  0.31742E-006
    8700  0.31747E-006
    8701  0.31754E-006
    8702  0.31760E-006
    8703  0.31767E-006
    8704  0.31773E-006
    8705  0.31426E-006
    8706  0.31427E-006
    8707  0.31427E-006
    8708  0.31428E-006
    8709  0.31429E-006
    8710  0.31431E-006
    8711  0.31432E-006
    8712  0.31434E-006
    8713  0.31436E-006
    8714  0.31438E-006
    8715  0.31440E-006
    8716  0.31442E-006
    8717  0.31444E-006
    8718  0.31446E-006
    8719  0.31448E-006
    8720  0.31451E-006
    8721  0.31453E-006
    8722  0.31456E-006
    8723  0.31458E-006
    8724  0.31461E-006
    8725  0.31464E-006
    8726  0.31467E-006
    8727  0.31470E-006
    8728  0.31473E-006
    8729  0.31476E-006
    8730  0.31479E-006
    8731  0.31482E-006
    8732  0.31485E-006
    8733  0.31488E-006
    8734  0.31492E-006
    8735  0.31495E-006
    8736  0.31498E-006
    8737  0.31502E-006
    8738  0.31505E-006
    8739  0.31509E-006
    8740  0.31154E-006
    8741  0.31156E-006
    8742  0.31159E-006
    8743  0.31162E-006
    8744  0.31166E-006
    8745  0.31170E-006
    8746  0.31175E-006
    8747  0.31180E-006
    8748  0.31185E-006
    8749  0.31191E-006
    8750  0.31196E-006
    8751  0.31202E-006
    8752  0.31209E-006
    8753  0.31215E-006
    8754  0.31222E-006
    8755  0.31229E-006
    8756  0.31237E-006
    8757  0.30880E-006
    8758  0.30881E-006
    8759  0.30881E-006
    8760  0.30882E-006
    8761  0.30884E-006
    8762  0.30885E-006
    8763  0.30887E-006
    8764  0.30889E-006
    8765  0.30891E-006
    8766  0.30893E-006
    8767  0.30895E-006
    8768  0.30897E-006
    8769  0.30900E-006
    8770  0.30902E-006
    8771  0.30905E-006
    8772  0.30907E-006
    8773  0.30910E-006
    8774  0.30913E-006
    8775  0.30916E-006
    8776  0.30919E-006
    8777  0.30922E-006
    8778  0.30925E-006
    8779  0.30928E-006
    8780  0.30931E-006
    8781  0.30934E-006
    8782  0.30938E-006
    8783  0.30941E-006
    8784  0.30944E-006
    8785  0.30948E-006
    8786  0.30952E-006
    8787  0.30955E-006
    8788  0.30959E-006
    8789  0.30963E-006
    8790  0.30967E-006
    8791  0.30971E-006
    8792  0.30606E-006
    8793  0.30608E-006
    8794  0.30611E-006
    8795  0.30614E-006
    8796  0.30619E-006
    8797  0.30623E-006
    8798  0.30629E-006
    8799  0.30634E-006
    8800  0.30640E-006
    8801  0.30646E-006
    8802  0.30652E-006
    8803  0.30659E-006
    8804  0.30666E-006
    8805  0.30673E-006
    8806  0.30680E-006
    8807  0.30688E-006
    8808  0.30696E-006
    8809  0.30329E-006
    8810  0.30330E-006
    8811  0.30331E-006
    8812  0.30332E-006
    8813  0.30333E-006
    8814  0.30335E-006
    8815  0.30337E-006
    8816  0.30339E-006
    8817  0.30341E-006
    8818  0.30343E-006
    8819  0.30346E-006
    8820  0.30348E-006
    8821  0.30351E-006
    8822  0.30354E-006
    8823  0.30356E-006
    8824  0.30359E-006
    8825  0.30362E-006
    8826  0.30365E-006
    8827  0.30368E-006
    8828  0.30372E-006
    8829  0.30375E-006
    8830  0.30378E-006
    8831  0.30382E-006
    8832  0.30385E-006
    8833  0.30389E-006
    8834  0.30392E-006
    8835  0.30396E-006
    8836  0.30400E-006
    8837  0.30403E-006
    8838  0.30407E-006
    8839  0.30411E-006
    8840  0.30415E-006
    8841  0.30419E-006
    8842  0.30424E-006
    8843  0.30428E-006
    8844  0.30052E-006
    8845  0.30054E-006
    8846  0.30058E-006
    8847  0.30062E-006
    8848  0.30067E-006
    8849  0.30072E-006
    8850  0.30078E-006
    8851  0.30083E-006
    8852  0.30090E-006
    8853  0.30096E-006
    8854  0.30103E-006
    8855  0.30110E-006
    8856  0.30118E-006
    8857  0.30126E-006
    8858  0.30134E-006
    8859  0.30142E-006
    8860  0.30150E-006
    8861  0.29773E-006
    8862  0.29774E-006
    8863  0.29774E-006
    8864  0.29776E-006
    8865  0.29777E-006
    8866  0.29779E-006
    8867  0.29781E-006
    8868  0.29784E-006
    8869  0.29786E-006
    8870  0.29789E-006
    8871  0.29791E-006
    8872  0.29794E-006
    8873  0.29797E-006
    8874  0.29800E-006
    8875  0.29803E-006
    8876  0.29806E-006
    8877  0.29810E-006
    8878  0.29813E-006
    8879  0.29816E-006
    8880  0.29820E-006
    8881  0.29823E-006
    8882  0.29827E-006
    8883  0.29831E-006
    8884  0.29835E-006
    8885  0.29838E-006
    8886  0.29842E-006
    8887  0.29846E-006
    8888  0.29850E-006
    8889  0.29854E-006
    8890  0.29859E-006
    8891  0.29863E-006
    8892  0.29867E-006
    8893  0.29872E-006
    8894  0.29876E-006
    8895  0.29881E-006
    8896  0.29493E-006
    8897  0.29496E-006
    8898  0.29499E-006
    8899  0.29504E-006
    8900  0.29509E-006
    8901  0.29515E-006
    8902  0.29521E-006
    8903  0.29528E-006
    8904  0.29535E-006
    8905  0.29542E-006
    8906  0.29550E-006
    8907  0.29558E-006
    8908  0.29566E-006
    8909  0.29574E-006
    8910  0.29583E-006
    8911  0.29592E-006
    8912  0.29601E-006
    8913  0.29211E-006
    8914  0.29212E-006
    8915  0.29213E-006
    8916  0.29214E-006
    8917  0.29216E-006
    8918  0.29218E-006
    8919  0.29221E-006
    8920  0.29223E-006
    8921  0.29226E-006
    8922  0.29229E-006
    8923  0.29232E-006
    8924  0.29235E-006
    8925  0.29238E-006
    8926  0.29242E-006
    8927  0.29245E-006
    8928  0.29248E-006
    8929  0.29252E-006
    8930  0.29256E-006
    8931  0.29259E-006
    8932  0.29263E-006
    8933  0.29267E-006
    8934  0.29271E-006
    8935  0.29275E-006
    8936  0.29279E-006
    8937  0.29283E-006
    8938  0.29288E-006
    8939  0.29292E-006
    8940  0.29296E-006
    8941  0.29301E-006
    8942  0.29305E-006
    8943  0.29310E-006
    8944  0.29315E-006
    8945  0.29320E-006
    8946  0.29324E-006
    8947  0.29329E-006
    8948  0.28929E-006
    8949  0.28932E-006
    8950  0.28936E-006
    8951  0.28941E-006
    8952  0.28947E-006
    8953  0.28953E-006
    8954  0.28960E-006
    8955  0.28968E-006
    8956  0.28975E-006
    8957  0.28983E-006
    8958  0.28991E-006
    8959  0.29000E-006
    8960  0.29009E-006
    8961  0.29018E-006
    8962  0.29027E-006
    8963  0.29037E-006
    8964  0.29047E-006
    8965  0.28644E-006
    8966  0.28645E-006
    8967  0.28646E-006
    8968  0.28648E-006
    8969  0.28650E-006
    8970  0.28652E-006
    8971  0.28655E-006
    8972  0.28657E-006
    8973  0.28660E-006
    8974  0.28664E-006
    8975  0.28667E-006
    8976  0.28671E-006
    8977  0.28674E-006
    8978  0.28678E-006
    8979  0.28682E-006
    8980  0.28685E-006
    8981  0.28689E-006
    8982  0.28693E-006
    8983  0.28697E-006
    8984  0.28702E-006
    8985  0.28706E-006
    8986  0.28710E-006
    8987  0.28715E-006
    8988  0.28719E-006
    8989  0.28724E-006
    8990  0.28728E-006
    8991  0.28733E-006
    8992  0.28738E-006
    8993  0.28743E-006
    8994  0.28748E-006
    8995  0.28753E-006
    8996  0.28758E-006
    8997  0.28763E-006
    8998  0.28768E-006
    8999  0.28773E-006
    9000  0.28359E-006
    9001  0.28362E-006
    9002  0.28367E-006
    9003  0.28372E-006
    9004  0.28379E-006
    9005  0.28386E-006
    9006  0.28394E-006
    9007  0.28402E-006
    9008  0.28410E-006
    9009  0.28419E-006
    9010  0.28428E-006
    9011  0.28437E-006
    9012  0.28447E-006
    9013  0.28457E-006
    9014  0.28467E-006
    9015  0.28477E-006
    9016  0.28488E-006
    9017  0.28071E-006
    9018  0.28072E-006
    9019  0.28073E-006
    9020  0.28075E-006
    9021  0.28077E-006
    9022  0.28080E-006
    9023  0.28083E-006
    9024  0.28086E-006
    9025  0.28089E-006
    9026  0.28093E-006
    9027  0.28097E-006
    9028  0.28101E-006
    9029  0.28105E-006
    9030  0.28109E-006
    9031  0.28113E-006
    9032  0.28117E-006
    9033  0.28121E-006
    9034  0.28126E-006
    9035  0.28130E-006
    9036  0.28135E-006
    9037  0.28140E-006
    9038  0.28144E-006
    9039  0.28149E-006
    9040  0.28154E-006
    9041  0.28159E-006
    9042  0.28164E-006
    9043  0.28169E-006
    9044  0.28174E-006
    9045  0.28180E-006
    9046  0.28185E-006
    9047  0.28190E-006
    9048  0.28196E-006
    9049  0.28201E-006
    9050  0.28207E-006
    9051  0.28213E-006
    9052  0.27784E-006
    9053  0.27787E-006
    9054  0.27792E-006
    9055  0.27798E-006
    9056  0.27806E-006
    9057  0.27814E-006
    9058  0.27822E-006
    9059  0.27831E-006
    9060  0.27840E-006
    9061  0.27850E-006
    9062  0.27859E-006
    9063  0.27870E-006
    9064  0.27880E-006
    9065  0.27891E-006
    9066  0.27902E-006
    9067  0.27913E-006
    9068  0.27925E-006
    9069  0.27493E-006
    9070  0.27494E-006
    9071  0.27495E-006
    9072  0.27497E-006
    9073  0.27500E-006
    9074  0.27502E-006
    9075  0.27506E-006
    9076  0.27509E-006
    9077  0.27513E-006
    9078  0.27517E-006
    9079  0.27521E-006
    9080  0.27525E-006
    9081  0.27530E-006
    9082  0.27534E-006
    9083  0.27539E-006
    9084  0.27543E-006
    9085  0.27548E-006
    9086  0.27553E-006
    9087  0.27558E-006
    9088  0.27563E-006
    9089  0.27568E-006
    9090  0.27573E-006
    9091  0.27578E-006
    9092  0.27584E-006
    9093  0.27589E-006
    9094  0.27595E-006
    9095  0.27600E-006
    9096  0.27606E-006
    9097  0.27612E-006
    9098  0.27617E-006
    9099  0.27623E-006
    9100  0.27629E-006
    9101  0.27635E-006
    9102  0.27641E-006
    9103  0.27648E-006
    9104  0.27202E-006
    9105  0.27206E-006
    9106  0.27211E-006
    9107  0.27218E-006
    9108  0.27227E-006
    9109  0.27235E-006
    9110  0.27245E-006
    9111  0.27255E-006
    9112  0.27265E-006
    9113  0.27275E-006
    9114  0.27286E-006
    9115  0.27297E-006
    9116  0.27308E-006
    9117  0.27320E-006
    9118  0.27332E-006
    9119  0.27344E-006
    9120  0.27357E-006
    9121  0.26908E-006
    9122  0.26909E-006
    9123  0.26911E-006
    9124  0.26913E-006
    9125  0.26916E-006
    9126  0.26919E-006
    9127  0.26922E-006
    9128  0.26926E-006
    9129  0.26931E-006
    9130  0.26935E-006
    9131  0.26940E-006
    9132  0.26944E-006
    9133  0.26949E-006
    9134  0.26954E-006
    9135  0.26959E-006
    9136  0.26964E-006
    9137  0.26969E-006
    9138  0.26975E-006
    9139  0.26980E-006
    9140  0.26986E-006
    9141  0.26991E-006
    9142  0.26997E-006
    9143  0.27003E-006
    9144  0.27009E-006
    9145  0.27014E-006
    9146  0.27020E-006
    9147  0.27026E-006
    9148  0.27033E-006
    9149  0.27039E-006
    9150  0.27045E-006
    9151  0.27051E-006
    9152  0.27058E-006
    9153  0.27064E-006
    9154  0.27071E-006
    9155  0.27078E-006
    9156  0.26615E-006
    9157  0.26619E-006
    9158  0.26625E-006
    9159  0.26633E-006
    9160  0.26642E-006
    9161  0.26652E-006
    9162  0.26662E-006
    9163  0.26673E-006
    9164  0.26684E-006
    9165  0.26695E-006
    9166  0.26707E-006
    9167  0.26719E-006
    9168  0.26731E-006
    9169  0.26744E-006
    9170  0.26757E-006
    9171  0.26770E-006
    9172  0.26784E-006
    9173  0.26317E-006
    9174  0.26318E-006
    9175  0.26320E-006
    9176  0.26323E-006
    9177  0.26326E-006
    9178  0.26329E-006
    9179  0.26333E-006
    9180  0.26338E-006
    9181  0.26342E-006
    9182  0.26347E-006
    9183  0.26352E-006
    9184  0.26357E-006
    9185  0.26363E-006
    9186  0.26368E-006
    9187  0.26374E-006
    9188  0.26380E-006
    9189  0.26385E-006
    9190  0.26391E-006
    9191  0.26397E-006
    9192  0.26403E-006
    9193  0.26409E-006
    9194  0.26415E-006
    9195  0.26422E-006
    9196  0.26428E-006
    9197  0.26434E-006
    9198  0.26441E-006
    9199  0.26448E-006
    9200  0.26454E-006
    9201  0.26461E-006
    9202  0.26468E-006
    9203  0.26475E-006
    9204  0.26482E-006
    9205  0.26489E-006
    9206  0.26496E-006
    9207  0.26503E-006
    9208  0.26021E-006
    9209  0.26025E-006
    9210  0.26032E-006
    9211  0.26041E-006
    9212  0.26051E-006
    9213  0.26062E-006
    9214  0.26073E-006
    9215  0.26085E-006
    9216  0.26097E-006
    9217  0.26110E-006
    9218  0.26123E-006
    9219  0.26136E-006
    9220  0.26149E-006
    9221  0.26163E-006
    9222  0.26177E-006
    9223  0.26192E-006
    9224  0.26207E-006
    9225  0.25720E-006
    9226  0.25722E-006
    9227  0.25724E-006
    9228  0.25726E-006
    9229  0.25730E-006
    9230  0.25734E-006
    9231  0.25738E-006
    9232  0.25743E-006
    9233  0.25748E-006
    9234  0.25754E-006
    9235  0.25759E-006
    9236  0.25765E-006
    9237  0.25771E-006
    9238  0.25777E-006
    9239  0.25783E-006
    9240  0.25789E-006
    9241  0.25796E-006
    9242  0.25802E-006
    9243  0.25809E-006
    9244  0.25815E-006
    9245  0.25822E-006
    9246  0.25829E-006
    9247  0.25835E-006
    9248  0.25842E-006
    9249  0.25849E-006
    9250  0.25856E-006
    9251  0.25864E-006
    9252  0.25871E-006
    9253  0.25878E-006
    9254  0.25886E-006
    9255  0.25893E-006
    9256  0.25901E-006
    9257  0.25908E-006
    9258  0.25916E-006
    9259  0.25924E-006
    9260  0.25421E-006
    9261  0.25426E-006
    9262  0.25434E-006
    9263  0.25443E-006
    9264  0.25455E-006
    9265  0.25466E-006
    9266  0.25479E-006
    9267  0.25492E-006
    9268  0.25505E-006
    9269  0.25519E-006
    9270  0.25533E-006
    9271  0.25548E-006
    9272  0.25562E-006
    9273  0.25577E-006
    9274  0.25593E-006
    9275  0.25608E-006
    9276  0.25624E-006
    9277  0.25117E-006
    9278  0.25119E-006
    9279  0.25121E-006
    9280  0.25124E-006
    9281  0.25128E-006
    9282  0.25132E-006
    9283  0.25137E-006
    9284  0.25142E-006
    9285  0.25148E-006
    9286  0.25154E-006
    9287  0.25160E-006
    9288  0.25167E-006
    9289  0.25173E-006
    9290  0.25180E-006
    9291  0.25186E-006
    9292  0.25193E-006
    9293  0.25200E-006
    9294  0.25207E-006
    9295  0.25214E-006
    9296  0.25222E-006
    9297  0.25229E-006
    9298  0.25236E-006
    9299  0.25244E-006
    9300  0.25251E-006
    9301  0.25259E-006
    9302  0.25267E-006
    9303  0.25275E-006
    9304  0.25282E-006
    9305  0.25290E-006
    9306  0.25298E-006
    9307  0.25307E-006
    9308  0.25315E-006
    9309  0.25323E-006
    9310  0.25331E-006
    9311  0.25340E-006
    9312  0.24815E-006
    9313  0.24820E-006
    9314  0.24829E-006
    9315  0.24840E-006
    9316  0.24852E-006
    9317  0.24865E-006
    9318  0.24879E-006
    9319  0.24893E-006
    9320  0.24908E-006
    9321  0.24923E-006
    9322  0.24938E-006
    9323  0.24954E-006
    9324  0.24970E-006
    9325  0.24986E-006
    9326  0.25003E-006
    9327  0.25020E-006
    9328  0.25037E-006
    9329  0.24508E-006
    9330  0.24509E-006
    9331  0.24512E-006
    9332  0.24515E-006
    9333  0.24519E-006
    9334  0.24524E-006
    9335  0.24530E-006
    9336  0.24536E-006
    9337  0.24542E-006
    9338  0.24549E-006
    9339  0.24555E-006
    9340  0.24562E-006
    9341  0.24570E-006
    9342  0.24577E-006
    9343  0.24584E-006
    9344  0.24592E-006
    9345  0.24599E-006
    9346  0.24607E-006
    9347  0.24615E-006
    9348  0.24623E-006
    9349  0.24631E-006
    9350  0.24639E-006
    9351  0.24647E-006
    9352  0.24655E-006
    9353  0.24664E-006
    9354  0.24672E-006
    9355  0.24680E-006
    9356  0.24689E-006
    9357  0.24698E-006
    9358  0.24706E-006
    9359  0.24715E-006
    9360  0.24724E-006
    9361  0.24733E-006
    9362  0.24742E-006
    9363  0.24751E-006
    9364  0.24202E-006
    9365  0.24209E-006
    9366  0.24218E-006
    9367  0.24230E-006
    9368  0.24244E-006
    9369  0.24258E-006
    9370  0.24273E-006
    9371  0.24289E-006
    9372  0.24305E-006
    9373  0.24321E-006
    9374  0.24338E-006
    9375  0.24355E-006
    9376  0.24373E-006
    9377  0.24390E-006
    9378  0.24409E-006
    9379  0.24427E-006
    9380  0.24446E-006
    9381  0.23892E-006
    9382  0.23894E-006
    9383  0.23897E-006
    9384  0.23900E-006
    9385  0.23905E-006
    9386  0.23910E-006
    9387  0.23916E-006
    9388  0.23923E-006
    9389  0.23930E-006
    9390  0.23937E-006
    9391  0.23945E-006
    9392  0.23952E-006
    9393  0.23960E-006
    9394  0.23968E-006
    9395  0.23976E-006
    9396  0.23985E-006
    9397  0.23993E-006
    9398  0.24001E-006
    9399  0.24010E-006
    9400  0.24019E-006
    9401  0.24027E-006
    9402  0.24036E-006
    9403  0.24045E-006
    9404  0.24054E-006
    9405  0.24063E-006
    9406  0.24072E-006
    9407  0.24081E-006
    9408  0.24091E-006
    9409  0.24100E-006
    9410  0.24110E-006
    9411  0.24119E-006
    9412  0.24129E-006
    9413  0.24138E-006
    9414  0.24148E-006
    9415  0.24158E-006
    9416  0.23584E-006
    9417  0.23590E-006
    9418  0.23601E-006
    9419  0.23614E-006
    9420  0.23629E-006
    9421  0.23645E-006
    9422  0.23662E-006
    9423  0.23679E-006
    9424  0.23697E-006
    9425  0.23715E-006
    9426  0.23733E-006
    9427  0.23751E-006
    9428  0.23770E-006
    9429  0.23790E-006
    9430  0.23809E-006
    9431  0.23829E-006
    9432  0.23850E-006
    9433  0.23270E-006
    9434  0.23272E-006
    9435  0.23275E-006
    9436  0.23279E-006
    9437  0.23284E-006
    9438  0.23290E-006
    9439  0.23297E-006
    9440  0.23304E-006
    9441  0.23312E-006
    9442  0.23320E-006
    9443  0.23328E-006
    9444  0.23336E-006
    9445  0.23345E-006
    9446  0.23354E-006
    9447  0.23363E-006
    9448  0.23372E-006
    9449  0.23381E-006
    9450  0.23390E-006
    9451  0.23400E-006
    9452  0.23409E-006
    9453  0.23419E-006
    9454  0.23428E-006
    9455  0.23438E-006
    9456  0.23448E-006
    9457  0.23458E-006
    9458  0.23468E-006
    9459  0.23478E-006
    9460  0.23488E-006
    9461  0.23498E-006
    9462  0.23508E-006
    9463  0.23518E-006
    9464  0.23529E-006
    9465  0.23539E-006
    9466  0.23550E-006
    9467  0.23561E-006
    9468  0.22959E-006
    9469  0.22966E-006
    9470  0.22978E-006
    9471  0.22992E-006
    9472  0.23009E-006
    9473  0.23026E-006
    9474  0.23045E-006
    9475  0.23064E-006
    9476  0.23083E-006
    9477  0.23102E-006
    9478  0.23122E-006
    9479  0.23143E-006
    9480  0.23163E-006
    9481  0.23184E-006
    9482  0.23206E-006
    9483  0.23227E-006
    9484  0.23249E-006
    9485  0.22642E-006
    9486  0.22644E-006
    9487  0.22647E-006
    9488  0.22652E-006
    9489  0.22657E-006
    9490  0.22664E-006
    9491  0.22671E-006
    9492  0.22679E-006
    9493  0.22688E-006
    9494  0.22696E-006
    9495  0.22706E-006
    9496  0.22715E-006
    9497  0.22724E-006
    9498  0.22734E-006
    9499  0.22744E-006
    9500  0.22754E-006
    9501  0.22764E-006
    9502  0.22774E-006
    9503  0.22784E-006
    9504  0.22794E-006
    9505  0.22805E-006
    9506  0.22815E-006
    9507  0.22826E-006
    9508  0.22836E-006
    9509  0.22847E-006
    9510  0.22858E-006
    9511  0.22869E-006
    9512  0.22880E-006
    9513  0.22891E-006
    9514  0.22902E-006
    9515  0.22913E-006
    9516  0.22925E-006
    9517  0.22936E-006
    9518  0.22947E-006
    9519  0.22959E-006
    9520  0.22327E-006
    9521  0.22336E-006
    9522  0.22349E-006
    9523  0.22365E-006
    9524  0.22383E-006
    9525  0.22402E-006
    9526  0.22422E-006
    9527  0.22443E-006
    9528  0.22464E-006
    9529  0.22485E-006
    9530  0.22507E-006
    9531  0.22529E-006
    9532  0.22551E-006
    9533  0.22574E-006
    9534  0.22597E-006
    9535  0.22621E-006
    9536  0.22644E-006
    9537  0.22007E-006
    9538  0.22009E-006
    9539  0.22013E-006
    9540  0.22018E-006
    9541  0.22024E-006
    9542  0.22032E-006
    9543  0.22040E-006
    9544  0.22049E-006
    9545  0.22058E-006
    9546  0.22067E-006
    9547  0.22077E-006
    9548  0.22088E-006
    9549  0.22098E-006
    9550  0.22109E-006
    9551  0.22119E-006
    9552  0.22130E-006
    9553  0.22141E-006
    9554  0.22152E-006
    9555  0.22163E-006
    9556  0.22175E-006
    9557  0.22186E-006
    9558  0.22197E-006
    9559  0.22209E-006
    9560  0.22220E-006
    9561  0.22232E-006
    9562  0.22244E-006
    9563  0.22256E-006
    9564  0.22267E-006
    9565  0.22279E-006
    9566  0.22291E-006
    9567  0.22304E-006
    9568  0.22316E-006
    9569  0.22328E-006
    9570  0.22341E-006
    9571  0.22353E-006
    9572  0.21690E-006
    9573  0.21699E-006
    9574  0.21713E-006
    9575  0.21731E-006
    9576  0.21751E-006
    9577  0.21772E-006
    9578  0.21794E-006
    9579  0.21817E-006
    9580  0.21840E-006
    9581  0.21863E-006
    9582  0.21887E-006
    9583  0.21911E-006
    9584  0.21935E-006
    9585  0.21960E-006
    9586  0.21985E-006
    9587  0.22010E-006
    9588  0.22036E-006
    9589  0.21367E-006
    9590  0.21369E-006
    9591  0.21373E-006
    9592  0.21379E-006
    9593  0.21386E-006
    9594  0.21394E-006
    9595  0.21403E-006
    9596  0.21412E-006
    9597  0.21422E-006
    9598  0.21433E-006
    9599  0.21444E-006
    9600  0.21455E-006
    9601  0.21467E-006
    9602  0.21478E-006
    9603  0.21490E-006
    9604  0.21502E-006
    9605  0.21514E-006
    9606  0.21526E-006
    9607  0.21538E-006
    9608  0.21550E-006
    9609  0.21562E-006
    9610  0.21575E-006
    9611  0.21587E-006
    9612  0.21600E-006
    9613  0.21612E-006
    9614  0.21625E-006
    9615  0.21638E-006
    9616  0.21651E-006
    9617  0.21664E-006
    9618  0.21677E-006
    9619  0.21690E-006
    9620  0.21703E-006
    9621  0.21716E-006
    9622  0.21730E-006
    9623  0.21743E-006
    9624  0.21047E-006
    9625  0.21057E-006
    9626  0.21073E-006
    9627  0.21092E-006
    9628  0.21114E-006
    9629  0.21137E-006
    9630  0.21161E-006
    9631  0.21185E-006
    9632  0.21211E-006
    9633  0.21236E-006
    9634  0.21262E-006
    9635  0.21288E-006
    9636  0.21314E-006
    9637  0.21341E-006
    9638  0.21368E-006
    9639  0.21395E-006
    9640  0.21423E-006
    9641  0.20720E-006
    9642  0.20723E-006
    9643  0.20728E-006
    9644  0.20734E-006
    9645  0.20741E-006
    9646  0.20750E-006
    9647  0.20760E-006
    9648  0.20770E-006
    9649  0.20781E-006
    9650  0.20793E-006
    9651  0.20805E-006
    9652  0.20817E-006
    9653  0.20830E-006
    9654  0.20842E-006
    9655  0.20855E-006
    9656  0.20868E-006
    9657  0.20881E-006
    9658  0.20894E-006
    9659  0.20907E-006
    9660  0.20921E-006
    9661  0.20934E-006
    9662  0.20947E-006
    9663  0.20961E-006
    9664  0.20975E-006
    9665  0.20988E-006
    9666  0.21002E-006
    9667  0.21016E-006
    9668  0.21030E-006
    9669  0.21044E-006
    9670  0.21058E-006
    9671  0.21072E-006
    9672  0.21086E-006
    9673  0.21101E-006
    9674  0.21115E-006
    9675  0.21130E-006
    9676  0.20398E-006
    9677  0.20409E-006
    9678  0.20426E-006
    9679  0.20447E-006
    9680  0.20471E-006
    9681  0.20496E-006
    9682  0.20523E-006
    9683  0.20550E-006
    9684  0.20577E-006
    9685  0.20604E-006
    9686  0.20632E-006
    9687  0.20661E-006
    9688  0.20689E-006
    9689  0.20718E-006
    9690  0.20747E-006
    9691  0.20777E-006
    9692  0.20807E-006
    9693  0.20069E-006
    9694  0.20072E-006
    9695  0.20076E-006
    9696  0.20083E-006
    9697  0.20091E-006
    9698  0.20101E-006
    9699  0.20112E-006
    9700  0.20123E-006
    9701  0.20135E-006
    9702  0.20148E-006
    9703  0.20161E-006
    9704  0.20174E-006
    9705  0.20188E-006
    9706  0.20202E-006
    9707  0.20216E-006
    9708  0.20230E-006
    9709  0.20244E-006
    9710  0.20258E-006
    9711  0.20273E-006
    9712  0.20287E-006
    9713  0.20301E-006
    9714  0.20316E-006
    9715  0.20331E-006
    9716  0.20345E-006
    9717  0.20360E-006
    9718  0.20375E-006
    9719  0.20390E-006
    9720  0.20405E-006
    9721  0.20420E-006
    9722  0.20436E-006
    9723  0.20451E-006
    9724  0.20466E-006
    9725  0.20482E-006
    9726  0.20497E-006
    9727  0.20513E-006
    9728  0.19744E-006
    9729  0.19756E-006
    9730  0.19774E-006
    9731  0.19798E-006
    9732  0.19824E-006
    9733  0.19851E-006
    9734  0.19880E-006
    9735  0.19909E-006
    9736  0.19939E-006
    9737  0.19969E-006
    9738  0.19999E-006
    9739  0.20029E-006
    9740  0.20060E-006
    9741  0.20092E-006
    9742  0.20123E-006
    9743  0.20155E-006
    9744  0.20187E-006
    9745  0.19411E-006
    9746  0.19415E-006
    9747  0.19420E-006
    9748  0.19427E-006
    9749  0.19436E-006
    9750  0.19447E-006
    9751  0.19458E-006
    9752  0.19471E-006
    9753  0.19484E-006
    9754  0.19498E-006
    9755  0.19512E-006
    9756  0.19527E-006
    9757  0.19542E-006
    9758  0.19557E-006
    9759  0.19572E-006
    9760  0.19587E-006
    9761  0.19603E-006
    9762  0.19618E-006
    9763  0.19634E-006
    9764  0.19649E-006
    9765  0.19665E-006
    9766  0.19681E-006
    9767  0.19697E-006
    9768  0.19712E-006
    9769  0.19729E-006
    9770  0.19745E-006
    9771  0.19761E-006
    9772  0.19777E-006
    9773  0.19793E-006
    9774  0.19810E-006
    9775  0.19826E-006
    9776  0.19843E-006
    9777  0.19859E-006
    9778  0.19876E-006
    9779  0.19893E-006
    9780  0.19084E-006
    9781  0.19098E-006
    9782  0.19118E-006
    9783  0.19143E-006
    9784  0.19171E-006
    9785  0.19202E-006
    9786  0.19233E-006
    9787  0.19264E-006
    9788  0.19296E-006
    9789  0.19329E-006
    9790  0.19362E-006
    9791  0.19395E-006
    9792  0.19428E-006
    9793  0.19462E-006
    9794  0.19496E-006
    9795  0.19530E-006
    9796  0.19565E-006
    9797  0.18749E-006
    9798  0.18753E-006
    9799  0.18759E-006
    9800  0.18767E-006
    9801  0.18776E-006
    9802  0.18788E-006
    9803  0.18800E-006
    9804  0.18814E-006
    9805  0.18829E-006
    9806  0.18844E-006
    9807  0.18859E-006
    9808  0.18875E-006
    9809  0.18891E-006
    9810  0.18908E-006
    9811  0.18924E-006
    9812  0.18941E-006
    9813  0.18957E-006
    9814  0.18974E-006
    9815  0.18991E-006
    9816  0.19008E-006
    9817  0.19025E-006
    9818  0.19042E-006
    9819  0.19059E-006
    9820  0.19076E-006
    9821  0.19093E-006
    9822  0.19111E-006
    9823  0.19128E-006
    9824  0.19146E-006
    9825  0.19163E-006
    9826  0.19181E-006
    9827  0.19199E-006
    9828  0.19217E-006
    9829  0.19234E-006
    9830  0.19252E-006
    9831  0.19270E-006
    9832  0.18420E-006
    9833  0.18435E-006
    9834  0.18457E-006
    9835  0.18484E-006
    9836  0.18515E-006
    9837  0.18548E-006
    9838  0.18582E-006
    9839  0.18616E-006
    9840  0.18651E-006
    9841  0.18686E-006
    9842  0.18721E-006
    9843  0.18757E-006
    9844  0.18793E-006
    9845  0.18829E-006
    9846  0.18866E-006
    9847  0.18903E-006
    9848  0.18940E-006
    9849  0.18082E-006
    9850  0.18086E-006
    9851  0.18093E-006
    9852  0.18101E-006
    9853  0.18112E-006
    9854  0.18124E-006
    9855  0.18138E-006
    9856  0.18153E-006
    9857  0.18169E-006
    9858  0.18185E-006
    9859  0.18202E-006
    9860  0.18219E-006
    9861  0.18237E-006
    9862  0.18255E-006
    9863  0.18272E-006
    9864  0.18290E-006
    9865  0.18308E-006
    9866  0.18327E-006
    9867  0.18345E-006
    9868  0.18363E-006
    9869  0.18381E-006
    9870  0.18400E-006
    9871  0.18418E-006
    9872  0.18437E-006
    9873  0.18456E-006
    9874  0.18474E-006
    9875  0.18493E-006
    9876  0.18512E-006
    9877  0.18531E-006
    9878  0.18550E-006
    9879  0.18569E-006
    9880  0.18588E-006
    9881  0.18607E-006
    9882  0.18626E-006
    9883  0.18646E-006
    9884  0.17752E-006
    9885  0.17767E-006
    9886  0.17791E-006
    9887  0.17821E-006
    9888  0.17855E-006
    9889  0.17890E-006
    9890  0.17927E-006
    9891  0.17964E-006
    9892  0.18002E-006
    9893  0.18040E-006
    9894  0.18078E-006
    9895  0.18116E-006
    9896  0.18155E-006
    9897  0.18194E-006
    9898  0.18233E-006
    9899  0.18273E-006
    9900  0.18313E-006
    9901  0.17412E-006
    9902  0.17416E-006
    9903  0.17423E-006
    9904  0.17432E-006
    9905  0.17444E-006
    9906  0.17457E-006
    9907  0.17472E-006
    9908  0.17489E-006
    9909  0.17506E-006
    9910  0.17523E-006
    9911  0.17542E-006
    9912  0.17560E-006
    9913  0.17579E-006
    9914  0.17598E-006
    9915  0.17618E-006
    9916  0.17637E-006
    9917  0.17657E-006
    9918  0.17676E-006
    9919  0.17696E-006
    9920  0.17716E-006
    9921  0.17735E-006
    9922  0.17755E-006
    9923  0.17775E-006
    9924  0.17795E-006
    9925  0.17815E-006
    9926  0.17835E-006
    9927  0.17856E-006
    9928  0.17876E-006
    9929  0.17896E-006
    9930  0.17917E-006
    9931  0.17937E-006
    9932  0.17957E-006
    9933  0.17978E-006
    9934  0.17999E-006
    9935  0.18019E-006
    9936  0.17079E-006
    9937  0.17096E-006
    9938  0.17123E-006
    9939  0.17155E-006
    9940  0.17191E-006
    9941  0.17230E-006
    9942  0.17269E-006
    9943  0.17310E-006
    9944  0.17350E-006
    9945  0.17391E-006
    9946  0.17432E-006
    9947  0.17474E-006
    9948  0.17515E-006
    9949  0.17557E-006
    9950  0.17599E-006
    9951  0.17642E-006
    9952  0.17684E-006
    9953  0.16737E-006
    9954  0.16742E-006
    9955  0.16750E-006
    9956  0.16760E-006
    9957  0.16772E-006
    9958  0.16787E-006
    9959  0.16803E-006
    9960  0.16821E-006
    9961  0.16839E-006
    9962  0.16859E-006
    9963  0.16878E-006
    9964  0.16899E-006
    9965  0.16919E-006
    9966  0.16940E-006
    9967  0.16960E-006
    9968  0.16981E-006
    9969  0.17002E-006
    9970  0.17024E-006
    9971  0.17045E-006
    9972  0.17066E-006
    9973  0.17087E-006
    9974  0.17109E-006
    9975  0.17130E-006
    9976  0.17152E-006
    9977  0.17173E-006
    9978  0.17195E-006
    9979  0.17216E-006
    9980  0.17238E-006
    9981  0.17260E-006
    9982  0.17282E-006
    9983  0.17304E-006
    9984  0.17326E-006
    9985  0.17348E-006
    9986  0.17370E-006
    9987  0.17392E-006
    9988  0.16404E-006
    9989  0.16423E-006
    9990  0.16451E-006
    9991  0.16486E-006
    9992  0.16525E-006
    9993  0.16567E-006
    9994  0.16609E-006
    9995  0.16653E-006
    9996  0.16697E-006
    9997  0.16741E-006
    9998  0.16785E-006
    9999  0.16829E-006
   10000  0.16874E-006
   10001  0.16919E-006
   10002  0.16964E-006
   10003  0.17010E-006
   10004  0.17055E-006
   10005  0.16060E-006
   10006  0.16065E-006
   10007  0.16074E-006
   10008  0.16085E-006
   10009  0.16098E-006
   10010  0.16114E-006
   10011  0.16132E-006
   10012  0.16150E-006
   10013  0.16170E-006
   10014  0.16191E-006
   10015  0.16213E-006
   10016  0.16234E-006
   10017  0.16257E-006
   10018  0.16279E-006
   10019  0.16301E-006
   10020  0.16324E-006
   10021  0.16346E-006
   10022  0.16369E-006
   10023  0.16392E-006
   10024  0.16415E-006
   10025  0.16438E-006
   10026  0.16461E-006
   10027  0.16484E-006
   10028  0.16507E-006
   10029  0.16530E-006
   10030  0.16553E-006
   10031  0.16576E-006
   10032  0.16600E-006
   10033  0.16623E-006
   10034  0.16646E-006
   10035  0.16670E-006
   10036  0.16693E-006
   10037  0.16717E-006
   10038  0.16740E-006
   10039  0.16764E-006
   10040  0.15726E-006
   10041  0.15746E-006
   10042  0.15777E-006
   10043  0.15815E-006
   10044  0.15857E-006
   10045  0.15902E-006
   10046  0.15948E-006
   10047  0.15995E-006
   10048  0.16042E-006
   10049  0.16089E-006
   10050  0.16136E-006
   10051  0.16184E-006
   10052  0.16232E-006
   10053  0.16280E-006
   10054  0.16329E-006
   10055  0.16377E-006
   10056  0.16426E-006
   10057  0.15381E-006
   10058  0.15387E-006
   10059  0.15395E-006
   10060  0.15407E-006
   10061  0.15422E-006
   10062  0.15439E-006
   10063  0.15458E-006
   10064  0.15478E-006
   10065  0.15500E-006
   10066  0.15522E-006
   10067  0.15545E-006
   10068  0.15569E-006
   10069  0.15593E-006
   10070  0.15617E-006
   10071  0.15641E-006
   10072  0.15665E-006
   10073  0.15689E-006
   10074  0.15714E-006
   10075  0.15738E-006
   10076  0.15763E-006
   10077  0.15787E-006
   10078  0.15812E-006
   10079  0.15837E-006
   10080  0.15861E-006
   10081  0.15886E-006
   10082  0.15911E-006
   10083  0.15936E-006
   10084  0.15961E-006
   10085  0.15986E-006
   10086  0.16011E-006
   10087  0.16036E-006
   10088  0.16061E-006
   10089  0.16086E-006
   10090  0.16111E-006
   10091  0.16137E-006
   10092  0.15047E-006
   10093  0.15068E-006
   10094  0.15101E-006
   10095  0.15142E-006
   10096  0.15188E-006
   10097  0.15236E-006
   10098  0.15285E-006
   10099  0.15336E-006
   10100  0.15386E-006
   10101  0.15437E-006
   10102  0.15488E-006
   10103  0.15539E-006
   10104  0.15590E-006
   10105  0.15641E-006
   10106  0.15693E-006
   10107  0.15745E-006
   10108  0.15797E-006
   10109  0.14701E-006
   10110  0.14706E-006
   10111  0.14716E-006
   10112  0.14729E-006
   10113  0.14745E-006
   10114  0.14763E-006
   10115  0.14783E-006
   10116  0.14805E-006
   10117  0.14828E-006
   10118  0.14853E-006
   10119  0.14877E-006
   10120  0.14903E-006
   10121  0.14928E-006
   10122  0.14954E-006
   10123  0.14980E-006
   10124  0.15006E-006
   10125  0.15032E-006
   10126  0.15058E-006
   10127  0.15084E-006
   10128  0.15111E-006
   10129  0.15137E-006
   10130  0.15163E-006
   10131  0.15190E-006
   10132  0.15216E-006
   10133  0.15243E-006
   10134  0.15269E-006
   10135  0.15296E-006
   10136  0.15322E-006
   10137  0.15349E-006
   10138  0.15376E-006
   10139  0.15402E-006
   10140  0.15429E-006
   10141  0.15456E-006
   10142  0.15483E-006
   10143  0.15510E-006
   10144  0.14366E-006
   10145  0.14389E-006
   10146  0.14425E-006
   10147  0.14469E-006
   10148  0.14518E-006
   10149  0.14570E-006
   10150  0.14623E-006
   10151  0.14676E-006
   10152  0.14731E-006
   10153  0.14785E-006
   10154  0.14839E-006
   10155  0.14894E-006
   10156  0.14949E-006
   10157  0.15004E-006
   10158  0.15059E-006
   10159  0.15114E-006
   10160  0.15169E-006
   10161  0.14019E-006
   10162  0.14026E-006
   10163  0.14036E-006
   10164  0.14050E-006
   10165  0.14067E-006
   10166  0.14087E-006
   10167  0.14108E-006
   10168  0.14132E-006
   10169  0.14157E-006
   10170  0.14183E-006
   10171  0.14209E-006
   10172  0.14237E-006
   10173  0.14264E-006
   10174  0.14292E-006
   10175  0.14319E-006
   10176  0.14347E-006
   10177  0.14375E-006
   10178  0.14403E-006
   10179  0.14431E-006
   10180  0.14459E-006
   10181  0.14487E-006
   10182  0.14516E-006
   10183  0.14544E-006
   10184  0.14572E-006
   10185  0.14600E-006
   10186  0.14629E-006
   10187  0.14657E-006
   10188  0.14685E-006
   10189  0.14714E-006
   10190  0.14742E-006
   10191  0.14771E-006
   10192  0.14799E-006
   10193  0.14828E-006
   10194  0.14856E-006
   10195  0.14885E-006
   10196  0.13686E-006
   10197  0.13710E-006
   10198  0.13749E-006
   10199  0.13796E-006
   10200  0.13848E-006
   10201  0.13904E-006
   10202  0.13961E-006
   10203  0.14018E-006
   10204  0.14076E-006
   10205  0.14134E-006
   10206  0.14192E-006
   10207  0.14251E-006
   10208  0.14309E-006
   10209  0.14368E-006
   10210  0.14426E-006
   10211  0.14485E-006
   10212  0.14544E-006
   10213  0.13339E-006
   10214  0.13346E-006
   10215  0.13357E-006
   10216  0.13371E-006
   10217  0.13390E-006
   10218  0.13411E-006
   10219  0.13434E-006
   10220  0.13460E-006
   10221  0.13486E-006
   10222  0.13514E-006
   10223  0.13543E-006
   10224  0.13572E-006
   10225  0.13601E-006
   10226  0.13630E-006
   10227  0.13660E-006
   10228  0.13690E-006
   10229  0.13720E-006
   10230  0.13750E-006
   10231  0.13780E-006
   10232  0.13810E-006
   10233  0.13840E-006
   10234  0.13870E-006
   10235  0.13900E-006
   10236  0.13930E-006
   10237  0.13960E-006
   10238  0.13990E-006
   10239  0.14020E-006
   10240  0.14050E-006
   10241  0.14081E-006
   10242  0.14111E-006
   10243  0.14141E-006
   10244  0.14171E-006
   10245  0.14202E-006
   10246  0.14232E-006
   10247  0.14263E-006
   10248  0.13006E-006
   10249  0.13033E-006
   10250  0.13073E-006
   10251  0.13124E-006
   10252  0.13180E-006
   10253  0.13240E-006
   10254  0.13301E-006
   10255  0.13362E-006
   10256  0.13424E-006
   10257  0.13486E-006
   10258  0.13548E-006
   10259  0.13610E-006
   10260  0.13672E-006
   10261  0.13734E-006
   10262  0.13796E-006
   10263  0.13859E-006
   10264  0.13921E-006
   10265  0.12660E-006
   10266  0.12667E-006
   10267  0.12679E-006
   10268  0.12695E-006
   10269  0.12714E-006
   10270  0.12737E-006
   10271  0.12762E-006
   10272  0.12789E-006
   10273  0.12817E-006
   10274  0.12847E-006
   10275  0.12878E-006
   10276  0.12909E-006
   10277  0.12940E-006
   10278  0.12971E-006
   10279  0.13003E-006
   10280  0.13035E-006
   10281  0.13067E-006
   10282  0.13099E-006
   10283  0.13131E-006
   10284  0.13163E-006
   10285  0.13195E-006
   10286  0.13226E-006
   10287  0.13258E-006
   10288  0.13291E-006
   10289  0.13323E-006
   10290  0.13355E-006
   10291  0.13387E-006
   10292  0.13419E-006
   10293  0.13451E-006
   10294  0.13483E-006
   10295  0.13515E-006
   10296  0.13547E-006
   10297  0.13579E-006
   10298  0.13612E-006
   10299  0.13644E-006
   10300  0.12328E-006
   10301  0.12357E-006
   10302  0.12401E-006
   10303  0.12455E-006
   10304  0.12515E-006
   10305  0.12578E-006
   10306  0.12643E-006
   10307  0.12709E-006
   10308  0.12774E-006
   10309  0.12840E-006
   10310  0.12906E-006
   10311  0.12972E-006
   10312  0.13038E-006
   10313  0.13104E-006
   10314  0.13170E-006
   10315  0.13237E-006
   10316  0.13303E-006
   10317  0.11983E-006
   10318  0.11991E-006
   10319  0.12003E-006
   10320  0.12020E-006
   10321  0.12041E-006
   10322  0.12065E-006
   10323  0.12092E-006
   10324  0.12121E-006
   10325  0.12152E-006
   10326  0.12183E-006
   10327  0.12216E-006
   10328  0.12249E-006
   10329  0.12282E-006
   10330  0.12316E-006
   10331  0.12349E-006
   10332  0.12383E-006
   10333  0.12417E-006
   10334  0.12451E-006
   10335  0.12485E-006
   10336  0.12519E-006
   10337  0.12553E-006
   10338  0.12587E-006
   10339  0.12621E-006
   10340  0.12655E-006
   10341  0.12689E-006
   10342  0.12723E-006
   10343  0.12757E-006
   10344  0.12791E-006
   10345  0.12825E-006
   10346  0.12859E-006
   10347  0.12893E-006
   10348  0.12927E-006
   10349  0.12961E-006
   10350  0.12995E-006
   10351  0.13029E-006
   10352  0.11654E-006
   10353  0.11685E-006
   10354  0.11731E-006
   10355  0.11789E-006
   10356  0.11853E-006
   10357  0.11920E-006
   10358  0.11989E-006
   10359  0.12059E-006
   10360  0.12129E-006
   10361  0.12199E-006
   10362  0.12269E-006
   10363  0.12339E-006
   10364  0.12409E-006
   10365  0.12479E-006
   10366  0.12549E-006
   10367  0.12619E-006
   10368  0.12689E-006
   10369  0.11310E-006
   10370  0.11319E-006
   10371  0.11332E-006
   10372  0.11350E-006
   10373  0.11372E-006
   10374  0.11398E-006
   10375  0.11427E-006
   10376  0.11457E-006
   10377  0.11490E-006
   10378  0.11524E-006
   10379  0.11558E-006
   10380  0.11593E-006
   10381  0.11629E-006
   10382  0.11664E-006
   10383  0.11700E-006
   10384  0.11736E-006
   10385  0.11772E-006
   10386  0.11808E-006
   10387  0.11844E-006
   10388  0.11880E-006
   10389  0.11916E-006
   10390  0.11952E-006
   10391  0.11988E-006
   10392  0.12025E-006
   10393  0.12061E-006
   10394  0.12097E-006
   10395  0.12133E-006
   10396  0.12169E-006
   10397  0.12205E-006
   10398  0.12241E-006
   10399  0.12277E-006
   10400  0.12312E-006
   10401  0.12348E-006
   10402  0.12384E-006
   10403  0.12421E-006
   10404  0.10984E-006
   10405  0.11017E-006
   10406  0.11066E-006
   10407  0.11127E-006
   10408  0.11196E-006
   10409  0.11267E-006
   10410  0.11341E-006
   10411  0.11415E-006
   10412  0.11489E-006
   10413  0.11563E-006
   10414  0.11637E-006
   10415  0.11711E-006
   10416  0.11786E-006
   10417  0.11860E-006
   10418  0.11934E-006
   10419  0.12007E-006
   10420  0.12081E-006
   10421  0.10643E-006
   10422  0.10651E-006
   10423  0.10666E-006
   10424  0.10685E-006
   10425  0.10709E-006
   10426  0.10736E-006
   10427  0.10766E-006
   10428  0.10799E-006
   10429  0.10833E-006
   10430  0.10869E-006
   10431  0.10906E-006
   10432  0.10943E-006
   10433  0.10981E-006
   10434  0.11019E-006
   10435  0.11057E-006
   10436  0.11095E-006
   10437  0.11133E-006
   10438  0.11171E-006
   10439  0.11209E-006
   10440  0.11248E-006
   10441  0.11286E-006
   10442  0.11324E-006
   10443  0.11362E-006
   10444  0.11400E-006
   10445  0.11438E-006
   10446  0.11476E-006
   10447  0.11514E-006
   10448  0.11552E-006
   10449  0.11590E-006
   10450  0.11628E-006
   10451  0.11666E-006
   10452  0.11704E-006
   10453  0.11742E-006
   10454  0.11780E-006
   10455  0.11818E-006
   10456  0.10320E-006
   10457  0.10355E-006
   10458  0.10407E-006
   10459  0.10472E-006
   10460  0.10544E-006
   10461  0.10621E-006
   10462  0.10698E-006
   10463  0.10777E-006
   10464  0.10855E-006
   10465  0.10934E-006
   10466  0.11012E-006
   10467  0.11091E-006
   10468  0.11169E-006
   10469  0.11247E-006
   10470  0.11325E-006
   10471  0.11403E-006
   10472  0.11481E-006
   10473  0.99813E-007
   10474  0.99906E-007
   10475  0.10006E-006
   10476  0.10026E-006
   10477  0.10051E-006
   10478  0.10080E-006
   10479  0.10112E-006
   10480  0.10147E-006
   10481  0.10184E-006
   10482  0.10221E-006
   10483  0.10260E-006
   10484  0.10300E-006
   10485  0.10340E-006
   10486  0.10380E-006
   10487  0.10420E-006
   10488  0.10460E-006
   10489  0.10501E-006
   10490  0.10541E-006
   10491  0.10582E-006
   10492  0.10622E-006
   10493  0.10662E-006
   10494  0.10702E-006
   10495  0.10743E-006
   10496  0.10783E-006
   10497  0.10823E-006
   10498  0.10863E-006
   10499  0.10903E-006
   10500  0.10944E-006
   10501  0.10984E-006
   10502  0.11024E-006
   10503  0.11064E-006
   10504  0.11104E-006
   10505  0.11144E-006
   10506  0.11184E-006
   10507  0.11224E-006
   10508  0.96630E-007
   10509  0.96995E-007
   10510  0.97552E-007
   10511  0.98240E-007
   10512  0.99006E-007
   10513  0.99811E-007
   10514  0.10063E-006
   10515  0.10146E-006
   10516  0.10229E-006
   10517  0.10312E-006
   10518  0.10395E-006
   10519  0.10478E-006
   10520  0.10560E-006
   10521  0.10642E-006
   10522  0.10725E-006
   10523  0.10807E-006
   10524  0.10889E-006
   10525  0.93277E-007
   10526  0.93375E-007
   10527  0.93536E-007
   10528  0.93751E-007
   10529  0.94017E-007
   10530  0.94323E-007
   10531  0.94664E-007
   10532  0.95031E-007
   10533  0.95417E-007
   10534  0.95818E-007
   10535  0.96229E-007
   10536  0.96646E-007
   10537  0.97068E-007
   10538  0.97492E-007
   10539  0.97917E-007
   10540  0.98343E-007
   10541  0.98769E-007
   10542  0.99195E-007
   10543  0.99621E-007
   10544  0.10005E-006
   10545  0.10047E-006
   10546  0.10090E-006
   10547  0.10132E-006
   10548  0.10174E-006
   10549  0.10217E-006
   10550  0.10259E-006
   10551  0.10301E-006
   10552  0.10343E-006
   10553  0.10386E-006
   10554  0.10428E-006
   10555  0.10470E-006
   10556  0.10512E-006
   10557  0.10554E-006
   10558  0.10596E-006
   10559  0.10638E-006
   10560  0.90144E-007
   10561  0.90530E-007
   10562  0.91118E-007
   10563  0.91845E-007
   10564  0.92654E-007
   10565  0.93505E-007
   10566  0.94374E-007
   10567  0.95248E-007
   10568  0.96122E-007
   10569  0.96996E-007
   10570  0.97867E-007
   10571  0.98737E-007
   10572  0.99605E-007
   10573  0.10047E-006
   10574  0.10133E-006
   10575  0.10220E-006
   10576  0.10306E-006
   10577  0.86834E-007
   10578  0.86937E-007
   10579  0.87107E-007
   10580  0.87334E-007
   10581  0.87615E-007
   10582  0.87938E-007
   10583  0.88298E-007
   10584  0.88685E-007
   10585  0.89093E-007
   10586  0.89516E-007
   10587  0.89949E-007
   10588  0.90390E-007
   10589  0.90834E-007
   10590  0.91281E-007
   10591  0.91729E-007
   10592  0.92178E-007
   10593  0.92627E-007
   10594  0.93075E-007
   10595  0.93524E-007
   10596  0.93971E-007
   10597  0.94418E-007
   10598  0.94865E-007
   10599  0.95311E-007
   10600  0.95757E-007
   10601  0.96202E-007
   10602  0.96646E-007
   10603  0.97090E-007
   10604  0.97533E-007
   10605  0.97976E-007
   10606  0.98419E-007
   10607  0.98860E-007
   10608  0.99302E-007
   10609  0.99743E-007
   10610  0.10018E-006
   10611  0.10063E-006
   10612  0.83758E-007
   10613  0.84165E-007
   10614  0.84785E-007
   10615  0.85552E-007
   10616  0.86405E-007
   10617  0.87301E-007
   10618  0.88216E-007
   10619  0.89136E-007
   10620  0.90056E-007
   10621  0.90975E-007
   10622  0.91891E-007
   10623  0.92804E-007
   10624  0.93715E-007
   10625  0.94624E-007
   10626  0.95531E-007
   10627  0.96435E-007
   10628  0.97337E-007
   10629  0.80498E-007
   10630  0.80607E-007
   10631  0.80785E-007
   10632  0.81025E-007
   10633  0.81320E-007
   10634  0.81662E-007
   10635  0.82040E-007
   10636  0.82448E-007
   10637  0.82877E-007
   10638  0.83323E-007
   10639  0.83779E-007
   10640  0.84242E-007
   10641  0.84710E-007
   10642  0.85180E-007
   10643  0.85651E-007
   10644  0.86123E-007
   10645  0.86595E-007
   10646  0.87066E-007
   10647  0.87537E-007
   10648  0.88007E-007
   10649  0.88477E-007
   10650  0.88946E-007
   10651  0.89414E-007
   10652  0.89882E-007
   10653  0.90348E-007
   10654  0.90815E-007
   10655  0.91280E-007
   10656  0.91745E-007
   10657  0.92209E-007
   10658  0.92672E-007
   10659  0.93135E-007
   10660  0.93598E-007
   10661  0.94059E-007
   10662  0.94521E-007
   10663  0.94982E-007
   10664  0.77487E-007
   10665  0.77916E-007
   10666  0.78569E-007
   10667  0.79375E-007
   10668  0.80272E-007
   10669  0.81214E-007
   10670  0.82176E-007
   10671  0.83142E-007
   10672  0.84108E-007
   10673  0.85072E-007
   10674  0.86033E-007
   10675  0.86990E-007
   10676  0.87945E-007
   10677  0.88897E-007
   10678  0.89846E-007
   10679  0.90793E-007
   10680  0.91737E-007
   10681  0.74285E-007
   10682  0.74400E-007
   10683  0.74587E-007
   10684  0.74840E-007
   10685  0.75150E-007
   10686  0.75508E-007
   10687  0.75906E-007
   10688  0.76335E-007
   10689  0.76786E-007
   10690  0.77254E-007
   10691  0.77733E-007
   10692  0.78220E-007
   10693  0.78710E-007
   10694  0.79204E-007
   10695  0.79698E-007
   10696  0.80194E-007
   10697  0.80688E-007
   10698  0.81183E-007
   10699  0.81676E-007
   10700  0.82169E-007
   10701  0.82661E-007
   10702  0.83153E-007
   10703  0.83643E-007
   10704  0.84133E-007
   10705  0.84621E-007
   10706  0.85109E-007
   10707  0.85597E-007
   10708  0.86083E-007
   10709  0.86568E-007
   10710  0.87053E-007
   10711  0.87537E-007
   10712  0.88021E-007
   10713  0.88504E-007
   10714  0.88987E-007
   10715  0.89470E-007
   10716  0.71347E-007
   10717  0.71798E-007
   10718  0.72483E-007
   10719  0.73330E-007
   10720  0.74271E-007
   10721  0.75260E-007
   10722  0.76267E-007
   10723  0.77280E-007
   10724  0.78292E-007
   10725  0.79302E-007
   10726  0.80307E-007
   10727  0.81310E-007
   10728  0.82308E-007
   10729  0.83304E-007
   10730  0.84295E-007
   10731  0.85284E-007
   10732  0.86270E-007
   10733  0.68212E-007
   10734  0.68332E-007
   10735  0.68529E-007
   10736  0.68793E-007
   10737  0.69119E-007
   10738  0.69495E-007
   10739  0.69912E-007
   10740  0.70361E-007
   10741  0.70834E-007
   10742  0.71325E-007
   10743  0.71826E-007
   10744  0.72336E-007
   10745  0.72850E-007
   10746  0.73367E-007
   10747  0.73885E-007
   10748  0.74403E-007
   10749  0.74921E-007
   10750  0.75439E-007
   10751  0.75955E-007
   10752  0.76471E-007
   10753  0.76985E-007
   10754  0.77499E-007
   10755  0.78012E-007
   10756  0.78523E-007
   10757  0.79034E-007
   10758  0.79544E-007
   10759  0.80053E-007
   10760  0.80561E-007
   10761  0.81067E-007
   10762  0.81573E-007
   10763  0.82079E-007
   10764  0.82583E-007
   10765  0.83086E-007
   10766  0.83589E-007
   10767  0.84092E-007
   10768  0.65355E-007
   10769  0.65827E-007
   10770  0.66545E-007
   10771  0.67431E-007
   10772  0.68417E-007
   10773  0.69452E-007
   10774  0.70506E-007
   10775  0.71565E-007
   10776  0.72623E-007
   10777  0.73678E-007
   10778  0.74729E-007
   10779  0.75775E-007
   10780  0.76817E-007
   10781  0.77856E-007
   10782  0.78890E-007
   10783  0.79920E-007
   10784  0.80948E-007
   10785  0.62294E-007
   10786  0.62420E-007
   10787  0.62626E-007
   10788  0.62902E-007
   10789  0.63243E-007
   10790  0.63636E-007
   10791  0.64072E-007
   10792  0.64543E-007
   10793  0.65037E-007
   10794  0.65550E-007
   10795  0.66075E-007
   10796  0.66608E-007
   10797  0.67145E-007
   10798  0.67685E-007
   10799  0.68226E-007
   10800  0.68768E-007
   10801  0.69308E-007
   10802  0.69849E-007
   10803  0.70388E-007
   10804  0.70926E-007
   10805  0.71463E-007
   10806  0.71999E-007
   10807  0.72533E-007
   10808  0.73067E-007
   10809  0.73600E-007
   10810  0.74131E-007
   10811  0.74661E-007
   10812  0.75191E-007
   10813  0.75719E-007
   10814  0.76246E-007
   10815  0.76772E-007
   10816  0.77297E-007
   10817  0.77822E-007
   10818  0.78346E-007
   10819  0.78870E-007
   10820  0.59527E-007
   10821  0.60020E-007
   10822  0.60770E-007
   10823  0.61697E-007
   10824  0.62726E-007
   10825  0.63807E-007
   10826  0.64907E-007
   10827  0.66012E-007
   10828  0.67116E-007
   10829  0.68216E-007
   10830  0.69311E-007
   10831  0.70401E-007
   10832  0.71486E-007
   10833  0.72567E-007
   10834  0.73644E-007
   10835  0.74716E-007
   10836  0.75784E-007
   10837  0.56548E-007
   10838  0.56679E-007
   10839  0.56894E-007
   10840  0.57184E-007
   10841  0.57539E-007
   10842  0.57950E-007
   10843  0.58405E-007
   10844  0.58895E-007
   10845  0.59411E-007
   10846  0.59947E-007
   10847  0.60494E-007
   10848  0.61050E-007
   10849  0.61610E-007
   10850  0.62173E-007
   10851  0.62737E-007
   10852  0.63302E-007
   10853  0.63865E-007
   10854  0.64428E-007
   10855  0.64989E-007
   10856  0.65550E-007
   10857  0.66109E-007
   10858  0.66667E-007
   10859  0.67223E-007
   10860  0.67779E-007
   10861  0.68333E-007
   10862  0.68886E-007
   10863  0.69437E-007
   10864  0.69987E-007
   10865  0.70537E-007
   10866  0.71085E-007
   10867  0.71631E-007
   10868  0.72177E-007
   10869  0.72722E-007
   10870  0.73265E-007
   10871  0.73809E-007
   10872  0.53879E-007
   10873  0.54394E-007
   10874  0.55176E-007
   10875  0.56141E-007
   10876  0.57214E-007
   10877  0.58340E-007
   10878  0.59486E-007
   10879  0.60637E-007
   10880  0.61786E-007
   10881  0.62930E-007
   10882  0.64069E-007
   10883  0.65202E-007
   10884  0.66330E-007
   10885  0.67453E-007
   10886  0.68571E-007
   10887  0.69684E-007
   10888  0.70793E-007
   10889  0.50992E-007
   10890  0.51128E-007
   10891  0.51352E-007
   10892  0.51653E-007
   10893  0.52024E-007
   10894  0.52451E-007
   10895  0.52925E-007
   10896  0.53436E-007
   10897  0.53973E-007
   10898  0.54530E-007
   10899  0.55100E-007
   10900  0.55679E-007
   10901  0.56262E-007
   10902  0.56847E-007
   10903  0.57434E-007
   10904  0.58021E-007
   10905  0.58607E-007
   10906  0.59192E-007
   10907  0.59775E-007
   10908  0.60358E-007
   10909  0.60939E-007
   10910  0.61518E-007
   10911  0.62096E-007
   10912  0.62673E-007
   10913  0.63248E-007
   10914  0.63822E-007
   10915  0.64395E-007
   10916  0.64966E-007
   10917  0.65536E-007
   10918  0.66104E-007
   10919  0.66672E-007
   10920  0.67238E-007
   10921  0.67802E-007
   10922  0.68367E-007
   10923  0.68931E-007
   10924  0.48429E-007
   10925  0.48964E-007
   10926  0.49778E-007
   10927  0.50782E-007
   10928  0.51898E-007
   10929  0.53068E-007
   10930  0.54259E-007
   10931  0.55455E-007
   10932  0.56648E-007
   10933  0.57835E-007
   10934  0.59017E-007
   10935  0.60193E-007
   10936  0.61363E-007
   10937  0.62528E-007
   10938  0.63686E-007
   10939  0.64839E-007
   10940  0.65988E-007
   10941  0.45641E-007
   10942  0.45783E-007
   10943  0.46016E-007
   10944  0.46329E-007
   10945  0.46714E-007
   10946  0.47158E-007
   10947  0.47650E-007
   10948  0.48181E-007
   10949  0.48739E-007
   10950  0.49318E-007
   10951  0.49909E-007
   10952  0.50510E-007
   10953  0.51115E-007
   10954  0.51723E-007
   10955  0.52332E-007
   10956  0.52941E-007
   10957  0.53549E-007
   10958  0.54155E-007
   10959  0.54761E-007
   10960  0.55365E-007
   10961  0.55967E-007
   10962  0.56568E-007
   10963  0.57167E-007
   10964  0.57764E-007
   10965  0.58361E-007
   10966  0.58955E-007
   10967  0.59548E-007
   10968  0.60140E-007
   10969  0.60730E-007
   10970  0.61318E-007
   10971  0.61905E-007
   10972  0.62491E-007
   10973  0.63075E-007
   10974  0.63659E-007
   10975  0.64241E-007
   10976  0.43193E-007
   10977  0.43749E-007
   10978  0.44593E-007
   10979  0.45635E-007
   10980  0.46793E-007
   10981  0.48007E-007
   10982  0.49242E-007
   10983  0.50481E-007
   10984  0.51717E-007
   10985  0.52947E-007
   10986  0.54171E-007
   10987  0.55389E-007
   10988  0.56600E-007
   10989  0.57804E-007
   10990  0.59002E-007
   10991  0.60195E-007
   10992  0.61382E-007
   10993  0.40514E-007
   10994  0.40661E-007
   10995  0.40902E-007
   10996  0.41227E-007
   10997  0.41626E-007
   10998  0.42086E-007
   10999  0.42597E-007
   11000  0.43147E-007
   11001  0.43725E-007
   11002  0.44325E-007
   11003  0.44937E-007
   11004  0.45560E-007
   11005  0.46187E-007
   11006  0.46817E-007
   11007  0.47447E-007
   11008  0.48077E-007
   11009  0.48706E-007
   11010  0.49334E-007
   11011  0.49961E-007
   11012  0.50586E-007
   11013  0.51209E-007
   11014  0.51830E-007
   11015  0.52450E-007
   11016  0.53068E-007
   11017  0.53684E-007
   11018  0.54299E-007
   11019  0.54912E-007
   11020  0.55523E-007
   11021  0.56132E-007
   11022  0.56741E-007
   11023  0.57347E-007
   11024  0.57952E-007
   11025  0.58556E-007
   11026  0.59159E-007
   11027  0.59762E-007
   11028  0.38189E-007
   11029  0.38764E-007
   11030  0.39638E-007
   11031  0.40717E-007
   11032  0.41915E-007
   11033  0.43172E-007
   11034  0.44450E-007
   11035  0.45731E-007
   11036  0.47009E-007
   11037  0.48281E-007
   11038  0.49546E-007
   11039  0.50803E-007
   11040  0.52054E-007
   11041  0.53298E-007
   11042  0.54535E-007
   11043  0.55765E-007
   11044  0.56990E-007
   11045  0.35626E-007
   11046  0.35778E-007
   11047  0.36028E-007
   11048  0.36363E-007
   11049  0.36776E-007
   11050  0.37252E-007
   11051  0.37780E-007
   11052  0.38349E-007
   11053  0.38947E-007
   11054  0.39567E-007
   11055  0.40200E-007
   11056  0.40844E-007
   11057  0.41491E-007
   11058  0.42142E-007
   11059  0.42794E-007
   11060  0.43445E-007
   11061  0.44095E-007
   11062  0.44743E-007
   11063  0.45390E-007
   11064  0.46035E-007
   11065  0.46679E-007
   11066  0.47320E-007
   11067  0.47960E-007
   11068  0.48597E-007
   11069  0.49233E-007
   11070  0.49867E-007
   11071  0.50500E-007
   11072  0.51130E-007
   11073  0.51759E-007
   11074  0.52386E-007
   11075  0.53011E-007
   11076  0.53635E-007
   11077  0.54257E-007
   11078  0.54877E-007
   11079  0.55498E-007
   11080  0.33431E-007
   11081  0.34026E-007
   11082  0.34929E-007
   11083  0.36043E-007
   11084  0.37281E-007
   11085  0.38578E-007
   11086  0.39897E-007
   11087  0.41220E-007
   11088  0.42538E-007
   11089  0.43850E-007
   11090  0.45154E-007
   11091  0.46451E-007
   11092  0.47740E-007
   11093  0.49021E-007
   11094  0.50295E-007
   11095  0.51562E-007
   11096  0.52824E-007
   11097  0.30993E-007
   11098  0.31150E-007
   11099  0.31407E-007
   11100  0.31754E-007
   11101  0.32179E-007
   11102  0.32671E-007
   11103  0.33216E-007
   11104  0.33803E-007
   11105  0.34420E-007
   11106  0.35059E-007
   11107  0.35712E-007
   11108  0.36376E-007
   11109  0.37044E-007
   11110  0.37715E-007
   11111  0.38386E-007
   11112  0.39058E-007
   11113  0.39728E-007
   11114  0.40396E-007
   11115  0.41062E-007
   11116  0.41727E-007
   11117  0.42390E-007
   11118  0.43050E-007
   11119  0.43709E-007
   11120  0.44366E-007
   11121  0.45020E-007
   11122  0.45673E-007
   11123  0.46324E-007
   11124  0.46973E-007
   11125  0.47620E-007
   11126  0.48265E-007
   11127  0.48908E-007
   11128  0.49550E-007
   11129  0.50190E-007
   11130  0.50829E-007
   11131  0.51467E-007
   11132  0.28936E-007
   11133  0.29549E-007
   11134  0.30480E-007
   11135  0.31629E-007
   11136  0.32904E-007
   11137  0.34240E-007
   11138  0.35598E-007
   11139  0.36960E-007
   11140  0.38318E-007
   11141  0.39668E-007
   11142  0.41010E-007
   11143  0.42343E-007
   11144  0.43669E-007
   11145  0.44986E-007
   11146  0.46296E-007
   11147  0.47598E-007
   11148  0.48893E-007
   11149  0.26630E-007
   11150  0.26792E-007
   11151  0.27057E-007
   11152  0.27414E-007
   11153  0.27852E-007
   11154  0.28358E-007
   11155  0.28919E-007
   11156  0.29523E-007
   11157  0.30158E-007
   11158  0.30816E-007
   11159  0.31489E-007
   11160  0.32171E-007
   11161  0.32858E-007
   11162  0.33549E-007
   11163  0.34239E-007
   11164  0.34930E-007
   11165  0.35618E-007
   11166  0.36306E-007
   11167  0.36991E-007
   11168  0.37674E-007
   11169  0.38355E-007
   11170  0.39034E-007
   11171  0.39711E-007
   11172  0.40385E-007
   11173  0.41058E-007
   11174  0.41728E-007
   11175  0.42397E-007
   11176  0.43063E-007
   11177  0.43727E-007
   11178  0.44389E-007
   11179  0.45050E-007
   11180  0.45708E-007
   11181  0.46364E-007
   11182  0.47019E-007
   11183  0.47673E-007
   11184  0.24719E-007
   11185  0.25350E-007
   11186  0.26307E-007
   11187  0.27488E-007
   11188  0.28799E-007
   11189  0.30172E-007
   11190  0.31568E-007
   11191  0.32967E-007
   11192  0.34361E-007
   11193  0.35748E-007
   11194  0.37125E-007
   11195  0.38494E-007
   11196  0.39854E-007
   11197  0.41205E-007
   11198  0.42548E-007
   11199  0.43883E-007
   11200  0.45211E-007
   11201  0.22554E-007
   11202  0.22720E-007
   11203  0.22993E-007
   11204  0.23359E-007
   11205  0.23809E-007
   11206  0.24329E-007
   11207  0.24905E-007
   11208  0.25525E-007
   11209  0.26177E-007
   11210  0.26853E-007
   11211  0.27543E-007
   11212  0.28244E-007
   11213  0.28949E-007
   11214  0.29658E-007
   11215  0.30366E-007
   11216  0.31075E-007
   11217  0.31782E-007
   11218  0.32487E-007
   11219  0.33189E-007
   11220  0.33890E-007
   11221  0.34588E-007
   11222  0.35285E-007
   11223  0.35978E-007
   11224  0.36670E-007
   11225  0.37359E-007
   11226  0.38046E-007
   11227  0.38731E-007
   11228  0.39414E-007
   11229  0.40095E-007
   11230  0.40773E-007
   11231  0.41449E-007
   11232  0.42124E-007
   11233  0.42796E-007
   11234  0.43468E-007
   11235  0.44140E-007
   11236  0.20796E-007
   11237  0.21443E-007
   11238  0.22425E-007
   11239  0.23636E-007
   11240  0.24980E-007
   11241  0.26389E-007
   11242  0.27820E-007
   11243  0.29254E-007
   11244  0.30683E-007
   11245  0.32103E-007
   11246  0.33514E-007
   11247  0.34916E-007
   11248  0.36309E-007
   11249  0.37692E-007
   11250  0.39067E-007
   11251  0.40433E-007
   11252  0.41792E-007
   11253  0.18778E-007
   11254  0.18948E-007
   11255  0.19228E-007
   11256  0.19603E-007
   11257  0.20064E-007
   11258  0.20597E-007
   11259  0.21187E-007
   11260  0.21823E-007
   11261  0.22491E-007
   11262  0.23183E-007
   11263  0.23890E-007
   11264  0.24608E-007
   11265  0.25330E-007
   11266  0.26056E-007
   11267  0.26782E-007
   11268  0.27507E-007
   11269  0.28230E-007
   11270  0.28952E-007
   11271  0.29672E-007
   11272  0.30389E-007
   11273  0.31104E-007
   11274  0.31816E-007
   11275  0.32526E-007
   11276  0.33233E-007
   11277  0.33939E-007
   11278  0.34642E-007
   11279  0.35342E-007
   11280  0.36040E-007
   11281  0.36736E-007
   11282  0.37430E-007
   11283  0.38121E-007
   11284  0.38811E-007
   11285  0.39498E-007
   11286  0.40183E-007
   11287  0.40868E-007
   11288  0.17180E-007
   11289  0.17842E-007
   11290  0.18847E-007
   11291  0.20087E-007
   11292  0.21462E-007
   11293  0.22903E-007
   11294  0.24368E-007
   11295  0.25835E-007
   11296  0.27296E-007
   11297  0.28748E-007
   11298  0.30191E-007
   11299  0.31623E-007
   11300  0.33046E-007
   11301  0.34460E-007
   11302  0.35864E-007
   11303  0.37260E-007
   11304  0.38647E-007
   11305  0.15317E-007
   11306  0.15491E-007
   11307  0.15777E-007
   11308  0.16160E-007
   11309  0.16632E-007
   11310  0.17177E-007
   11311  0.17780E-007
   11312  0.18430E-007
   11313  0.19112E-007
   11314  0.19820E-007
   11315  0.20543E-007
   11316  0.21276E-007
   11317  0.22015E-007
   11318  0.22756E-007
   11319  0.23498E-007
   11320  0.24239E-007
   11321  0.24978E-007
   11322  0.25715E-007
   11323  0.26450E-007
   11324  0.27182E-007
   11325  0.27912E-007
   11326  0.28640E-007
   11327  0.29365E-007
   11328  0.30087E-007
   11329  0.30807E-007
   11330  0.31524E-007
   11331  0.32240E-007
   11332  0.32952E-007
   11333  0.33663E-007
   11334  0.34370E-007
   11335  0.35076E-007
   11336  0.35780E-007
   11337  0.36481E-007
   11338  0.37180E-007
   11339  0.37879E-007
   11340  0.13885E-007
   11341  0.14561E-007
   11342  0.15587E-007
   11343  0.16853E-007
   11344  0.18258E-007
   11345  0.19729E-007
   11346  0.21223E-007
   11347  0.22720E-007
   11348  0.24211E-007
   11349  0.25693E-007
   11350  0.27164E-007
   11351  0.28626E-007
   11352  0.30077E-007
   11353  0.31518E-007
   11354  0.32950E-007
   11355  0.34372E-007
   11356  0.35786E-007
   11357  0.12184E-007
   11358  0.12361E-007
   11359  0.12653E-007
   11360  0.13044E-007
   11361  0.13525E-007
   11362  0.14080E-007
   11363  0.14696E-007
   11364  0.15358E-007
   11365  0.16055E-007
   11366  0.16776E-007
   11367  0.17513E-007
   11368  0.18261E-007
   11369  0.19014E-007
   11370  0.19770E-007
   11371  0.20526E-007
   11372  0.21281E-007
   11373  0.22035E-007
   11374  0.22786E-007
   11375  0.23535E-007
   11376  0.24281E-007
   11377  0.25025E-007
   11378  0.25766E-007
   11379  0.26504E-007
   11380  0.27240E-007
   11381  0.27974E-007
   11382  0.28704E-007
   11383  0.29433E-007
   11384  0.30158E-007
   11385  0.30882E-007
   11386  0.31602E-007
   11387  0.32321E-007
   11388  0.33037E-007
   11389  0.33751E-007
   11390  0.34462E-007
   11391  0.35173E-007
   11392  0.10923E-007
   11393  0.11612E-007
   11394  0.12658E-007
   11395  0.13947E-007
   11396  0.15378E-007
   11397  0.16876E-007
   11398  0.18398E-007
   11399  0.19923E-007
   11400  0.21440E-007
   11401  0.22948E-007
   11402  0.24446E-007
   11403  0.25933E-007
   11404  0.27409E-007
   11405  0.28875E-007
   11406  0.30331E-007
   11407  0.31777E-007
   11408  0.33215E-007
   11409  0.93898E-008
   11410  0.95706E-008
   11411  0.98671E-008
   11412  0.10265E-007
   11413  0.10755E-007
   11414  0.11320E-007
   11415  0.11946E-007
   11416  0.12621E-007
   11417  0.13329E-007
   11418  0.14063E-007
   11419  0.14813E-007
   11420  0.15574E-007
   11421  0.16340E-007
   11422  0.17109E-007
   11423  0.17877E-007
   11424  0.18646E-007
   11425  0.19412E-007
   11426  0.20176E-007
   11427  0.20937E-007
   11428  0.21696E-007
   11429  0.22452E-007
   11430  0.23205E-007
   11431  0.23956E-007
   11432  0.24704E-007
   11433  0.25449E-007
   11434  0.26192E-007
   11435  0.26932E-007
   11436  0.27669E-007
   11437  0.28404E-007
   11438  0.29137E-007
   11439  0.29867E-007
   11440  0.30594E-007
   11441  0.31320E-007
   11442  0.32044E-007
   11443  0.32768E-007
   11444  0.83058E-008
   11445  0.90061E-008
   11446  0.10069E-007
   11447  0.11380E-007
   11448  0.12834E-007
   11449  0.14356E-007
   11450  0.15903E-007
   11451  0.17451E-007
   11452  0.18993E-007
   11453  0.20525E-007
   11454  0.22046E-007
   11455  0.23556E-007
   11456  0.25055E-007
   11457  0.26543E-007
   11458  0.28021E-007
   11459  0.29489E-007
   11460  0.30949E-007
   11461  0.69459E-008
   11462  0.71295E-008
   11463  0.74305E-008
   11464  0.78350E-008
   11465  0.83320E-008
   11466  0.89057E-008
   11467  0.95415E-008
   11468  0.10226E-007
   11469  0.10945E-007
   11470  0.11691E-007
   11471  0.12452E-007
   11472  0.13224E-007
   11473  0.14001E-007
   11474  0.14782E-007
   11475  0.15562E-007
   11476  0.16341E-007
   11477  0.17119E-007
   11478  0.17894E-007
   11479  0.18666E-007
   11480  0.19436E-007
   11481  0.20203E-007
   11482  0.20968E-007
   11483  0.21729E-007
   11484  0.22488E-007
   11485  0.23244E-007
   11486  0.23997E-007
   11487  0.24748E-007
   11488  0.25496E-007
   11489  0.26241E-007
   11490  0.26984E-007
   11491  0.27724E-007
   11492  0.28462E-007
   11493  0.29198E-007
   11494  0.29931E-007
   11495  0.30664E-007
   11496  0.60430E-008
   11497  0.67532E-008
   11498  0.78312E-008
   11499  0.91602E-008
   11500  0.10635E-007
   11501  0.12178E-007
   11502  0.13746E-007
   11503  0.15316E-007
   11504  0.16879E-007
   11505  0.18431E-007
   11506  0.19972E-007
   11507  0.21502E-007
   11508  0.23021E-007
   11509  0.24529E-007
   11510  0.26026E-007
   11511  0.27513E-007
   11512  0.28992E-007
   11513  0.48613E-008
   11514  0.50473E-008
   11515  0.53522E-008
   11516  0.57619E-008
   11517  0.62653E-008
   11518  0.68465E-008
   11519  0.74904E-008
   11520  0.81836E-008
   11521  0.89121E-008
   11522  0.96669E-008
   11523  0.10438E-007
   11524  0.11220E-007
   11525  0.12007E-007
   11526  0.12797E-007
   11527  0.13587E-007
   11528  0.14376E-007
   11529  0.15163E-007
   11530  0.15948E-007
   11531  0.16730E-007
   11532  0.17509E-007
   11533  0.18286E-007
   11534  0.19060E-007
   11535  0.19830E-007
   11536  0.20598E-007
   11537  0.21363E-007
   11538  0.22126E-007
   11539  0.22885E-007
   11540  0.23642E-007
   11541  0.24396E-007
   11542  0.25148E-007
   11543  0.25897E-007
   11544  0.26644E-007
   11545  0.27387E-007
   11546  0.28130E-007
   11547  0.28871E-007
   11548  0.41434E-008
   11549  0.48619E-008
   11550  0.59526E-008
   11551  0.72971E-008
   11552  0.87885E-008
   11553  0.10350E-007
   11554  0.11936E-007
   11555  0.13523E-007
   11556  0.15103E-007
   11557  0.16673E-007
   11558  0.18231E-007
   11559  0.19778E-007
   11560  0.21313E-007
   11561  0.22837E-007
   11562  0.24350E-007
   11563  0.25853E-007
   11564  0.27346E-007
   11565  0.31443E-008
   11566  0.33322E-008
   11567  0.36403E-008
   11568  0.40543E-008
   11569  0.45630E-008
   11570  0.51503E-008
   11571  0.58010E-008
   11572  0.65015E-008
   11573  0.72375E-008
   11574  0.80003E-008
   11575  0.87790E-008
   11576  0.95692E-008
   11577  0.10364E-007
   11578  0.11163E-007
   11579  0.11961E-007
   11580  0.12758E-007
   11581  0.13553E-007
   11582  0.14345E-007
   11583  0.15135E-007
   11584  0.15922E-007
   11585  0.16707E-007
   11586  0.17488E-007
   11587  0.18266E-007
   11588  0.19041E-007
   11589  0.19814E-007
   11590  0.20584E-007
   11591  0.21350E-007
   11592  0.22114E-007
   11593  0.22876E-007
   11594  0.23634E-007
   11595  0.24390E-007
   11596  0.25143E-007
   11597  0.25893E-007
   11598  0.26642E-007
   11599  0.27389E-007
   11600  0.26146E-008
   11601  0.33398E-008
   11602  0.44406E-008
   11603  0.57977E-008
   11604  0.73029E-008
   11605  0.88786E-008
   11606  0.10479E-007
   11607  0.12081E-007
   11608  0.13675E-007
   11609  0.15258E-007
   11610  0.16830E-007
   11611  0.18390E-007
   11612  0.19938E-007
   11613  0.21475E-007
   11614  0.23001E-007
   11615  0.24516E-007
   11616  0.26022E-007
   11617  0.18016E-008
   11618  0.19911E-008
   11619  0.23017E-008
   11620  0.27191E-008
   11621  0.32320E-008
   11622  0.38241E-008
   11623  0.44801E-008
   11624  0.51863E-008
   11625  0.59283E-008
   11626  0.66972E-008
   11627  0.74822E-008
   11628  0.82787E-008
   11629  0.90802E-008
   11630  0.98847E-008
   11631  0.10689E-007
   11632  0.11493E-007
   11633  0.12294E-007
   11634  0.13093E-007
   11635  0.13889E-007
   11636  0.14682E-007
   11637  0.15472E-007
   11638  0.16259E-007
   11639  0.17043E-007
   11640  0.17824E-007
   11641  0.18603E-007
   11642  0.19378E-007
   11643  0.20151E-007
   11644  0.20920E-007
   11645  0.21687E-007
   11646  0.22451E-007
   11647  0.23213E-007
   11648  0.23972E-007
   11649  0.24728E-007
   11650  0.25482E-007
   11651  0.26236E-007
   11652  0.14626E-008
   11653  0.21929E-008
   11654  0.33014E-008
   11655  0.46680E-008
   11656  0.61836E-008
   11657  0.77702E-008
   11658  0.93812E-008
   11659  0.10994E-007
   11660  0.12599E-007
   11661  0.14193E-007
   11662  0.15775E-007
   11663  0.17345E-007
   11664  0.18903E-007
   11665  0.20450E-007
   11666  0.21985E-007
   11667  0.23509E-007
   11668  0.25024E-007
   11669  0.83878E-009
   11670  0.10294E-008
   11671  0.13418E-008
   11672  0.17617E-008
   11673  0.22776E-008
   11674  0.28731E-008
   11675  0.35329E-008
   11676  0.42432E-008
   11677  0.49895E-008
   11678  0.57628E-008
   11679  0.65523E-008
   11680  0.73534E-008
   11681  0.81595E-008
   11682  0.89686E-008
   11683  0.97775E-008
   11684  0.10586E-007
   11685  0.11391E-007
   11686  0.12195E-007
   11687  0.12995E-007
   11688  0.13793E-007
   11689  0.14587E-007
   11690  0.15379E-007
   11691  0.16167E-007
   11692  0.16953E-007
   11693  0.17735E-007
   11694  0.18515E-007
   11695  0.19291E-007
   11696  0.20065E-007
   11697  0.20836E-007
   11698  0.21604E-007
   11699  0.22369E-007
   11700  0.23131E-007
   11701  0.23890E-007
   11702  0.24648E-007
   11703  0.25404E-007
   11704  0.69203E-009
   11705  0.14258E-008
   11706  0.25395E-008
   11707  0.39124E-008
   11708  0.54351E-008
   11709  0.70289E-008
   11710  0.86474E-008
   11711  0.10268E-007
   11712  0.11880E-007
   11713  0.13481E-007
   11714  0.15070E-007
   11715  0.16647E-007
   11716  0.18212E-007
   11717  0.19765E-007
   11718  0.21307E-007
   11719  0.22838E-007
   11720  0.24358E-007
   11721  0.25955E-009
   11722  0.45081E-009
   11723  0.76434E-009
   11724  0.11857E-008
   11725  0.17034E-008
   11726  0.23010E-008
   11727  0.29631E-008
   11728  0.36759E-008
   11729  0.44248E-008
   11730  0.52008E-008
   11731  0.59931E-008
   11732  0.67970E-008
   11733  0.76058E-008
   11734  0.84177E-008
   11735  0.92294E-008
   11736  0.10040E-007
   11737  0.10849E-007
   11738  0.11655E-007
   11739  0.12458E-007
   11740  0.13258E-007
   11741  0.14055E-007
   11742  0.14849E-007
   11743  0.15641E-007
   11744  0.16429E-007
   11745  0.17214E-007
   11746  0.17996E-007
   11747  0.18775E-007
   11748  0.19551E-007
   11749  0.20325E-007
   11750  0.21095E-007
   11751  0.21863E-007
   11752  0.22629E-007
   11753  0.23390E-007
   11754  0.24150E-007
   11755  0.24910E-007
   11756  0.30601E-009
   11757  0.10415E-008
   11758  0.21578E-008
   11759  0.35339E-008
   11760  0.50602E-008
   11761  0.66577E-008
   11762  0.82799E-008
   11763  0.99037E-008
   11764  0.11520E-007
   11765  0.13124E-007
   11766  0.14717E-007
   11767  0.16298E-007
   11768  0.17866E-007
   11769  0.19423E-007
   11770  0.20968E-007
   11771  0.22502E-007
   11772  0.24026E-007
