       1  0.32457E-005
      20  0.33557E-006
      21  0.33589E-006
      22  0.33690E-006
      23  0.33863E-006
      24  0.34100E-006
      25  0.34410E-006
      26  0.34785E-006
      27  0.35222E-006
      28  0.35725E-006
      29  0.36298E-006
      30  0.36938E-006
      31  0.37634E-006
      32  0.38395E-006
      33  0.39227E-006
      34  0.40122E-006
      35  0.41072E-006
      36  0.42082E-006
      37  0.43159E-006
      38  0.44296E-006
      39  0.45486E-006
      40  0.46731E-006
      41  0.48039E-006
      42  0.49404E-006
      43  0.50818E-006
      44  0.52284E-006
      45  0.53808E-006
      46  0.55384E-006
      47  0.57004E-006
      48  0.58672E-006
      49  0.60393E-006
      50  0.62161E-006
      51  0.63970E-006
      52  0.65819E-006
      53  0.67716E-006
      54  0.69655E-006
      55  0.71631E-006
      56  0.73641E-006
      57  0.75693E-006
      58  0.77781E-006
      59  0.79900E-006
      60  0.82049E-006
      61  0.84233E-006
      62  0.86449E-006
      63  0.88689E-006
      64  0.90956E-006
      65  0.93253E-006
      66  0.95574E-006
      67  0.97917E-006
      68  0.10028E-005
      69  0.10266E-005
      70  0.10507E-005
      71  0.10749E-005
      72  0.10993E-005
      73  0.11238E-005
      74  0.11486E-005
      75  0.11734E-005
      76  0.11983E-005
      77  0.12234E-005
      78  0.12486E-005
      79  0.12739E-005
      80  0.12992E-005
      81  0.13246E-005
      82  0.13501E-005
      83  0.13756E-005
      84  0.14012E-005
      85  0.14268E-005
      86  0.14525E-005
      87  0.14781E-005
      88  0.15038E-005
      89  0.15295E-005
      90  0.15551E-005
      91  0.15808E-005
      92  0.16064E-005
      93  0.16321E-005
      94  0.16577E-005
      95  0.16832E-005
      96  0.17087E-005
      97  0.17342E-005
      98  0.17596E-005
      99  0.17850E-005
     100  0.18103E-005
     101  0.18356E-005
     102  0.18607E-005
     103  0.18859E-005
     104  0.19109E-005
     105  0.19359E-005
     106  0.19607E-005
     107  0.19855E-005
     108  0.20103E-005
     109  0.20349E-005
     110  0.20594E-005
     111  0.20839E-005
     112  0.21082E-005
     113  0.21325E-005
     114  0.21567E-005
     115  0.21808E-005
     116  0.22048E-005
     117  0.22286E-005
     118  0.22524E-005
     119  0.22761E-005
     120  0.22997E-005
     121  0.23232E-005
     122  0.23466E-005
     123  0.23699E-005
     124  0.23931E-005
     125  0.24162E-005
     126  0.24391E-005
     127  0.24620E-005
     128  0.24848E-005
     129  0.25075E-005
     130  0.25301E-005
     131  0.25526E-005
     132  0.25750E-005
     133  0.25973E-005
     134  0.26195E-005
     135  0.26416E-005
     136  0.26636E-005
     137  0.26855E-005
     138  0.27074E-005
     139  0.27291E-005
     140  0.27508E-005
     141  0.27723E-005
     142  0.27938E-005
     143  0.28152E-005
     144  0.28365E-005
     145  0.28577E-005
     146  0.28788E-005
     147  0.28998E-005
     148  0.29208E-005
     149  0.29417E-005
     150  0.29625E-005
     151  0.29832E-005
     152  0.30038E-005
     153  0.30244E-005
     154  0.30449E-005
     155  0.30653E-005
     156  0.30856E-005
     157  0.31059E-005
     158  0.31261E-005
     159  0.31462E-005
     160  0.31662E-005
     161  0.31862E-005
     162  0.32061E-005
     163  0.32260E-005
    2253   0.0000     
    2271  0.32403E-005
    2272  0.42856E-009
    2273  0.17131E-008
    2274  0.38531E-008
    2275  0.68456E-008
    2276  0.10688E-007
    2277  0.15377E-007
    2278  0.20907E-007
    2279  0.27272E-007
    2280  0.34468E-007
    2281  0.42485E-007
    2282  0.51316E-007
    2283  0.60952E-007
    2284  0.71383E-007
    2285  0.82599E-007
    2286  0.94587E-007
    2287  0.10734E-006
    2288  0.12083E-006
    2289  0.13507E-006
    2290  0.15002E-006
    2291  0.16568E-006
    2292  0.18203E-006
    2293  0.19906E-006
    2294  0.21675E-006
    2295  0.23508E-006
    2296  0.25404E-006
    2297  0.27361E-006
    2298  0.29377E-006
    2299  0.31450E-006
    2300  0.33579E-006
    2301  0.35762E-006
    2302  0.37996E-006
    2303  0.40280E-006
    2304  0.42613E-006
    2305  0.44991E-006
    2306  0.47413E-006
    2307  0.49878E-006
    2308  0.52383E-006
    2309  0.54926E-006
    2310  0.57505E-006
    2311  0.60119E-006
    2312  0.62765E-006
    2313  0.65443E-006
    2314  0.68148E-006
    2315  0.70881E-006
    2316  0.73639E-006
    2317  0.76421E-006
    2318  0.79224E-006
    2319  0.82046E-006
    2320  0.84887E-006
    2321  0.87744E-006
    2322  0.90616E-006
    2323  0.93501E-006
    2324  0.96398E-006
    2325  0.99305E-006
    2326  0.10222E-005
    2327  0.10514E-005
    2328  0.10807E-005
    2329  0.11100E-005
    2330  0.11394E-005
    2331  0.11688E-005
    2332  0.11982E-005
    2333  0.12276E-005
    2334  0.12569E-005
    2335  0.12863E-005
    2336  0.13156E-005
    2337  0.13448E-005
    2338  0.13740E-005
    2339  0.14032E-005
    2340  0.14322E-005
    2341  0.14612E-005
    2342  0.14901E-005
    2343  0.15189E-005
    2344  0.15476E-005
    2345  0.15762E-005
    2346  0.16047E-005
    2347  0.16331E-005
    2348  0.16613E-005
    2349  0.16894E-005
    2350  0.17174E-005
    2351  0.17453E-005
    2352  0.17730E-005
    2353  0.18006E-005
    2354  0.18280E-005
    2355  0.18553E-005
    2356  0.18824E-005
    2357  0.19094E-005
    2358  0.19362E-005
    2359  0.19629E-005
    2360  0.19894E-005
    2361  0.20158E-005
    2362  0.20420E-005
    2363  0.20680E-005
    2364  0.20939E-005
    2365  0.21197E-005
    2366  0.21453E-005
    2367  0.21707E-005
    2368  0.21960E-005
    2369  0.22211E-005
    2370  0.22461E-005
    2371  0.22709E-005
    2372  0.22956E-005
    2373  0.23201E-005
    2374  0.23445E-005
    2375  0.23688E-005
    2376  0.23929E-005
    2377  0.24168E-005
    2378  0.24406E-005
    2379  0.24643E-005
    2380  0.24878E-005
    2381  0.25112E-005
    2382  0.25345E-005
    2383  0.25576E-005
    2384  0.25806E-005
    2385  0.26035E-005
    2386  0.26262E-005
    2387  0.26489E-005
    2388  0.26714E-005
    2389  0.26937E-005
    2390  0.27160E-005
    2391  0.27382E-005
    2392  0.27602E-005
    2393  0.27821E-005
    2394  0.28039E-005
    2395  0.28257E-005
    2396  0.28473E-005
    2397  0.28688E-005
    2398  0.28902E-005
    2399  0.29115E-005
    2400  0.29327E-005
    2401  0.29538E-005
    2402  0.29748E-005
    2403  0.29957E-005
    2404  0.30165E-005
    2405  0.30373E-005
    2406  0.30579E-005
    2407  0.30785E-005
    2408  0.30990E-005
    2409  0.31194E-005
    2410  0.31397E-005
    2411  0.31600E-005
    2412  0.31802E-005
    2413  0.32003E-005
    2414  0.32203E-005
    7994  0.32584E-006
    7995  0.31607E-006
    7996  0.30626E-006
    7997  0.29640E-006
    7998  0.28649E-006
    7999  0.27652E-006
    8000  0.26651E-006
    8001  0.25645E-006
    8002  0.24633E-006
    8003  0.23616E-006
    8004  0.22594E-006
    8005  0.21566E-006
    8006  0.20533E-006
    8007  0.19495E-006
    8008  0.18451E-006
    8009  0.17401E-006
    8010  0.16346E-006
    8011  0.15286E-006
    8012  0.14220E-006
    8013  0.13150E-006
    8014  0.12075E-006
    8015  0.10997E-006
    8016  0.99173E-007
    8017  0.88403E-007
    8018  0.77684E-007
    8019  0.67108E-007
    8020  0.56736E-007
    8021  0.46715E-007
    8022  0.37169E-007
    8023  0.28294E-007
    8024  0.20277E-007
    8025  0.13329E-007
    8026  0.76707E-008
    8027  0.34589E-008
    8028  0.88906E-009
    8029  0.32403E-005
    8030  0.32403E-005
    8031  0.32403E-005
    8032  0.32403E-005
    8033  0.32404E-005
    8034  0.32404E-005
    8035  0.32405E-005
    8036  0.32406E-005
    8037  0.32407E-005
    8038  0.32407E-005
    8039  0.32408E-005
    8040  0.32409E-005
    8041  0.32411E-005
    8042  0.32412E-005
    8043  0.32413E-005
    8044  0.32414E-005
    8045  0.32416E-005
    8046  0.32417E-005
    8047  0.32419E-005
    8048  0.32421E-005
    8049  0.32422E-005
    8050  0.32424E-005
    8051  0.32426E-005
    8052  0.32428E-005
    8053  0.32430E-005
    8054  0.32432E-005
    8055  0.32434E-005
    8056  0.32437E-005
    8057  0.32439E-005
    8058  0.32441E-005
    8059  0.32444E-005
    8060  0.32446E-005
    8061  0.32449E-005
    8062  0.32452E-005
    8063  0.32454E-005
    8064  0.32203E-005
    8065  0.32204E-005
    8066  0.32205E-005
    8067  0.32206E-005
    8068  0.32208E-005
    8069  0.32210E-005
    8070  0.32213E-005
    8071  0.32215E-005
    8072  0.32218E-005
    8073  0.32222E-005
    8074  0.32226E-005
    8075  0.32229E-005
    8076  0.32234E-005
    8077  0.32238E-005
    8078  0.32243E-005
    8079  0.32248E-005
    8080  0.32254E-005
    8081  0.32003E-005
    8082  0.32003E-005
    8083  0.32003E-005
    8084  0.32004E-005
    8085  0.32004E-005
    8086  0.32005E-005
    8087  0.32005E-005
    8088  0.32006E-005
    8089  0.32007E-005
    8090  0.32008E-005
    8091  0.32009E-005
    8092  0.32010E-005
    8093  0.32012E-005
    8094  0.32013E-005
    8095  0.32014E-005
    8096  0.32016E-005
    8097  0.32017E-005
    8098  0.32019E-005
    8099  0.32021E-005
    8100  0.32022E-005
    8101  0.32024E-005
    8102  0.32026E-005
    8103  0.32028E-005
    8104  0.32030E-005
    8105  0.32032E-005
    8106  0.32035E-005
    8107  0.32037E-005
    8108  0.32039E-005
    8109  0.32042E-005
    8110  0.32044E-005
    8111  0.32047E-005
    8112  0.32050E-005
    8113  0.32052E-005
    8114  0.32055E-005
    8115  0.32058E-005
    8116  0.31802E-005
    8117  0.31803E-005
    8118  0.31804E-005
    8119  0.31805E-005
    8120  0.31807E-005
    8121  0.31810E-005
    8122  0.31812E-005
    8123  0.31815E-005
    8124  0.31819E-005
    8125  0.31822E-005
    8126  0.31826E-005
    8127  0.31830E-005
    8128  0.31835E-005
    8129  0.31840E-005
    8130  0.31845E-005
    8131  0.31850E-005
    8132  0.31856E-005
    8133  0.31600E-005
    8134  0.31600E-005
    8135  0.31600E-005
    8136  0.31601E-005
    8137  0.31601E-005
    8138  0.31602E-005
    8139  0.31603E-005
    8140  0.31604E-005
    8141  0.31605E-005
    8142  0.31606E-005
    8143  0.31607E-005
    8144  0.31608E-005
    8145  0.31610E-005
    8146  0.31611E-005
    8147  0.31613E-005
    8148  0.31614E-005
    8149  0.31616E-005
    8150  0.31618E-005
    8151  0.31619E-005
    8152  0.31621E-005
    8153  0.31623E-005
    8154  0.31625E-005
    8155  0.31627E-005
    8156  0.31630E-005
    8157  0.31632E-005
    8158  0.31634E-005
    8159  0.31637E-005
    8160  0.31639E-005
    8161  0.31642E-005
    8162  0.31645E-005
    8163  0.31647E-005
    8164  0.31650E-005
    8165  0.31653E-005
    8166  0.31656E-005
    8167  0.31659E-005
    8168  0.31398E-005
    8169  0.31398E-005
    8170  0.31400E-005
    8171  0.31402E-005
    8172  0.31404E-005
    8173  0.31406E-005
    8174  0.31409E-005
    8175  0.31412E-005
    8176  0.31416E-005
    8177  0.31420E-005
    8178  0.31424E-005
    8179  0.31428E-005
    8180  0.31433E-005
    8181  0.31438E-005
    8182  0.31444E-005
    8183  0.31449E-005
    8184  0.31455E-005
    8185  0.31194E-005
    8186  0.31194E-005
    8187  0.31195E-005
    8188  0.31195E-005
    8189  0.31196E-005
    8190  0.31197E-005
    8191  0.31197E-005
    8192  0.31198E-005
    8193  0.31200E-005
    8194  0.31201E-005
    8195  0.31202E-005
    8196  0.31203E-005
    8197  0.31205E-005
    8198  0.31206E-005
    8199  0.31208E-005
    8200  0.31210E-005
    8201  0.31211E-005
    8202  0.31213E-005
    8203  0.31215E-005
    8204  0.31217E-005
    8205  0.31219E-005
    8206  0.31221E-005
    8207  0.31224E-005
    8208  0.31226E-005
    8209  0.31229E-005
    8210  0.31231E-005
    8211  0.31234E-005
    8212  0.31236E-005
    8213  0.31239E-005
    8214  0.31242E-005
    8215  0.31245E-005
    8216  0.31248E-005
    8217  0.31251E-005
    8218  0.31254E-005
    8219  0.31257E-005
    8220  0.30990E-005
    8221  0.30991E-005
    8222  0.30993E-005
    8223  0.30995E-005
    8224  0.30997E-005
    8225  0.31000E-005
    8226  0.31003E-005
    8227  0.31006E-005
    8228  0.31010E-005
    8229  0.31014E-005
    8230  0.31018E-005
    8231  0.31023E-005
    8232  0.31028E-005
    8233  0.31034E-005
    8234  0.31040E-005
    8235  0.31046E-005
    8236  0.31052E-005
    8237  0.30785E-005
    8238  0.30785E-005
    8239  0.30786E-005
    8240  0.30786E-005
    8241  0.30787E-005
    8242  0.30788E-005
    8243  0.30789E-005
    8244  0.30790E-005
    8245  0.30791E-005
    8246  0.30792E-005
    8247  0.30794E-005
    8248  0.30795E-005
    8249  0.30797E-005
    8250  0.30798E-005
    8251  0.30800E-005
    8252  0.30802E-005
    8253  0.30804E-005
    8254  0.30806E-005
    8255  0.30808E-005
    8256  0.30810E-005
    8257  0.30812E-005
    8258  0.30815E-005
    8259  0.30817E-005
    8260  0.30820E-005
    8261  0.30822E-005
    8262  0.30825E-005
    8263  0.30828E-005
    8264  0.30830E-005
    8265  0.30833E-005
    8266  0.30836E-005
    8267  0.30839E-005
    8268  0.30843E-005
    8269  0.30846E-005
    8270  0.30849E-005
    8271  0.30853E-005
    8272  0.30580E-005
    8273  0.30581E-005
    8274  0.30582E-005
    8275  0.30584E-005
    8276  0.30587E-005
    8277  0.30590E-005
    8278  0.30593E-005
    8279  0.30597E-005
    8280  0.30601E-005
    8281  0.30605E-005
    8282  0.30610E-005
    8283  0.30615E-005
    8284  0.30621E-005
    8285  0.30626E-005
    8286  0.30632E-005
    8287  0.30639E-005
    8288  0.30646E-005
    8289  0.30373E-005
    8290  0.30373E-005
    8291  0.30374E-005
    8292  0.30374E-005
    8293  0.30375E-005
    8294  0.30376E-005
    8295  0.30377E-005
    8296  0.30378E-005
    8297  0.30379E-005
    8298  0.30381E-005
    8299  0.30382E-005
    8300  0.30384E-005
    8301  0.30385E-005
    8302  0.30387E-005
    8303  0.30389E-005
    8304  0.30391E-005
    8305  0.30393E-005
    8306  0.30395E-005
    8307  0.30397E-005
    8308  0.30400E-005
    8309  0.30402E-005
    8310  0.30405E-005
    8311  0.30407E-005
    8312  0.30410E-005
    8313  0.30413E-005
    8314  0.30416E-005
    8315  0.30418E-005
    8316  0.30422E-005
    8317  0.30425E-005
    8318  0.30428E-005
    8319  0.30431E-005
    8320  0.30434E-005
    8321  0.30438E-005
    8322  0.30441E-005
    8323  0.30445E-005
    8324  0.30166E-005
    8325  0.30167E-005
    8326  0.30169E-005
    8327  0.30171E-005
    8328  0.30174E-005
    8329  0.30177E-005
    8330  0.30180E-005
    8331  0.30184E-005
    8332  0.30189E-005
    8333  0.30193E-005
    8334  0.30199E-005
    8335  0.30204E-005
    8336  0.30210E-005
    8337  0.30216E-005
    8338  0.30222E-005
    8339  0.30229E-005
    8340  0.30236E-005
    8341  0.29957E-005
    8342  0.29958E-005
    8343  0.29958E-005
    8344  0.29959E-005
    8345  0.29959E-005
    8346  0.29960E-005
    8347  0.29962E-005
    8348  0.29963E-005
    8349  0.29964E-005
    8350  0.29966E-005
    8351  0.29967E-005
    8352  0.29969E-005
    8353  0.29971E-005
    8354  0.29973E-005
    8355  0.29975E-005
    8356  0.29977E-005
    8357  0.29979E-005
    8358  0.29981E-005
    8359  0.29984E-005
    8360  0.29986E-005
    8361  0.29989E-005
    8362  0.29992E-005
    8363  0.29994E-005
    8364  0.29997E-005
    8365  0.30000E-005
    8366  0.30003E-005
    8367  0.30006E-005
    8368  0.30009E-005
    8369  0.30013E-005
    8370  0.30016E-005
    8371  0.30020E-005
    8372  0.30023E-005
    8373  0.30027E-005
    8374  0.30031E-005
    8375  0.30034E-005
    8376  0.29748E-005
    8377  0.29750E-005
    8378  0.29751E-005
    8379  0.29754E-005
    8380  0.29757E-005
    8381  0.29760E-005
    8382  0.29764E-005
    8383  0.29769E-005
    8384  0.29773E-005
    8385  0.29778E-005
    8386  0.29784E-005
    8387  0.29790E-005
    8388  0.29796E-005
    8389  0.29802E-005
    8390  0.29809E-005
    8391  0.29816E-005
    8392  0.29824E-005
    8393  0.29538E-005
    8394  0.29538E-005
    8395  0.29539E-005
    8396  0.29539E-005
    8397  0.29540E-005
    8398  0.29541E-005
    8399  0.29543E-005
    8400  0.29544E-005
    8401  0.29546E-005
    8402  0.29547E-005
    8403  0.29549E-005
    8404  0.29551E-005
    8405  0.29553E-005
    8406  0.29555E-005
    8407  0.29557E-005
    8408  0.29559E-005
    8409  0.29562E-005
    8410  0.29564E-005
    8411  0.29567E-005
    8412  0.29569E-005
    8413  0.29572E-005
    8414  0.29575E-005
    8415  0.29578E-005
    8416  0.29581E-005
    8417  0.29584E-005
    8418  0.29587E-005
    8419  0.29591E-005
    8420  0.29594E-005
    8421  0.29598E-005
    8422  0.29601E-005
    8423  0.29605E-005
    8424  0.29609E-005
    8425  0.29613E-005
    8426  0.29617E-005
    8427  0.29621E-005
    8428  0.29327E-005
    8429  0.29328E-005
    8430  0.29331E-005
    8431  0.29333E-005
    8432  0.29337E-005
    8433  0.29340E-005
    8434  0.29345E-005
    8435  0.29349E-005
    8436  0.29354E-005
    8437  0.29360E-005
    8438  0.29366E-005
    8439  0.29372E-005
    8440  0.29378E-005
    8441  0.29385E-005
    8442  0.29393E-005
    8443  0.29400E-005
    8444  0.29408E-005
    8445  0.29115E-005
    8446  0.29115E-005
    8447  0.29116E-005
    8448  0.29117E-005
    8449  0.29118E-005
    8450  0.29119E-005
    8451  0.29120E-005
    8452  0.29122E-005
    8453  0.29123E-005
    8454  0.29125E-005
    8455  0.29127E-005
    8456  0.29129E-005
    8457  0.29131E-005
    8458  0.29133E-005
    8459  0.29136E-005
    8460  0.29138E-005
    8461  0.29141E-005
    8462  0.29143E-005
    8463  0.29146E-005
    8464  0.29149E-005
    8465  0.29152E-005
    8466  0.29155E-005
    8467  0.29158E-005
    8468  0.29162E-005
    8469  0.29165E-005
    8470  0.29168E-005
    8471  0.29172E-005
    8472  0.29175E-005
    8473  0.29179E-005
    8474  0.29183E-005
    8475  0.29187E-005
    8476  0.29191E-005
    8477  0.29195E-005
    8478  0.29199E-005
    8479  0.29204E-005
    8480  0.28902E-005
    8481  0.28904E-005
    8482  0.28906E-005
    8483  0.28909E-005
    8484  0.28913E-005
    8485  0.28917E-005
    8486  0.28921E-005
    8487  0.28926E-005
    8488  0.28932E-005
    8489  0.28938E-005
    8490  0.28944E-005
    8491  0.28950E-005
    8492  0.28957E-005
    8493  0.28965E-005
    8494  0.28973E-005
    8495  0.28981E-005
    8496  0.28989E-005
    8497  0.28688E-005
    8498  0.28688E-005
    8499  0.28689E-005
    8500  0.28690E-005
    8501  0.28691E-005
    8502  0.28692E-005
    8503  0.28694E-005
    8504  0.28695E-005
    8505  0.28697E-005
    8506  0.28699E-005
    8507  0.28701E-005
    8508  0.28703E-005
    8509  0.28706E-005
    8510  0.28708E-005
    8511  0.28711E-005
    8512  0.28713E-005
    8513  0.28716E-005
    8514  0.28719E-005
    8515  0.28722E-005
    8516  0.28725E-005
    8517  0.28728E-005
    8518  0.28732E-005
    8519  0.28735E-005
    8520  0.28738E-005
    8521  0.28742E-005
    8522  0.28746E-005
    8523  0.28750E-005
    8524  0.28753E-005
    8525  0.28757E-005
    8526  0.28761E-005
    8527  0.28766E-005
    8528  0.28770E-005
    8529  0.28774E-005
    8530  0.28779E-005
    8531  0.28783E-005
    8532  0.28473E-005
    8533  0.28475E-005
    8534  0.28477E-005
    8535  0.28481E-005
    8536  0.28485E-005
    8537  0.28489E-005
    8538  0.28494E-005
    8539  0.28500E-005
    8540  0.28505E-005
    8541  0.28512E-005
    8542  0.28518E-005
    8543  0.28526E-005
    8544  0.28533E-005
    8545  0.28541E-005
    8546  0.28549E-005
    8547  0.28558E-005
    8548  0.28567E-005
    8549  0.28257E-005
    8550  0.28257E-005
    8551  0.28258E-005
    8552  0.28259E-005
    8553  0.28260E-005
    8554  0.28262E-005
    8555  0.28263E-005
    8556  0.28265E-005
    8557  0.28267E-005
    8558  0.28269E-005
    8559  0.28272E-005
    8560  0.28274E-005
    8561  0.28276E-005
    8562  0.28279E-005
    8563  0.28282E-005
    8564  0.28285E-005
    8565  0.28288E-005
    8566  0.28291E-005
    8567  0.28294E-005
    8568  0.28297E-005
    8569  0.28301E-005
    8570  0.28304E-005
    8571  0.28308E-005
    8572  0.28312E-005
    8573  0.28316E-005
    8574  0.28320E-005
    8575  0.28324E-005
    8576  0.28328E-005
    8577  0.28332E-005
    8578  0.28336E-005
    8579  0.28341E-005
    8580  0.28345E-005
    8581  0.28350E-005
    8582  0.28355E-005
    8583  0.28360E-005
    8584  0.28040E-005
    8585  0.28042E-005
    8586  0.28045E-005
    8587  0.28048E-005
    8588  0.28053E-005
    8589  0.28058E-005
    8590  0.28063E-005
    8591  0.28069E-005
    8592  0.28075E-005
    8593  0.28082E-005
    8594  0.28089E-005
    8595  0.28097E-005
    8596  0.28105E-005
    8597  0.28114E-005
    8598  0.28123E-005
    8599  0.28132E-005
    8600  0.28142E-005
    8601  0.27821E-005
    8602  0.27822E-005
    8603  0.27823E-005
    8604  0.27824E-005
    8605  0.27825E-005
    8606  0.27827E-005
    8607  0.27829E-005
    8608  0.27831E-005
    8609  0.27833E-005
    8610  0.27835E-005
    8611  0.27838E-005
    8612  0.27840E-005
    8613  0.27843E-005
    8614  0.27846E-005
    8615  0.27849E-005
    8616  0.27852E-005
    8617  0.27856E-005
    8618  0.27859E-005
    8619  0.27862E-005
    8620  0.27866E-005
    8621  0.27870E-005
    8622  0.27873E-005
    8623  0.27877E-005
    8624  0.27881E-005
    8625  0.27886E-005
    8626  0.27890E-005
    8627  0.27894E-005
    8628  0.27899E-005
    8629  0.27903E-005
    8630  0.27908E-005
    8631  0.27913E-005
    8632  0.27917E-005
    8633  0.27922E-005
    8634  0.27927E-005
    8635  0.27933E-005
    8636  0.27603E-005
    8637  0.27605E-005
    8638  0.27608E-005
    8639  0.27612E-005
    8640  0.27617E-005
    8641  0.27622E-005
    8642  0.27628E-005
    8643  0.27635E-005
    8644  0.27641E-005
    8645  0.27649E-005
    8646  0.27657E-005
    8647  0.27665E-005
    8648  0.27673E-005
    8649  0.27683E-005
    8650  0.27692E-005
    8651  0.27702E-005
    8652  0.27712E-005
    8653  0.27382E-005
    8654  0.27382E-005
    8655  0.27383E-005
    8656  0.27384E-005
    8657  0.27386E-005
    8658  0.27388E-005
    8659  0.27390E-005
    8660  0.27392E-005
    8661  0.27394E-005
    8662  0.27397E-005
    8663  0.27400E-005
    8664  0.27403E-005
    8665  0.27406E-005
    8666  0.27409E-005
    8667  0.27412E-005
    8668  0.27416E-005
    8669  0.27419E-005
    8670  0.27423E-005
    8671  0.27427E-005
    8672  0.27431E-005
    8673  0.27435E-005
    8674  0.27439E-005
    8675  0.27443E-005
    8676  0.27447E-005
    8677  0.27452E-005
    8678  0.27456E-005
    8679  0.27461E-005
    8680  0.27466E-005
    8681  0.27471E-005
    8682  0.27476E-005
    8683  0.27481E-005
    8684  0.27486E-005
    8685  0.27491E-005
    8686  0.27496E-005
    8687  0.27502E-005
    8688  0.27161E-005
    8689  0.27163E-005
    8690  0.27167E-005
    8691  0.27171E-005
    8692  0.27176E-005
    8693  0.27182E-005
    8694  0.27189E-005
    8695  0.27196E-005
    8696  0.27203E-005
    8697  0.27211E-005
    8698  0.27220E-005
    8699  0.27229E-005
    8700  0.27238E-005
    8701  0.27248E-005
    8702  0.27258E-005
    8703  0.27269E-005
    8704  0.27280E-005
    8705  0.26938E-005
    8706  0.26938E-005
    8707  0.26939E-005
    8708  0.26941E-005
    8709  0.26942E-005
    8710  0.26944E-005
    8711  0.26946E-005
    8712  0.26949E-005
    8713  0.26952E-005
    8714  0.26955E-005
    8715  0.26958E-005
    8716  0.26961E-005
    8717  0.26964E-005
    8718  0.26968E-005
    8719  0.26971E-005
    8720  0.26975E-005
    8721  0.26979E-005
    8722  0.26983E-005
    8723  0.26987E-005
    8724  0.26991E-005
    8725  0.26995E-005
    8726  0.27000E-005
    8727  0.27004E-005
    8728  0.27009E-005
    8729  0.27014E-005
    8730  0.27019E-005
    8731  0.27024E-005
    8732  0.27029E-005
    8733  0.27034E-005
    8734  0.27039E-005
    8735  0.27045E-005
    8736  0.27050E-005
    8737  0.27056E-005
    8738  0.27062E-005
    8739  0.27068E-005
    8740  0.26714E-005
    8741  0.26717E-005
    8742  0.26721E-005
    8743  0.26726E-005
    8744  0.26732E-005
    8745  0.26738E-005
    8746  0.26745E-005
    8747  0.26753E-005
    8748  0.26761E-005
    8749  0.26770E-005
    8750  0.26779E-005
    8751  0.26788E-005
    8752  0.26798E-005
    8753  0.26809E-005
    8754  0.26820E-005
    8755  0.26831E-005
    8756  0.26843E-005
    8757  0.26489E-005
    8758  0.26489E-005
    8759  0.26491E-005
    8760  0.26492E-005
    8761  0.26494E-005
    8762  0.26496E-005
    8763  0.26499E-005
    8764  0.26501E-005
    8765  0.26504E-005
    8766  0.26508E-005
    8767  0.26511E-005
    8768  0.26514E-005
    8769  0.26518E-005
    8770  0.26522E-005
    8771  0.26526E-005
    8772  0.26530E-005
    8773  0.26534E-005
    8774  0.26538E-005
    8775  0.26543E-005
    8776  0.26547E-005
    8777  0.26552E-005
    8778  0.26557E-005
    8779  0.26562E-005
    8780  0.26567E-005
    8781  0.26572E-005
    8782  0.26577E-005
    8783  0.26583E-005
    8784  0.26588E-005
    8785  0.26594E-005
    8786  0.26600E-005
    8787  0.26605E-005
    8788  0.26611E-005
    8789  0.26617E-005
    8790  0.26624E-005
    8791  0.26630E-005
    8792  0.26263E-005
    8793  0.26266E-005
    8794  0.26270E-005
    8795  0.26276E-005
    8796  0.26282E-005
    8797  0.26289E-005
    8798  0.26297E-005
    8799  0.26306E-005
    8800  0.26315E-005
    8801  0.26324E-005
    8802  0.26334E-005
    8803  0.26344E-005
    8804  0.26355E-005
    8805  0.26366E-005
    8806  0.26378E-005
    8807  0.26390E-005
    8808  0.26403E-005
    8809  0.26035E-005
    8810  0.26036E-005
    8811  0.26037E-005
    8812  0.26039E-005
    8813  0.26041E-005
    8814  0.26043E-005
    8815  0.26046E-005
    8816  0.26049E-005
    8817  0.26052E-005
    8818  0.26056E-005
    8819  0.26060E-005
    8820  0.26063E-005
    8821  0.26067E-005
    8822  0.26072E-005
    8823  0.26076E-005
    8824  0.26080E-005
    8825  0.26085E-005
    8826  0.26090E-005
    8827  0.26094E-005
    8828  0.26099E-005
    8829  0.26104E-005
    8830  0.26110E-005
    8831  0.26115E-005
    8832  0.26120E-005
    8833  0.26126E-005
    8834  0.26132E-005
    8835  0.26137E-005
    8836  0.26143E-005
    8837  0.26149E-005
    8838  0.26156E-005
    8839  0.26162E-005
    8840  0.26168E-005
    8841  0.26175E-005
    8842  0.26181E-005
    8843  0.26188E-005
    8844  0.25807E-005
    8845  0.25810E-005
    8846  0.25815E-005
    8847  0.25821E-005
    8848  0.25828E-005
    8849  0.25836E-005
    8850  0.25845E-005
    8851  0.25854E-005
    8852  0.25864E-005
    8853  0.25874E-005
    8854  0.25884E-005
    8855  0.25896E-005
    8856  0.25907E-005
    8857  0.25920E-005
    8858  0.25932E-005
    8859  0.25945E-005
    8860  0.25959E-005
    8861  0.25576E-005
    8862  0.25577E-005
    8863  0.25579E-005
    8864  0.25580E-005
    8865  0.25583E-005
    8866  0.25585E-005
    8867  0.25588E-005
    8868  0.25592E-005
    8869  0.25596E-005
    8870  0.25599E-005
    8871  0.25603E-005
    8872  0.25608E-005
    8873  0.25612E-005
    8874  0.25617E-005
    8875  0.25621E-005
    8876  0.25626E-005
    8877  0.25631E-005
    8878  0.25636E-005
    8879  0.25642E-005
    8880  0.25647E-005
    8881  0.25653E-005
    8882  0.25658E-005
    8883  0.25664E-005
    8884  0.25670E-005
    8885  0.25676E-005
    8886  0.25682E-005
    8887  0.25688E-005
    8888  0.25695E-005
    8889  0.25701E-005
    8890  0.25708E-005
    8891  0.25714E-005
    8892  0.25721E-005
    8893  0.25728E-005
    8894  0.25735E-005
    8895  0.25743E-005
    8896  0.25346E-005
    8897  0.25349E-005
    8898  0.25355E-005
    8899  0.25361E-005
    8900  0.25369E-005
    8901  0.25378E-005
    8902  0.25387E-005
    8903  0.25397E-005
    8904  0.25408E-005
    8905  0.25419E-005
    8906  0.25431E-005
    8907  0.25443E-005
    8908  0.25455E-005
    8909  0.25469E-005
    8910  0.25482E-005
    8911  0.25496E-005
    8912  0.25511E-005
    8913  0.25112E-005
    8914  0.25113E-005
    8915  0.25115E-005
    8916  0.25117E-005
    8917  0.25120E-005
    8918  0.25123E-005
    8919  0.25126E-005
    8920  0.25130E-005
    8921  0.25134E-005
    8922  0.25138E-005
    8923  0.25142E-005
    8924  0.25147E-005
    8925  0.25152E-005
    8926  0.25157E-005
    8927  0.25162E-005
    8928  0.25167E-005
    8929  0.25173E-005
    8930  0.25179E-005
    8931  0.25184E-005
    8932  0.25190E-005
    8933  0.25196E-005
    8934  0.25202E-005
    8935  0.25208E-005
    8936  0.25215E-005
    8937  0.25221E-005
    8938  0.25228E-005
    8939  0.25235E-005
    8940  0.25242E-005
    8941  0.25249E-005
    8942  0.25256E-005
    8943  0.25263E-005
    8944  0.25270E-005
    8945  0.25278E-005
    8946  0.25285E-005
    8947  0.25293E-005
    8948  0.24879E-005
    8949  0.24883E-005
    8950  0.24889E-005
    8951  0.24897E-005
    8952  0.24905E-005
    8953  0.24915E-005
    8954  0.24925E-005
    8955  0.24936E-005
    8956  0.24948E-005
    8957  0.24960E-005
    8958  0.24973E-005
    8959  0.24986E-005
    8960  0.24999E-005
    8961  0.25014E-005
    8962  0.25028E-005
    8963  0.25043E-005
    8964  0.25059E-005
    8965  0.24643E-005
    8966  0.24644E-005
    8967  0.24646E-005
    8968  0.24648E-005
    8969  0.24651E-005
    8970  0.24654E-005
    8971  0.24658E-005
    8972  0.24662E-005
    8973  0.24667E-005
    8974  0.24672E-005
    8975  0.24676E-005
    8976  0.24682E-005
    8977  0.24687E-005
    8978  0.24692E-005
    8979  0.24698E-005
    8980  0.24704E-005
    8981  0.24710E-005
    8982  0.24716E-005
    8983  0.24722E-005
    8984  0.24729E-005
    8985  0.24735E-005
    8986  0.24742E-005
    8987  0.24749E-005
    8988  0.24755E-005
    8989  0.24762E-005
    8990  0.24770E-005
    8991  0.24777E-005
    8992  0.24784E-005
    8993  0.24792E-005
    8994  0.24800E-005
    8995  0.24807E-005
    8996  0.24815E-005
    8997  0.24823E-005
    8998  0.24832E-005
    8999  0.24840E-005
    9000  0.24408E-005
    9001  0.24412E-005
    9002  0.24418E-005
    9003  0.24427E-005
    9004  0.24436E-005
    9005  0.24447E-005
    9006  0.24458E-005
    9007  0.24470E-005
    9008  0.24483E-005
    9009  0.24496E-005
    9010  0.24510E-005
    9011  0.24524E-005
    9012  0.24539E-005
    9013  0.24554E-005
    9014  0.24570E-005
    9015  0.24586E-005
    9016  0.24603E-005
    9017  0.24168E-005
    9018  0.24170E-005
    9019  0.24171E-005
    9020  0.24174E-005
    9021  0.24177E-005
    9022  0.24181E-005
    9023  0.24185E-005
    9024  0.24190E-005
    9025  0.24195E-005
    9026  0.24200E-005
    9027  0.24205E-005
    9028  0.24211E-005
    9029  0.24217E-005
    9030  0.24223E-005
    9031  0.24229E-005
    9032  0.24235E-005
    9033  0.24242E-005
    9034  0.24249E-005
    9035  0.24255E-005
    9036  0.24262E-005
    9037  0.24269E-005
    9038  0.24277E-005
    9039  0.24284E-005
    9040  0.24291E-005
    9041  0.24299E-005
    9042  0.24307E-005
    9043  0.24315E-005
    9044  0.24323E-005
    9045  0.24331E-005
    9046  0.24339E-005
    9047  0.24348E-005
    9048  0.24356E-005
    9049  0.24365E-005
    9050  0.24373E-005
    9051  0.24382E-005
    9052  0.23930E-005
    9053  0.23935E-005
    9054  0.23942E-005
    9055  0.23951E-005
    9056  0.23962E-005
    9057  0.23974E-005
    9058  0.23986E-005
    9059  0.23999E-005
    9060  0.24013E-005
    9061  0.24027E-005
    9062  0.24042E-005
    9063  0.24058E-005
    9064  0.24074E-005
    9065  0.24090E-005
    9066  0.24107E-005
    9067  0.24125E-005
    9068  0.24143E-005
    9069  0.23688E-005
    9070  0.23689E-005
    9071  0.23691E-005
    9072  0.23694E-005
    9073  0.23698E-005
    9074  0.23702E-005
    9075  0.23707E-005
    9076  0.23712E-005
    9077  0.23717E-005
    9078  0.23723E-005
    9079  0.23729E-005
    9080  0.23735E-005
    9081  0.23742E-005
    9082  0.23748E-005
    9083  0.23755E-005
    9084  0.23762E-005
    9085  0.23769E-005
    9086  0.23776E-005
    9087  0.23784E-005
    9088  0.23791E-005
    9089  0.23799E-005
    9090  0.23807E-005
    9091  0.23815E-005
    9092  0.23823E-005
    9093  0.23831E-005
    9094  0.23840E-005
    9095  0.23848E-005
    9096  0.23857E-005
    9097  0.23866E-005
    9098  0.23874E-005
    9099  0.23884E-005
    9100  0.23893E-005
    9101  0.23902E-005
    9102  0.23911E-005
    9103  0.23921E-005
    9104  0.23447E-005
    9105  0.23452E-005
    9106  0.23460E-005
    9107  0.23471E-005
    9108  0.23482E-005
    9109  0.23495E-005
    9110  0.23509E-005
    9111  0.23523E-005
    9112  0.23538E-005
    9113  0.23554E-005
    9114  0.23570E-005
    9115  0.23587E-005
    9116  0.23604E-005
    9117  0.23622E-005
    9118  0.23641E-005
    9119  0.23659E-005
    9120  0.23679E-005
    9121  0.23202E-005
    9122  0.23203E-005
    9123  0.23206E-005
    9124  0.23209E-005
    9125  0.23213E-005
    9126  0.23217E-005
    9127  0.23223E-005
    9128  0.23228E-005
    9129  0.23234E-005
    9130  0.23241E-005
    9131  0.23247E-005
    9132  0.23254E-005
    9133  0.23261E-005
    9134  0.23268E-005
    9135  0.23276E-005
    9136  0.23284E-005
    9137  0.23291E-005
    9138  0.23299E-005
    9139  0.23307E-005
    9140  0.23316E-005
    9141  0.23324E-005
    9142  0.23332E-005
    9143  0.23341E-005
    9144  0.23350E-005
    9145  0.23359E-005
    9146  0.23368E-005
    9147  0.23377E-005
    9148  0.23386E-005
    9149  0.23396E-005
    9150  0.23405E-005
    9151  0.23415E-005
    9152  0.23425E-005
    9153  0.23435E-005
    9154  0.23445E-005
    9155  0.23455E-005
    9156  0.22958E-005
    9157  0.22964E-005
    9158  0.22973E-005
    9159  0.22984E-005
    9160  0.22997E-005
    9161  0.23011E-005
    9162  0.23027E-005
    9163  0.23042E-005
    9164  0.23059E-005
    9165  0.23076E-005
    9166  0.23093E-005
    9167  0.23111E-005
    9168  0.23130E-005
    9169  0.23150E-005
    9170  0.23169E-005
    9171  0.23190E-005
    9172  0.23211E-005
    9173  0.22710E-005
    9174  0.22712E-005
    9175  0.22714E-005
    9176  0.22718E-005
    9177  0.22722E-005
    9178  0.22727E-005
    9179  0.22733E-005
    9180  0.22739E-005
    9181  0.22746E-005
    9182  0.22753E-005
    9183  0.22760E-005
    9184  0.22768E-005
    9185  0.22775E-005
    9186  0.22783E-005
    9187  0.22791E-005
    9188  0.22800E-005
    9189  0.22808E-005
    9190  0.22817E-005
    9191  0.22826E-005
    9192  0.22835E-005
    9193  0.22844E-005
    9194  0.22853E-005
    9195  0.22862E-005
    9196  0.22872E-005
    9197  0.22882E-005
    9198  0.22891E-005
    9199  0.22901E-005
    9200  0.22912E-005
    9201  0.22922E-005
    9202  0.22932E-005
    9203  0.22943E-005
    9204  0.22953E-005
    9205  0.22964E-005
    9206  0.22975E-005
    9207  0.22986E-005
    9208  0.22463E-005
    9209  0.22470E-005
    9210  0.22480E-005
    9211  0.22492E-005
    9212  0.22507E-005
    9213  0.22522E-005
    9214  0.22539E-005
    9215  0.22556E-005
    9216  0.22574E-005
    9217  0.22592E-005
    9218  0.22612E-005
    9219  0.22631E-005
    9220  0.22652E-005
    9221  0.22672E-005
    9222  0.22694E-005
    9223  0.22716E-005
    9224  0.22738E-005
    9225  0.22212E-005
    9226  0.22214E-005
    9227  0.22217E-005
    9228  0.22220E-005
    9229  0.22225E-005
    9230  0.22231E-005
    9231  0.22237E-005
    9232  0.22244E-005
    9233  0.22251E-005
    9234  0.22259E-005
    9235  0.22267E-005
    9236  0.22276E-005
    9237  0.22284E-005
    9238  0.22293E-005
    9239  0.22302E-005
    9240  0.22311E-005
    9241  0.22320E-005
    9242  0.22330E-005
    9243  0.22339E-005
    9244  0.22349E-005
    9245  0.22359E-005
    9246  0.22369E-005
    9247  0.22379E-005
    9248  0.22389E-005
    9249  0.22400E-005
    9250  0.22411E-005
    9251  0.22421E-005
    9252  0.22432E-005
    9253  0.22443E-005
    9254  0.22454E-005
    9255  0.22466E-005
    9256  0.22477E-005
    9257  0.22489E-005
    9258  0.22500E-005
    9259  0.22512E-005
    9260  0.21963E-005
    9261  0.21970E-005
    9262  0.21981E-005
    9263  0.21994E-005
    9264  0.22010E-005
    9265  0.22027E-005
    9266  0.22046E-005
    9267  0.22065E-005
    9268  0.22084E-005
    9269  0.22104E-005
    9270  0.22125E-005
    9271  0.22146E-005
    9272  0.22168E-005
    9273  0.22191E-005
    9274  0.22214E-005
    9275  0.22238E-005
    9276  0.22262E-005
    9277  0.21708E-005
    9278  0.21710E-005
    9279  0.21713E-005
    9280  0.21717E-005
    9281  0.21723E-005
    9282  0.21729E-005
    9283  0.21736E-005
    9284  0.21743E-005
    9285  0.21751E-005
    9286  0.21760E-005
    9287  0.21769E-005
    9288  0.21778E-005
    9289  0.21787E-005
    9290  0.21797E-005
    9291  0.21807E-005
    9292  0.21817E-005
    9293  0.21827E-005
    9294  0.21837E-005
    9295  0.21848E-005
    9296  0.21858E-005
    9297  0.21869E-005
    9298  0.21880E-005
    9299  0.21891E-005
    9300  0.21902E-005
    9301  0.21914E-005
    9302  0.21925E-005
    9303  0.21937E-005
    9304  0.21948E-005
    9305  0.21960E-005
    9306  0.21972E-005
    9307  0.21985E-005
    9308  0.21997E-005
    9309  0.22009E-005
    9310  0.22022E-005
    9311  0.22035E-005
    9312  0.21456E-005
    9313  0.21463E-005
    9314  0.21476E-005
    9315  0.21491E-005
    9316  0.21508E-005
    9317  0.21527E-005
    9318  0.21547E-005
    9319  0.21568E-005
    9320  0.21589E-005
    9321  0.21611E-005
    9322  0.21634E-005
    9323  0.21657E-005
    9324  0.21681E-005
    9325  0.21705E-005
    9326  0.21730E-005
    9327  0.21755E-005
    9328  0.21781E-005
    9329  0.21198E-005
    9330  0.21200E-005
    9331  0.21203E-005
    9332  0.21208E-005
    9333  0.21214E-005
    9334  0.21221E-005
    9335  0.21229E-005
    9336  0.21237E-005
    9337  0.21246E-005
    9338  0.21255E-005
    9339  0.21265E-005
    9340  0.21275E-005
    9341  0.21285E-005
    9342  0.21296E-005
    9343  0.21306E-005
    9344  0.21317E-005
    9345  0.21328E-005
    9346  0.21340E-005
    9347  0.21351E-005
    9348  0.21363E-005
    9349  0.21374E-005
    9350  0.21386E-005
    9351  0.21398E-005
    9352  0.21410E-005
    9353  0.21423E-005
    9354  0.21435E-005
    9355  0.21448E-005
    9356  0.21460E-005
    9357  0.21473E-005
    9358  0.21486E-005
    9359  0.21499E-005
    9360  0.21512E-005
    9361  0.21526E-005
    9362  0.21539E-005
    9363  0.21553E-005
    9364  0.20942E-005
    9365  0.20951E-005
    9366  0.20965E-005
    9367  0.20981E-005
    9368  0.21001E-005
    9369  0.21021E-005
    9370  0.21043E-005
    9371  0.21066E-005
    9372  0.21089E-005
    9373  0.21113E-005
    9374  0.21137E-005
    9375  0.21163E-005
    9376  0.21188E-005
    9377  0.21215E-005
    9378  0.21241E-005
    9379  0.21269E-005
    9380  0.21297E-005
    9381  0.20681E-005
    9382  0.20684E-005
    9383  0.20687E-005
    9384  0.20693E-005
    9385  0.20699E-005
    9386  0.20707E-005
    9387  0.20715E-005
    9388  0.20724E-005
    9389  0.20734E-005
    9390  0.20745E-005
    9391  0.20755E-005
    9392  0.20766E-005
    9393  0.20778E-005
    9394  0.20789E-005
    9395  0.20801E-005
    9396  0.20813E-005
    9397  0.20825E-005
    9398  0.20837E-005
    9399  0.20849E-005
    9400  0.20862E-005
    9401  0.20875E-005
    9402  0.20888E-005
    9403  0.20901E-005
    9404  0.20914E-005
    9405  0.20927E-005
    9406  0.20940E-005
    9407  0.20954E-005
    9408  0.20968E-005
    9409  0.20982E-005
    9410  0.20996E-005
    9411  0.21010E-005
    9412  0.21024E-005
    9413  0.21038E-005
    9414  0.21053E-005
    9415  0.21068E-005
    9416  0.20423E-005
    9417  0.20433E-005
    9418  0.20448E-005
    9419  0.20466E-005
    9420  0.20487E-005
    9421  0.20510E-005
    9422  0.20534E-005
    9423  0.20558E-005
    9424  0.20584E-005
    9425  0.20610E-005
    9426  0.20636E-005
    9427  0.20664E-005
    9428  0.20691E-005
    9429  0.20720E-005
    9430  0.20749E-005
    9431  0.20778E-005
    9432  0.20808E-005
    9433  0.20159E-005
    9434  0.20161E-005
    9435  0.20165E-005
    9436  0.20171E-005
    9437  0.20178E-005
    9438  0.20187E-005
    9439  0.20196E-005
    9440  0.20206E-005
    9441  0.20217E-005
    9442  0.20228E-005
    9443  0.20240E-005
    9444  0.20252E-005
    9445  0.20265E-005
    9446  0.20277E-005
    9447  0.20290E-005
    9448  0.20303E-005
    9449  0.20316E-005
    9450  0.20329E-005
    9451  0.20343E-005
    9452  0.20356E-005
    9453  0.20370E-005
    9454  0.20384E-005
    9455  0.20398E-005
    9456  0.20412E-005
    9457  0.20427E-005
    9458  0.20441E-005
    9459  0.20456E-005
    9460  0.20471E-005
    9461  0.20486E-005
    9462  0.20501E-005
    9463  0.20516E-005
    9464  0.20531E-005
    9465  0.20547E-005
    9466  0.20563E-005
    9467  0.20578E-005
    9468  0.19898E-005
    9469  0.19908E-005
    9470  0.19925E-005
    9471  0.19945E-005
    9472  0.19968E-005
    9473  0.19993E-005
    9474  0.20019E-005
    9475  0.20046E-005
    9476  0.20074E-005
    9477  0.20102E-005
    9478  0.20131E-005
    9479  0.20160E-005
    9480  0.20190E-005
    9481  0.20221E-005
    9482  0.20252E-005
    9483  0.20284E-005
    9484  0.20316E-005
    9485  0.19630E-005
    9486  0.19633E-005
    9487  0.19637E-005
    9488  0.19644E-005
    9489  0.19652E-005
    9490  0.19661E-005
    9491  0.19671E-005
    9492  0.19682E-005
    9493  0.19694E-005
    9494  0.19706E-005
    9495  0.19719E-005
    9496  0.19733E-005
    9497  0.19746E-005
    9498  0.19760E-005
    9499  0.19774E-005
    9500  0.19788E-005
    9501  0.19802E-005
    9502  0.19817E-005
    9503  0.19831E-005
    9504  0.19846E-005
    9505  0.19861E-005
    9506  0.19876E-005
    9507  0.19891E-005
    9508  0.19907E-005
    9509  0.19922E-005
    9510  0.19938E-005
    9511  0.19954E-005
    9512  0.19970E-005
    9513  0.19986E-005
    9514  0.20002E-005
    9515  0.20019E-005
    9516  0.20035E-005
    9517  0.20052E-005
    9518  0.20069E-005
    9519  0.20085E-005
    9520  0.19366E-005
    9521  0.19378E-005
    9522  0.19396E-005
    9523  0.19418E-005
    9524  0.19443E-005
    9525  0.19471E-005
    9526  0.19499E-005
    9527  0.19528E-005
    9528  0.19558E-005
    9529  0.19589E-005
    9530  0.19620E-005
    9531  0.19652E-005
    9532  0.19685E-005
    9533  0.19718E-005
    9534  0.19751E-005
    9535  0.19785E-005
    9536  0.19820E-005
    9537  0.19095E-005
    9538  0.19098E-005
    9539  0.19103E-005
    9540  0.19110E-005
    9541  0.19119E-005
    9542  0.19129E-005
    9543  0.19140E-005
    9544  0.19152E-005
    9545  0.19165E-005
    9546  0.19179E-005
    9547  0.19193E-005
    9548  0.19207E-005
    9549  0.19222E-005
    9550  0.19237E-005
    9551  0.19252E-005
    9552  0.19268E-005
    9553  0.19283E-005
    9554  0.19299E-005
    9555  0.19315E-005
    9556  0.19331E-005
    9557  0.19347E-005
    9558  0.19364E-005
    9559  0.19380E-005
    9560  0.19397E-005
    9561  0.19414E-005
    9562  0.19430E-005
    9563  0.19448E-005
    9564  0.19465E-005
    9565  0.19482E-005
    9566  0.19500E-005
    9567  0.19517E-005
    9568  0.19535E-005
    9569  0.19553E-005
    9570  0.19571E-005
    9571  0.19589E-005
    9572  0.18828E-005
    9573  0.18841E-005
    9574  0.18861E-005
    9575  0.18885E-005
    9576  0.18913E-005
    9577  0.18943E-005
    9578  0.18974E-005
    9579  0.19006E-005
    9580  0.19038E-005
    9581  0.19072E-005
    9582  0.19106E-005
    9583  0.19140E-005
    9584  0.19175E-005
    9585  0.19211E-005
    9586  0.19247E-005
    9587  0.19284E-005
    9588  0.19321E-005
    9589  0.18554E-005
    9590  0.18557E-005
    9591  0.18563E-005
    9592  0.18571E-005
    9593  0.18580E-005
    9594  0.18591E-005
    9595  0.18604E-005
    9596  0.18617E-005
    9597  0.18631E-005
    9598  0.18646E-005
    9599  0.18661E-005
    9600  0.18677E-005
    9601  0.18693E-005
    9602  0.18709E-005
    9603  0.18726E-005
    9604  0.18743E-005
    9605  0.18760E-005
    9606  0.18777E-005
    9607  0.18794E-005
    9608  0.18811E-005
    9609  0.18829E-005
    9610  0.18847E-005
    9611  0.18864E-005
    9612  0.18882E-005
    9613  0.18901E-005
    9614  0.18919E-005
    9615  0.18937E-005
    9616  0.18956E-005
    9617  0.18974E-005
    9618  0.18993E-005
    9619  0.19012E-005
    9620  0.19031E-005
    9621  0.19050E-005
    9622  0.19070E-005
    9623  0.19089E-005
    9624  0.18285E-005
    9625  0.18299E-005
    9626  0.18320E-005
    9627  0.18347E-005
    9628  0.18377E-005
    9629  0.18410E-005
    9630  0.18444E-005
    9631  0.18478E-005
    9632  0.18514E-005
    9633  0.18550E-005
    9634  0.18587E-005
    9635  0.18624E-005
    9636  0.18662E-005
    9637  0.18700E-005
    9638  0.18739E-005
    9639  0.18778E-005
    9640  0.18818E-005
    9641  0.18007E-005
    9642  0.18011E-005
    9643  0.18017E-005
    9644  0.18025E-005
    9645  0.18036E-005
    9646  0.18048E-005
    9647  0.18061E-005
    9648  0.18076E-005
    9649  0.18091E-005
    9650  0.18108E-005
    9651  0.18124E-005
    9652  0.18142E-005
    9653  0.18159E-005
    9654  0.18177E-005
    9655  0.18195E-005
    9656  0.18213E-005
    9657  0.18231E-005
    9658  0.18250E-005
    9659  0.18269E-005
    9660  0.18287E-005
    9661  0.18306E-005
    9662  0.18325E-005
    9663  0.18345E-005
    9664  0.18364E-005
    9665  0.18384E-005
    9666  0.18403E-005
    9667  0.18423E-005
    9668  0.18443E-005
    9669  0.18463E-005
    9670  0.18483E-005
    9671  0.18504E-005
    9672  0.18524E-005
    9673  0.18545E-005
    9674  0.18566E-005
    9675  0.18586E-005
    9676  0.17735E-005
    9677  0.17751E-005
    9678  0.17774E-005
    9679  0.17803E-005
    9680  0.17837E-005
    9681  0.17872E-005
    9682  0.17909E-005
    9683  0.17946E-005
    9684  0.17985E-005
    9685  0.18024E-005
    9686  0.18063E-005
    9687  0.18104E-005
    9688  0.18144E-005
    9689  0.18185E-005
    9690  0.18227E-005
    9691  0.18269E-005
    9692  0.18312E-005
    9693  0.17454E-005
    9694  0.17458E-005
    9695  0.17465E-005
    9696  0.17474E-005
    9697  0.17486E-005
    9698  0.17499E-005
    9699  0.17514E-005
    9700  0.17530E-005
    9701  0.17547E-005
    9702  0.17564E-005
    9703  0.17582E-005
    9704  0.17601E-005
    9705  0.17620E-005
    9706  0.17639E-005
    9707  0.17659E-005
    9708  0.17679E-005
    9709  0.17699E-005
    9710  0.17719E-005
    9711  0.17739E-005
    9712  0.17759E-005
    9713  0.17780E-005
    9714  0.17800E-005
    9715  0.17821E-005
    9716  0.17842E-005
    9717  0.17863E-005
    9718  0.17884E-005
    9719  0.17906E-005
    9720  0.17927E-005
    9721  0.17949E-005
    9722  0.17970E-005
    9723  0.17992E-005
    9724  0.18014E-005
    9725  0.18036E-005
    9726  0.18058E-005
    9727  0.18081E-005
    9728  0.17180E-005
    9729  0.17197E-005
    9730  0.17223E-005
    9731  0.17255E-005
    9732  0.17291E-005
    9733  0.17329E-005
    9734  0.17369E-005
    9735  0.17410E-005
    9736  0.17451E-005
    9737  0.17494E-005
    9738  0.17536E-005
    9739  0.17580E-005
    9740  0.17623E-005
    9741  0.17668E-005
    9742  0.17713E-005
    9743  0.17758E-005
    9744  0.17804E-005
    9745  0.16896E-005
    9746  0.16900E-005
    9747  0.16908E-005
    9748  0.16918E-005
    9749  0.16930E-005
    9750  0.16945E-005
    9751  0.16961E-005
    9752  0.16978E-005
    9753  0.16997E-005
    9754  0.17016E-005
    9755  0.17036E-005
    9756  0.17056E-005
    9757  0.17077E-005
    9758  0.17098E-005
    9759  0.17119E-005
    9760  0.17140E-005
    9761  0.17162E-005
    9762  0.17183E-005
    9763  0.17205E-005
    9764  0.17227E-005
    9765  0.17249E-005
    9766  0.17271E-005
    9767  0.17294E-005
    9768  0.17316E-005
    9769  0.17339E-005
    9770  0.17362E-005
    9771  0.17385E-005
    9772  0.17408E-005
    9773  0.17431E-005
    9774  0.17454E-005
    9775  0.17478E-005
    9776  0.17501E-005
    9777  0.17525E-005
    9778  0.17548E-005
    9779  0.17572E-005
    9780  0.16620E-005
    9781  0.16638E-005
    9782  0.16666E-005
    9783  0.16701E-005
    9784  0.16740E-005
    9785  0.16782E-005
    9786  0.16825E-005
    9787  0.16869E-005
    9788  0.16914E-005
    9789  0.16960E-005
    9790  0.17006E-005
    9791  0.17052E-005
    9792  0.17099E-005
    9793  0.17147E-005
    9794  0.17195E-005
    9795  0.17244E-005
    9796  0.17293E-005
    9797  0.16332E-005
    9798  0.16337E-005
    9799  0.16346E-005
    9800  0.16357E-005
    9801  0.16370E-005
    9802  0.16386E-005
    9803  0.16403E-005
    9804  0.16422E-005
    9805  0.16442E-005
    9806  0.16463E-005
    9807  0.16484E-005
    9808  0.16507E-005
    9809  0.16529E-005
    9810  0.16552E-005
    9811  0.16574E-005
    9812  0.16598E-005
    9813  0.16621E-005
    9814  0.16644E-005
    9815  0.16668E-005
    9816  0.16691E-005
    9817  0.16715E-005
    9818  0.16739E-005
    9819  0.16763E-005
    9820  0.16788E-005
    9821  0.16812E-005
    9822  0.16836E-005
    9823  0.16861E-005
    9824  0.16886E-005
    9825  0.16910E-005
    9826  0.16935E-005
    9827  0.16960E-005
    9828  0.16986E-005
    9829  0.17011E-005
    9830  0.17036E-005
    9831  0.17062E-005
    9832  0.16054E-005
    9833  0.16074E-005
    9834  0.16104E-005
    9835  0.16142E-005
    9836  0.16185E-005
    9837  0.16230E-005
    9838  0.16277E-005
    9839  0.16325E-005
    9840  0.16373E-005
    9841  0.16422E-005
    9842  0.16472E-005
    9843  0.16522E-005
    9844  0.16573E-005
    9845  0.16624E-005
    9846  0.16675E-005
    9847  0.16727E-005
    9848  0.16779E-005
    9849  0.15764E-005
    9850  0.15769E-005
    9851  0.15778E-005
    9852  0.15790E-005
    9853  0.15805E-005
    9854  0.15822E-005
    9855  0.15841E-005
    9856  0.15861E-005
    9857  0.15883E-005
    9858  0.15906E-005
    9859  0.15929E-005
    9860  0.15953E-005
    9861  0.15977E-005
    9862  0.16002E-005
    9863  0.16026E-005
    9864  0.16051E-005
    9865  0.16076E-005
    9866  0.16102E-005
    9867  0.16127E-005
    9868  0.16153E-005
    9869  0.16178E-005
    9870  0.16204E-005
    9871  0.16230E-005
    9872  0.16256E-005
    9873  0.16282E-005
    9874  0.16308E-005
    9875  0.16335E-005
    9876  0.16361E-005
    9877  0.16388E-005
    9878  0.16414E-005
    9879  0.16441E-005
    9880  0.16468E-005
    9881  0.16495E-005
    9882  0.16522E-005
    9883  0.16549E-005
    9884  0.15484E-005
    9885  0.15505E-005
    9886  0.15538E-005
    9887  0.15580E-005
    9888  0.15626E-005
    9889  0.15675E-005
    9890  0.15725E-005
    9891  0.15777E-005
    9892  0.15829E-005
    9893  0.15882E-005
    9894  0.15935E-005
    9895  0.15989E-005
    9896  0.16043E-005
    9897  0.16098E-005
    9898  0.16153E-005
    9899  0.16208E-005
    9900  0.16264E-005
    9901  0.15191E-005
    9902  0.15197E-005
    9903  0.15207E-005
    9904  0.15220E-005
    9905  0.15236E-005
    9906  0.15254E-005
    9907  0.15275E-005
    9908  0.15297E-005
    9909  0.15320E-005
    9910  0.15345E-005
    9911  0.15370E-005
    9912  0.15396E-005
    9913  0.15422E-005
    9914  0.15448E-005
    9915  0.15475E-005
    9916  0.15502E-005
    9917  0.15529E-005
    9918  0.15556E-005
    9919  0.15583E-005
    9920  0.15611E-005
    9921  0.15638E-005
    9922  0.15666E-005
    9923  0.15694E-005
    9924  0.15722E-005
    9925  0.15750E-005
    9926  0.15778E-005
    9927  0.15806E-005
    9928  0.15834E-005
    9929  0.15863E-005
    9930  0.15891E-005
    9931  0.15920E-005
    9932  0.15948E-005
    9933  0.15977E-005
    9934  0.16006E-005
    9935  0.16035E-005
    9936  0.14909E-005
    9937  0.14933E-005
    9938  0.14969E-005
    9939  0.15013E-005
    9940  0.15063E-005
    9941  0.15116E-005
    9942  0.15171E-005
    9943  0.15226E-005
    9944  0.15282E-005
    9945  0.15339E-005
    9946  0.15396E-005
    9947  0.15454E-005
    9948  0.15512E-005
    9949  0.15570E-005
    9950  0.15629E-005
    9951  0.15688E-005
    9952  0.15748E-005
    9953  0.14614E-005
    9954  0.14621E-005
    9955  0.14631E-005
    9956  0.14645E-005
    9957  0.14662E-005
    9958  0.14682E-005
    9959  0.14705E-005
    9960  0.14729E-005
    9961  0.14754E-005
    9962  0.14780E-005
    9963  0.14808E-005
    9964  0.14836E-005
    9965  0.14864E-005
    9966  0.14892E-005
    9967  0.14921E-005
    9968  0.14950E-005
    9969  0.14979E-005
    9970  0.15008E-005
    9971  0.15037E-005
    9972  0.15067E-005
    9973  0.15096E-005
    9974  0.15126E-005
    9975  0.15156E-005
    9976  0.15186E-005
    9977  0.15216E-005
    9978  0.15246E-005
    9979  0.15276E-005
    9980  0.15306E-005
    9981  0.15336E-005
    9982  0.15367E-005
    9983  0.15397E-005
    9984  0.15428E-005
    9985  0.15459E-005
    9986  0.15489E-005
    9987  0.15520E-005
    9988  0.14331E-005
    9989  0.14357E-005
    9990  0.14395E-005
    9991  0.14443E-005
    9992  0.14497E-005
    9993  0.14554E-005
    9994  0.14613E-005
    9995  0.14673E-005
    9996  0.14733E-005
    9997  0.14794E-005
    9998  0.14855E-005
    9999  0.14917E-005
   10000  0.14979E-005
   10001  0.15041E-005
   10002  0.15104E-005
   10003  0.15167E-005
   10004  0.15231E-005
   10005  0.14034E-005
   10006  0.14041E-005
   10007  0.14052E-005
   10008  0.14067E-005
   10009  0.14086E-005
   10010  0.14107E-005
   10011  0.14131E-005
   10012  0.14157E-005
   10013  0.14185E-005
   10014  0.14213E-005
   10015  0.14243E-005
   10016  0.14273E-005
   10017  0.14303E-005
   10018  0.14334E-005
   10019  0.14365E-005
   10020  0.14396E-005
   10021  0.14427E-005
   10022  0.14458E-005
   10023  0.14490E-005
   10024  0.14521E-005
   10025  0.14553E-005
   10026  0.14584E-005
   10027  0.14616E-005
   10028  0.14648E-005
   10029  0.14680E-005
   10030  0.14712E-005
   10031  0.14744E-005
   10032  0.14777E-005
   10033  0.14809E-005
   10034  0.14842E-005
   10035  0.14874E-005
   10036  0.14907E-005
   10037  0.14939E-005
   10038  0.14972E-005
   10039  0.15005E-005
   10040  0.13750E-005
   10041  0.13777E-005
   10042  0.13819E-005
   10043  0.13871E-005
   10044  0.13929E-005
   10045  0.13990E-005
   10046  0.14054E-005
   10047  0.14118E-005
   10048  0.14183E-005
   10049  0.14248E-005
   10050  0.14313E-005
   10051  0.14379E-005
   10052  0.14445E-005
   10053  0.14512E-005
   10054  0.14579E-005
   10055  0.14646E-005
   10056  0.14713E-005
   10057  0.13451E-005
   10058  0.13458E-005
   10059  0.13470E-005
   10060  0.13487E-005
   10061  0.13507E-005
   10062  0.13530E-005
   10063  0.13556E-005
   10064  0.13584E-005
   10065  0.13613E-005
   10066  0.13644E-005
   10067  0.13675E-005
   10068  0.13708E-005
   10069  0.13740E-005
   10070  0.13773E-005
   10071  0.13806E-005
   10072  0.13840E-005
   10073  0.13873E-005
   10074  0.13907E-005
   10075  0.13940E-005
   10076  0.13974E-005
   10077  0.14008E-005
   10078  0.14042E-005
   10079  0.14076E-005
   10080  0.14110E-005
   10081  0.14144E-005
   10082  0.14178E-005
   10083  0.14213E-005
   10084  0.14247E-005
   10085  0.14281E-005
   10086  0.14316E-005
   10087  0.14350E-005
   10088  0.14385E-005
   10089  0.14420E-005
   10090  0.14455E-005
   10091  0.14490E-005
   10092  0.13166E-005
   10093  0.13195E-005
   10094  0.13240E-005
   10095  0.13296E-005
   10096  0.13359E-005
   10097  0.13425E-005
   10098  0.13493E-005
   10099  0.13561E-005
   10100  0.13631E-005
   10101  0.13700E-005
   10102  0.13770E-005
   10103  0.13841E-005
   10104  0.13911E-005
   10105  0.13982E-005
   10106  0.14053E-005
   10107  0.14124E-005
   10108  0.14196E-005
   10109  0.12865E-005
   10110  0.12873E-005
   10111  0.12886E-005
   10112  0.12904E-005
   10113  0.12925E-005
   10114  0.12950E-005
   10115  0.12978E-005
   10116  0.13008E-005
   10117  0.13040E-005
   10118  0.13073E-005
   10119  0.13107E-005
   10120  0.13141E-005
   10121  0.13176E-005
   10122  0.13212E-005
   10123  0.13247E-005
   10124  0.13283E-005
   10125  0.13319E-005
   10126  0.13354E-005
   10127  0.13390E-005
   10128  0.13427E-005
   10129  0.13463E-005
   10130  0.13499E-005
   10131  0.13535E-005
   10132  0.13571E-005
   10133  0.13608E-005
   10134  0.13644E-005
   10135  0.13681E-005
   10136  0.13717E-005
   10137  0.13754E-005
   10138  0.13791E-005
   10139  0.13827E-005
   10140  0.13864E-005
   10141  0.13901E-005
   10142  0.13938E-005
   10143  0.13975E-005
   10144  0.12580E-005
   10145  0.12612E-005
   10146  0.12660E-005
   10147  0.12720E-005
   10148  0.12787E-005
   10149  0.12858E-005
   10150  0.12931E-005
   10151  0.13004E-005
   10152  0.13078E-005
   10153  0.13153E-005
   10154  0.13227E-005
   10155  0.13302E-005
   10156  0.13377E-005
   10157  0.13453E-005
   10158  0.13528E-005
   10159  0.13604E-005
   10160  0.13680E-005
   10161  0.12278E-005
   10162  0.12287E-005
   10163  0.12301E-005
   10164  0.12320E-005
   10165  0.12343E-005
   10166  0.12370E-005
   10167  0.12400E-005
   10168  0.12432E-005
   10169  0.12466E-005
   10170  0.12501E-005
   10171  0.12538E-005
   10172  0.12575E-005
   10173  0.12612E-005
   10174  0.12650E-005
   10175  0.12688E-005
   10176  0.12726E-005
   10177  0.12764E-005
   10178  0.12802E-005
   10179  0.12841E-005
   10180  0.12879E-005
   10181  0.12918E-005
   10182  0.12956E-005
   10183  0.12995E-005
   10184  0.13033E-005
   10185  0.13072E-005
   10186  0.13111E-005
   10187  0.13150E-005
   10188  0.13188E-005
   10189  0.13227E-005
   10190  0.13266E-005
   10191  0.13305E-005
   10192  0.13344E-005
   10193  0.13383E-005
   10194  0.13422E-005
   10195  0.13462E-005
   10196  0.11994E-005
   10197  0.12028E-005
   10198  0.12079E-005
   10199  0.12144E-005
   10200  0.12215E-005
   10201  0.12291E-005
   10202  0.12369E-005
   10203  0.12447E-005
   10204  0.12526E-005
   10205  0.12606E-005
   10206  0.12685E-005
   10207  0.12765E-005
   10208  0.12845E-005
   10209  0.12925E-005
   10210  0.13005E-005
   10211  0.13085E-005
   10212  0.13165E-005
   10213  0.11691E-005
   10214  0.11700E-005
   10215  0.11715E-005
   10216  0.11735E-005
   10217  0.11760E-005
   10218  0.11789E-005
   10219  0.11821E-005
   10220  0.11855E-005
   10221  0.11892E-005
   10222  0.11930E-005
   10223  0.11968E-005
   10224  0.12008E-005
   10225  0.12048E-005
   10226  0.12088E-005
   10227  0.12129E-005
   10228  0.12169E-005
   10229  0.12210E-005
   10230  0.12251E-005
   10231  0.12292E-005
   10232  0.12333E-005
   10233  0.12374E-005
   10234  0.12415E-005
   10235  0.12456E-005
   10236  0.12497E-005
   10237  0.12538E-005
   10238  0.12579E-005
   10239  0.12620E-005
   10240  0.12661E-005
   10241  0.12702E-005
   10242  0.12744E-005
   10243  0.12785E-005
   10244  0.12826E-005
   10245  0.12867E-005
   10246  0.12909E-005
   10247  0.12950E-005
   10248  0.11407E-005
   10249  0.11443E-005
   10250  0.11499E-005
   10251  0.11567E-005
   10252  0.11644E-005
   10253  0.11725E-005
   10254  0.11808E-005
   10255  0.11891E-005
   10256  0.11976E-005
   10257  0.12060E-005
   10258  0.12144E-005
   10259  0.12229E-005
   10260  0.12314E-005
   10261  0.12398E-005
   10262  0.12483E-005
   10263  0.12568E-005
   10264  0.12653E-005
   10265  0.11104E-005
   10266  0.11114E-005
   10267  0.11130E-005
   10268  0.11151E-005
   10269  0.11178E-005
   10270  0.11208E-005
   10271  0.11243E-005
   10272  0.11279E-005
   10273  0.11318E-005
   10274  0.11359E-005
   10275  0.11400E-005
   10276  0.11442E-005
   10277  0.11485E-005
   10278  0.11528E-005
   10279  0.11571E-005
   10280  0.11614E-005
   10281  0.11657E-005
   10282  0.11701E-005
   10283  0.11744E-005
   10284  0.11788E-005
   10285  0.11831E-005
   10286  0.11875E-005
   10287  0.11918E-005
   10288  0.11962E-005
   10289  0.12005E-005
   10290  0.12049E-005
   10291  0.12093E-005
   10292  0.12136E-005
   10293  0.12180E-005
   10294  0.12223E-005
   10295  0.12267E-005
   10296  0.12311E-005
   10297  0.12354E-005
   10298  0.12398E-005
   10299  0.12442E-005
   10300  0.10821E-005
   10301  0.10860E-005
   10302  0.10919E-005
   10303  0.10992E-005
   10304  0.11074E-005
   10305  0.11160E-005
   10306  0.11248E-005
   10307  0.11337E-005
   10308  0.11427E-005
   10309  0.11516E-005
   10310  0.11606E-005
   10311  0.11696E-005
   10312  0.11785E-005
   10313  0.11875E-005
   10314  0.11965E-005
   10315  0.12054E-005
   10316  0.12144E-005
   10317  0.10518E-005
   10318  0.10528E-005
   10319  0.10545E-005
   10320  0.10568E-005
   10321  0.10597E-005
   10322  0.10630E-005
   10323  0.10666E-005
   10324  0.10705E-005
   10325  0.10747E-005
   10326  0.10790E-005
   10327  0.10834E-005
   10328  0.10879E-005
   10329  0.10924E-005
   10330  0.10970E-005
   10331  0.11015E-005
   10332  0.11061E-005
   10333  0.11107E-005
   10334  0.11153E-005
   10335  0.11200E-005
   10336  0.11246E-005
   10337  0.11292E-005
   10338  0.11338E-005
   10339  0.11384E-005
   10340  0.11430E-005
   10341  0.11476E-005
   10342  0.11522E-005
   10343  0.11568E-005
   10344  0.11614E-005
   10345  0.11661E-005
   10346  0.11707E-005
   10347  0.11753E-005
   10348  0.11799E-005
   10349  0.11845E-005
   10350  0.11891E-005
   10351  0.11937E-005
   10352  0.10237E-005
   10353  0.10278E-005
   10354  0.10341E-005
   10355  0.10419E-005
   10356  0.10506E-005
   10357  0.10598E-005
   10358  0.10692E-005
   10359  0.10786E-005
   10360  0.10881E-005
   10361  0.10976E-005
   10362  0.11071E-005
   10363  0.11166E-005
   10364  0.11260E-005
   10365  0.11355E-005
   10366  0.11450E-005
   10367  0.11544E-005
   10368  0.11639E-005
   10369  0.99343E-006
   10370  0.99454E-006
   10371  0.99637E-006
   10372  0.99882E-006
   10373  0.10018E-005
   10374  0.10053E-005
   10375  0.10092E-005
   10376  0.10134E-005
   10377  0.10178E-005
   10378  0.10223E-005
   10379  0.10270E-005
   10380  0.10318E-005
   10381  0.10366E-005
   10382  0.10414E-005
   10383  0.10463E-005
   10384  0.10512E-005
   10385  0.10561E-005
   10386  0.10609E-005
   10387  0.10658E-005
   10388  0.10707E-005
   10389  0.10756E-005
   10390  0.10805E-005
   10391  0.10853E-005
   10392  0.10902E-005
   10393  0.10951E-005
   10394  0.11000E-005
   10395  0.11048E-005
   10396  0.11097E-005
   10397  0.11145E-005
   10398  0.11194E-005
   10399  0.11243E-005
   10400  0.11291E-005
   10401  0.11340E-005
   10402  0.11388E-005
   10403  0.11437E-005
   10404  0.96552E-006
   10405  0.96993E-006
   10406  0.97663E-006
   10407  0.98492E-006
   10408  0.99417E-006
   10409  0.10039E-005
   10410  0.10138E-005
   10411  0.10239E-005
   10412  0.10339E-005
   10413  0.10439E-005
   10414  0.10540E-005
   10415  0.10640E-005
   10416  0.10740E-005
   10417  0.10840E-005
   10418  0.10940E-005
   10419  0.11039E-005
   10420  0.11139E-005
   10421  0.93542E-006
   10422  0.93660E-006
   10423  0.93854E-006
   10424  0.94114E-006
   10425  0.94434E-006
   10426  0.94805E-006
   10427  0.95216E-006
   10428  0.95659E-006
   10429  0.96126E-006
   10430  0.96611E-006
   10431  0.97107E-006
   10432  0.97612E-006
   10433  0.98122E-006
   10434  0.98636E-006
   10435  0.99150E-006
   10436  0.99666E-006
   10437  0.10018E-005
   10438  0.10070E-005
   10439  0.10121E-005
   10440  0.10173E-005
   10441  0.10225E-005
   10442  0.10276E-005
   10443  0.10328E-005
   10444  0.10379E-005
   10445  0.10430E-005
   10446  0.10482E-005
   10447  0.10533E-005
   10448  0.10584E-005
   10449  0.10635E-005
   10450  0.10686E-005
   10451  0.10738E-005
   10452  0.10789E-005
   10453  0.10840E-005
   10454  0.10891E-005
   10455  0.10942E-005
   10456  0.90780E-006
   10457  0.91247E-006
   10458  0.91958E-006
   10459  0.92838E-006
   10460  0.93817E-006
   10461  0.94848E-006
   10462  0.95900E-006
   10463  0.96960E-006
   10464  0.98021E-006
   10465  0.99081E-006
   10466  0.10014E-005
   10467  0.10119E-005
   10468  0.10225E-005
   10469  0.10330E-005
   10470  0.10435E-005
   10471  0.10540E-005
   10472  0.10644E-005
   10473  0.87787E-006
   10474  0.87913E-006
   10475  0.88118E-006
   10476  0.88394E-006
   10477  0.88733E-006
   10478  0.89126E-006
   10479  0.89561E-006
   10480  0.90030E-006
   10481  0.90525E-006
   10482  0.91038E-006
   10483  0.91563E-006
   10484  0.92098E-006
   10485  0.92637E-006
   10486  0.93180E-006
   10487  0.93723E-006
   10488  0.94268E-006
   10489  0.94813E-006
   10490  0.95358E-006
   10491  0.95902E-006
   10492  0.96446E-006
   10493  0.96989E-006
   10494  0.97532E-006
   10495  0.98074E-006
   10496  0.98616E-006
   10497  0.99156E-006
   10498  0.99697E-006
   10499  0.10024E-005
   10500  0.10077E-005
   10501  0.10131E-005
   10502  0.10185E-005
   10503  0.10239E-005
   10504  0.10292E-005
   10505  0.10346E-005
   10506  0.10400E-005
   10507  0.10453E-005
   10508  0.85060E-006
   10509  0.85555E-006
   10510  0.86308E-006
   10511  0.87239E-006
   10512  0.88274E-006
   10513  0.89364E-006
   10514  0.90475E-006
   10515  0.91593E-006
   10516  0.92712E-006
   10517  0.93829E-006
   10518  0.94943E-006
   10519  0.96054E-006
   10520  0.97162E-006
   10521  0.98267E-006
   10522  0.99369E-006
   10523  0.10047E-005
   10524  0.10157E-005
   10525  0.82092E-006
   10526  0.82224E-006
   10527  0.82441E-006
   10528  0.82733E-006
   10529  0.83092E-006
   10530  0.83507E-006
   10531  0.83967E-006
   10532  0.84463E-006
   10533  0.84986E-006
   10534  0.85528E-006
   10535  0.86083E-006
   10536  0.86647E-006
   10537  0.87216E-006
   10538  0.87788E-006
   10539  0.88361E-006
   10540  0.88936E-006
   10541  0.89510E-006
   10542  0.90084E-006
   10543  0.90657E-006
   10544  0.91229E-006
   10545  0.91801E-006
   10546  0.92372E-006
   10547  0.92942E-006
   10548  0.93511E-006
   10549  0.94079E-006
   10550  0.94646E-006
   10551  0.95213E-006
   10552  0.95779E-006
   10553  0.96343E-006
   10554  0.96907E-006
   10555  0.97471E-006
   10556  0.98033E-006
   10557  0.98594E-006
   10558  0.99156E-006
   10559  0.99716E-006
   10560  0.79407E-006
   10561  0.79930E-006
   10562  0.80725E-006
   10563  0.81707E-006
   10564  0.82800E-006
   10565  0.83949E-006
   10566  0.85120E-006
   10567  0.86298E-006
   10568  0.87475E-006
   10569  0.88650E-006
   10570  0.89821E-006
   10571  0.90988E-006
   10572  0.92151E-006
   10573  0.93310E-006
   10574  0.94466E-006
   10575  0.95617E-006
   10576  0.96766E-006
   10577  0.76469E-006
   10578  0.76609E-006
   10579  0.76838E-006
   10580  0.77146E-006
   10581  0.77524E-006
   10582  0.77962E-006
   10583  0.78447E-006
   10584  0.78971E-006
   10585  0.79521E-006
   10586  0.80093E-006
   10587  0.80677E-006
   10588  0.81271E-006
   10589  0.81870E-006
   10590  0.82473E-006
   10591  0.83076E-006
   10592  0.83681E-006
   10593  0.84284E-006
   10594  0.84887E-006
   10595  0.85490E-006
   10596  0.86091E-006
   10597  0.86691E-006
   10598  0.87291E-006
   10599  0.87889E-006
   10600  0.88486E-006
   10601  0.89082E-006
   10602  0.89677E-006
   10603  0.90270E-006
   10604  0.90863E-006
   10605  0.91455E-006
   10606  0.92045E-006
   10607  0.92635E-006
   10608  0.93223E-006
   10609  0.93811E-006
   10610  0.94399E-006
   10611  0.94986E-006
   10612  0.73832E-006
   10613  0.74384E-006
   10614  0.75221E-006
   10615  0.76256E-006
   10616  0.77407E-006
   10617  0.78616E-006
   10618  0.79848E-006
   10619  0.81086E-006
   10620  0.82322E-006
   10621  0.83555E-006
   10622  0.84783E-006
   10623  0.86007E-006
   10624  0.87225E-006
   10625  0.88439E-006
   10626  0.89648E-006
   10627  0.90852E-006
   10628  0.92053E-006
   10629  0.70932E-006
   10630  0.71079E-006
   10631  0.71320E-006
   10632  0.71645E-006
   10633  0.72043E-006
   10634  0.72504E-006
   10635  0.73015E-006
   10636  0.73565E-006
   10637  0.74145E-006
   10638  0.74746E-006
   10639  0.75360E-006
   10640  0.75985E-006
   10641  0.76614E-006
   10642  0.77247E-006
   10643  0.77881E-006
   10644  0.78515E-006
   10645  0.79148E-006
   10646  0.79781E-006
   10647  0.80413E-006
   10648  0.81043E-006
   10649  0.81672E-006
   10650  0.82300E-006
   10651  0.82927E-006
   10652  0.83552E-006
   10653  0.84176E-006
   10654  0.84798E-006
   10655  0.85419E-006
   10656  0.86039E-006
   10657  0.86658E-006
   10658  0.87275E-006
   10659  0.87891E-006
   10660  0.88506E-006
   10661  0.89119E-006
   10662  0.89732E-006
   10663  0.90344E-006
   10664  0.68351E-006
   10665  0.68931E-006
   10666  0.69812E-006
   10667  0.70900E-006
   10668  0.72109E-006
   10669  0.73378E-006
   10670  0.74671E-006
   10671  0.75970E-006
   10672  0.77266E-006
   10673  0.78557E-006
   10674  0.79843E-006
   10675  0.81123E-006
   10676  0.82397E-006
   10677  0.83665E-006
   10678  0.84928E-006
   10679  0.86185E-006
   10680  0.87437E-006
   10681  0.65496E-006
   10682  0.65650E-006
   10683  0.65904E-006
   10684  0.66245E-006
   10685  0.66663E-006
   10686  0.67147E-006
   10687  0.67683E-006
   10688  0.68261E-006
   10689  0.68869E-006
   10690  0.69500E-006
   10691  0.70145E-006
   10692  0.70800E-006
   10693  0.71460E-006
   10694  0.72123E-006
   10695  0.72787E-006
   10696  0.73451E-006
   10697  0.74115E-006
   10698  0.74777E-006
   10699  0.75439E-006
   10700  0.76098E-006
   10701  0.76756E-006
   10702  0.77413E-006
   10703  0.78068E-006
   10704  0.78721E-006
   10705  0.79373E-006
   10706  0.80023E-006
   10707  0.80672E-006
   10708  0.81319E-006
   10709  0.81964E-006
   10710  0.82608E-006
   10711  0.83251E-006
   10712  0.83892E-006
   10713  0.84532E-006
   10714  0.85171E-006
   10715  0.85809E-006
   10716  0.62978E-006
   10717  0.63587E-006
   10718  0.64511E-006
   10719  0.65652E-006
   10720  0.66920E-006
   10721  0.68250E-006
   10722  0.69603E-006
   10723  0.70962E-006
   10724  0.72318E-006
   10725  0.73668E-006
   10726  0.75011E-006
   10727  0.76348E-006
   10728  0.77678E-006
   10729  0.79001E-006
   10730  0.80317E-006
   10731  0.81627E-006
   10732  0.82932E-006
   10733  0.60175E-006
   10734  0.60337E-006
   10735  0.60603E-006
   10736  0.60960E-006
   10737  0.61398E-006
   10738  0.61905E-006
   10739  0.62467E-006
   10740  0.63073E-006
   10741  0.63709E-006
   10742  0.64370E-006
   10743  0.65045E-006
   10744  0.65730E-006
   10745  0.66421E-006
   10746  0.67115E-006
   10747  0.67809E-006
   10748  0.68504E-006
   10749  0.69197E-006
   10750  0.69889E-006
   10751  0.70580E-006
   10752  0.71268E-006
   10753  0.71955E-006
   10754  0.72641E-006
   10755  0.73324E-006
   10756  0.74005E-006
   10757  0.74685E-006
   10758  0.75363E-006
   10759  0.76039E-006
   10760  0.76713E-006
   10761  0.77385E-006
   10762  0.78056E-006
   10763  0.78725E-006
   10764  0.79392E-006
   10765  0.80058E-006
   10766  0.80723E-006
   10767  0.81386E-006
   10768  0.57728E-006
   10769  0.58365E-006
   10770  0.59332E-006
   10771  0.60526E-006
   10772  0.61852E-006
   10773  0.63243E-006
   10774  0.64658E-006
   10775  0.66077E-006
   10776  0.67492E-006
   10777  0.68901E-006
   10778  0.70302E-006
   10779  0.71694E-006
   10780  0.73080E-006
   10781  0.74457E-006
   10782  0.75827E-006
   10783  0.77189E-006
   10784  0.78545E-006
   10785  0.54984E-006
   10786  0.55154E-006
   10787  0.55431E-006
   10788  0.55805E-006
   10789  0.56264E-006
   10790  0.56794E-006
   10791  0.57381E-006
   10792  0.58014E-006
   10793  0.58679E-006
   10794  0.59369E-006
   10795  0.60074E-006
   10796  0.60790E-006
   10797  0.61511E-006
   10798  0.62235E-006
   10799  0.62960E-006
   10800  0.63684E-006
   10801  0.64408E-006
   10802  0.65129E-006
   10803  0.65849E-006
   10804  0.66567E-006
   10805  0.67282E-006
   10806  0.67996E-006
   10807  0.68708E-006
   10808  0.69417E-006
   10809  0.70124E-006
   10810  0.70830E-006
   10811  0.71533E-006
   10812  0.72234E-006
   10813  0.72933E-006
   10814  0.73630E-006
   10815  0.74325E-006
   10816  0.75019E-006
   10817  0.75710E-006
   10818  0.76401E-006
   10819  0.77091E-006
   10820  0.52615E-006
   10821  0.53281E-006
   10822  0.54291E-006
   10823  0.55538E-006
   10824  0.56922E-006
   10825  0.58373E-006
   10826  0.59848E-006
   10827  0.61327E-006
   10828  0.62802E-006
   10829  0.64268E-006
   10830  0.65726E-006
   10831  0.67174E-006
   10832  0.68614E-006
   10833  0.70046E-006
   10834  0.71468E-006
   10835  0.72883E-006
   10836  0.74290E-006
   10837  0.49939E-006
   10838  0.50116E-006
   10839  0.50406E-006
   10840  0.50795E-006
   10841  0.51274E-006
   10842  0.51827E-006
   10843  0.52440E-006
   10844  0.53100E-006
   10845  0.53793E-006
   10846  0.54512E-006
   10847  0.55247E-006
   10848  0.55993E-006
   10849  0.56744E-006
   10850  0.57499E-006
   10851  0.58253E-006
   10852  0.59007E-006
   10853  0.59760E-006
   10854  0.60511E-006
   10855  0.61260E-006
   10856  0.62006E-006
   10857  0.62750E-006
   10858  0.63492E-006
   10859  0.64231E-006
   10860  0.64968E-006
   10861  0.65703E-006
   10862  0.66435E-006
   10863  0.67165E-006
   10864  0.67893E-006
   10865  0.68619E-006
   10866  0.69342E-006
   10867  0.70063E-006
   10868  0.70782E-006
   10869  0.71499E-006
   10870  0.72214E-006
   10871  0.72928E-006
   10872  0.47656E-006
   10873  0.48349E-006
   10874  0.49402E-006
   10875  0.50701E-006
   10876  0.52143E-006
   10877  0.53653E-006
   10878  0.55188E-006
   10879  0.56726E-006
   10880  0.58259E-006
   10881  0.59783E-006
   10882  0.61297E-006
   10883  0.62800E-006
   10884  0.64294E-006
   10885  0.65778E-006
   10886  0.67253E-006
   10887  0.68718E-006
   10888  0.70176E-006
   10889  0.45055E-006
   10890  0.45239E-006
   10891  0.45540E-006
   10892  0.45946E-006
   10893  0.46444E-006
   10894  0.47020E-006
   10895  0.47657E-006
   10896  0.48344E-006
   10897  0.49066E-006
   10898  0.49814E-006
   10899  0.50578E-006
   10900  0.51354E-006
   10901  0.52134E-006
   10902  0.52918E-006
   10903  0.53703E-006
   10904  0.54486E-006
   10905  0.55268E-006
   10906  0.56047E-006
   10907  0.56825E-006
   10908  0.57599E-006
   10909  0.58371E-006
   10910  0.59141E-006
   10911  0.59908E-006
   10912  0.60672E-006
   10913  0.61433E-006
   10914  0.62192E-006
   10915  0.62949E-006
   10916  0.63703E-006
   10917  0.64454E-006
   10918  0.65203E-006
   10919  0.65949E-006
   10920  0.66693E-006
   10921  0.67435E-006
   10922  0.68176E-006
   10923  0.68915E-006
   10924  0.42865E-006
   10925  0.43586E-006
   10926  0.44681E-006
   10927  0.46031E-006
   10928  0.47529E-006
   10929  0.49098E-006
   10930  0.50692E-006
   10931  0.52288E-006
   10932  0.53878E-006
   10933  0.55458E-006
   10934  0.57027E-006
   10935  0.58584E-006
   10936  0.60131E-006
   10937  0.61667E-006
   10938  0.63193E-006
   10939  0.64708E-006
   10940  0.66214E-006
   10941  0.40346E-006
   10942  0.40538E-006
   10943  0.40851E-006
   10944  0.41272E-006
   10945  0.41790E-006
   10946  0.42388E-006
   10947  0.43050E-006
   10948  0.43763E-006
   10949  0.44512E-006
   10950  0.45288E-006
   10951  0.46081E-006
   10952  0.46886E-006
   10953  0.47696E-006
   10954  0.48509E-006
   10955  0.49322E-006
   10956  0.50134E-006
   10957  0.50944E-006
   10958  0.51752E-006
   10959  0.52557E-006
   10960  0.53359E-006
   10961  0.54159E-006
   10962  0.54955E-006
   10963  0.55749E-006
   10964  0.56540E-006
   10965  0.57328E-006
   10966  0.58113E-006
   10967  0.58895E-006
   10968  0.59674E-006
   10969  0.60451E-006
   10970  0.61225E-006
   10971  0.61996E-006
   10972  0.62764E-006
   10973  0.63531E-006
   10974  0.64295E-006
   10975  0.65057E-006
   10976  0.38258E-006
   10977  0.39006E-006
   10978  0.40142E-006
   10979  0.41542E-006
   10980  0.43095E-006
   10981  0.44721E-006
   10982  0.46372E-006
   10983  0.48026E-006
   10984  0.49671E-006
   10985  0.51306E-006
   10986  0.52929E-006
   10987  0.54539E-006
   10988  0.56138E-006
   10989  0.57725E-006
   10990  0.59300E-006
   10991  0.60864E-006
   10992  0.62418E-006
   10993  0.35830E-006
   10994  0.36028E-006
   10995  0.36353E-006
   10996  0.36790E-006
   10997  0.37326E-006
   10998  0.37945E-006
   10999  0.38631E-006
   11000  0.39370E-006
   11001  0.40146E-006
   11002  0.40950E-006
   11003  0.41771E-006
   11004  0.42604E-006
   11005  0.43442E-006
   11006  0.44283E-006
   11007  0.45124E-006
   11008  0.45965E-006
   11009  0.46802E-006
   11010  0.47638E-006
   11011  0.48470E-006
   11012  0.49299E-006
   11013  0.50125E-006
   11014  0.50948E-006
   11015  0.51768E-006
   11016  0.52585E-006
   11017  0.53398E-006
   11018  0.54208E-006
   11019  0.55016E-006
   11020  0.55820E-006
   11021  0.56621E-006
   11022  0.57420E-006
   11023  0.58215E-006
   11024  0.59008E-006
   11025  0.59798E-006
   11026  0.60586E-006
   11027  0.61374E-006
   11028  0.33850E-006
   11029  0.34625E-006
   11030  0.35800E-006
   11031  0.37249E-006
   11032  0.38855E-006
   11033  0.40537E-006
   11034  0.42244E-006
   11035  0.43953E-006
   11036  0.45653E-006
   11037  0.47341E-006
   11038  0.49015E-006
   11039  0.50677E-006
   11040  0.52326E-006
   11041  0.53962E-006
   11042  0.55586E-006
   11043  0.57197E-006
   11044  0.58798E-006
   11045  0.31521E-006
   11046  0.31726E-006
   11047  0.32062E-006
   11048  0.32513E-006
   11049  0.33068E-006
   11050  0.33708E-006
   11051  0.34417E-006
   11052  0.35180E-006
   11053  0.35982E-006
   11054  0.36813E-006
   11055  0.37661E-006
   11056  0.38522E-006
   11057  0.39387E-006
   11058  0.40256E-006
   11059  0.41124E-006
   11060  0.41992E-006
   11061  0.42856E-006
   11062  0.43718E-006
   11063  0.44576E-006
   11064  0.45432E-006
   11065  0.46284E-006
   11066  0.47132E-006
   11067  0.47977E-006
   11068  0.48819E-006
   11069  0.49657E-006
   11070  0.50492E-006
   11071  0.51323E-006
   11072  0.52152E-006
   11073  0.52977E-006
   11074  0.53799E-006
   11075  0.54618E-006
   11076  0.55434E-006
   11077  0.56246E-006
   11078  0.57057E-006
   11079  0.57865E-006
   11080  0.29657E-006
   11081  0.30457E-006
   11082  0.31670E-006
   11083  0.33166E-006
   11084  0.34825E-006
   11085  0.36560E-006
   11086  0.38321E-006
   11087  0.40083E-006
   11088  0.41835E-006
   11089  0.43574E-006
   11090  0.45299E-006
   11091  0.47010E-006
   11092  0.48708E-006
   11093  0.50391E-006
   11094  0.52061E-006
   11095  0.53718E-006
   11096  0.55364E-006
   11097  0.27434E-006
   11098  0.27645E-006
   11099  0.27992E-006
   11100  0.28457E-006
   11101  0.29029E-006
   11102  0.29690E-006
   11103  0.30421E-006
   11104  0.31208E-006
   11105  0.32035E-006
   11106  0.32892E-006
   11107  0.33766E-006
   11108  0.34653E-006
   11109  0.35545E-006
   11110  0.36440E-006
   11111  0.37334E-006
   11112  0.38228E-006
   11113  0.39118E-006
   11114  0.40005E-006
   11115  0.40889E-006
   11116  0.41769E-006
   11117  0.42646E-006
   11118  0.43519E-006
   11119  0.44388E-006
   11120  0.45254E-006
   11121  0.46116E-006
   11122  0.46974E-006
   11123  0.47829E-006
   11124  0.48681E-006
   11125  0.49529E-006
   11126  0.50374E-006
   11127  0.51215E-006
   11128  0.52053E-006
   11129  0.52888E-006
   11130  0.53721E-006
   11131  0.54552E-006
   11132  0.25693E-006
   11133  0.26517E-006
   11134  0.27767E-006
   11135  0.29308E-006
   11136  0.31016E-006
   11137  0.32803E-006
   11138  0.34615E-006
   11139  0.36428E-006
   11140  0.38230E-006
   11141  0.40019E-006
   11142  0.41792E-006
   11143  0.43550E-006
   11144  0.45294E-006
   11145  0.47023E-006
   11146  0.48738E-006
   11147  0.50439E-006
   11148  0.52128E-006
   11149  0.23583E-006
   11150  0.23801E-006
   11151  0.24158E-006
   11152  0.24637E-006
   11153  0.25226E-006
   11154  0.25905E-006
   11155  0.26658E-006
   11156  0.27468E-006
   11157  0.28318E-006
   11158  0.29199E-006
   11159  0.30099E-006
   11160  0.31011E-006
   11161  0.31928E-006
   11162  0.32848E-006
   11163  0.33767E-006
   11164  0.34685E-006
   11165  0.35600E-006
   11166  0.36512E-006
   11167  0.37420E-006
   11168  0.38324E-006
   11169  0.39224E-006
   11170  0.40121E-006
   11171  0.41013E-006
   11172  0.41902E-006
   11173  0.42786E-006
   11174  0.43667E-006
   11175  0.44544E-006
   11176  0.45418E-006
   11177  0.46288E-006
   11178  0.47154E-006
   11179  0.48017E-006
   11180  0.48876E-006
   11181  0.49732E-006
   11182  0.50585E-006
   11183  0.51435E-006
   11184  0.21972E-006
   11185  0.22819E-006
   11186  0.24105E-006
   11187  0.25688E-006
   11188  0.27443E-006
   11189  0.29278E-006
   11190  0.31140E-006
   11191  0.33001E-006
   11192  0.34851E-006
   11193  0.36686E-006
   11194  0.38505E-006
   11195  0.40308E-006
   11196  0.42096E-006
   11197  0.43868E-006
   11198  0.45624E-006
   11199  0.47367E-006
   11200  0.49096E-006
   11201  0.19984E-006
   11202  0.20207E-006
   11203  0.20573E-006
   11204  0.21065E-006
   11205  0.21670E-006
   11206  0.22367E-006
   11207  0.23140E-006
   11208  0.23971E-006
   11209  0.24845E-006
   11210  0.25749E-006
   11211  0.26672E-006
   11212  0.27608E-006
   11213  0.28549E-006
   11214  0.29493E-006
   11215  0.30436E-006
   11216  0.31377E-006
   11217  0.32315E-006
   11218  0.33250E-006
   11219  0.34180E-006
   11220  0.35107E-006
   11221  0.36030E-006
   11222  0.36948E-006
   11223  0.37862E-006
   11224  0.38773E-006
   11225  0.39679E-006
   11226  0.40581E-006
   11227  0.41479E-006
   11228  0.42373E-006
   11229  0.43264E-006
   11230  0.44150E-006
   11231  0.45033E-006
   11232  0.45912E-006
   11233  0.46788E-006
   11234  0.47661E-006
   11235  0.48532E-006
   11236  0.18508E-006
   11237  0.19377E-006
   11238  0.20695E-006
   11239  0.22319E-006
   11240  0.24119E-006
   11241  0.26000E-006
   11242  0.27907E-006
   11243  0.29814E-006
   11244  0.31709E-006
   11245  0.33588E-006
   11246  0.35450E-006
   11247  0.37295E-006
   11248  0.39124E-006
   11249  0.40936E-006
   11250  0.42732E-006
   11251  0.44513E-006
   11252  0.46281E-006
   11253  0.16647E-006
   11254  0.16876E-006
   11255  0.17252E-006
   11256  0.17756E-006
   11257  0.18375E-006
   11258  0.19090E-006
   11259  0.19881E-006
   11260  0.20733E-006
   11261  0.21627E-006
   11262  0.22553E-006
   11263  0.23498E-006
   11264  0.24456E-006
   11265  0.25419E-006
   11266  0.26386E-006
   11267  0.27351E-006
   11268  0.28314E-006
   11269  0.29274E-006
   11270  0.30230E-006
   11271  0.31182E-006
   11272  0.32130E-006
   11273  0.33073E-006
   11274  0.34012E-006
   11275  0.34947E-006
   11276  0.35877E-006
   11277  0.36803E-006
   11278  0.37725E-006
   11279  0.38643E-006
   11280  0.39557E-006
   11281  0.40466E-006
   11282  0.41372E-006
   11283  0.42274E-006
   11284  0.43172E-006
   11285  0.44066E-006
   11286  0.44957E-006
   11287  0.45845E-006
   11288  0.15314E-006
   11289  0.16203E-006
   11290  0.17552E-006
   11291  0.19214E-006
   11292  0.21054E-006
   11293  0.22978E-006
   11294  0.24929E-006
   11295  0.26878E-006
   11296  0.28814E-006
   11297  0.30734E-006
   11298  0.32636E-006
   11299  0.34520E-006
   11300  0.36387E-006
   11301  0.38237E-006
   11302  0.40070E-006
   11303  0.41888E-006
   11304  0.43691E-006
   11305  0.13588E-006
   11306  0.13822E-006
   11307  0.14205E-006
   11308  0.14721E-006
   11309  0.15354E-006
   11310  0.16084E-006
   11311  0.16893E-006
   11312  0.17763E-006
   11313  0.18677E-006
   11314  0.19623E-006
   11315  0.20588E-006
   11316  0.21567E-006
   11317  0.22551E-006
   11318  0.23538E-006
   11319  0.24523E-006
   11320  0.25507E-006
   11321  0.26487E-006
   11322  0.27463E-006
   11323  0.28435E-006
   11324  0.29402E-006
   11325  0.30365E-006
   11326  0.31323E-006
   11327  0.32276E-006
   11328  0.33225E-006
   11329  0.34170E-006
   11330  0.35110E-006
   11331  0.36046E-006
   11332  0.36978E-006
   11333  0.37905E-006
   11334  0.38828E-006
   11335  0.39747E-006
   11336  0.40663E-006
   11337  0.41574E-006
   11338  0.42482E-006
   11339  0.43389E-006
   11340  0.12402E-006
   11341  0.13310E-006
   11342  0.14687E-006
   11343  0.16383E-006
   11344  0.18261E-006
   11345  0.20225E-006
   11346  0.22215E-006
   11347  0.24203E-006
   11348  0.26178E-006
   11349  0.28135E-006
   11350  0.30073E-006
   11351  0.31994E-006
   11352  0.33896E-006
   11353  0.35780E-006
   11354  0.37647E-006
   11355  0.39497E-006
   11356  0.41332E-006
   11357  0.10816E-006
   11358  0.11055E-006
   11359  0.11446E-006
   11360  0.11972E-006
   11361  0.12617E-006
   11362  0.13362E-006
   11363  0.14187E-006
   11364  0.15074E-006
   11365  0.16006E-006
   11366  0.16970E-006
   11367  0.17954E-006
   11368  0.18952E-006
   11369  0.19954E-006
   11370  0.20960E-006
   11371  0.21964E-006
   11372  0.22966E-006
   11373  0.23965E-006
   11374  0.24959E-006
   11375  0.25948E-006
   11376  0.26934E-006
   11377  0.27914E-006
   11378  0.28889E-006
   11379  0.29860E-006
   11380  0.30826E-006
   11381  0.31788E-006
   11382  0.32745E-006
   11383  0.33697E-006
   11384  0.34645E-006
   11385  0.35588E-006
   11386  0.36527E-006
   11387  0.37462E-006
   11388  0.38393E-006
   11389  0.39320E-006
   11390  0.40243E-006
   11391  0.41163E-006
   11392  0.97828E-007
   11393  0.10708E-006
   11394  0.12110E-006
   11395  0.13838E-006
   11396  0.15751E-006
   11397  0.17750E-006
   11398  0.19775E-006
   11399  0.21799E-006
   11400  0.23808E-006
   11401  0.25799E-006
   11402  0.27771E-006
   11403  0.29724E-006
   11404  0.31658E-006
   11405  0.33573E-006
   11406  0.35471E-006
   11407  0.37351E-006
   11408  0.39216E-006
   11409  0.83439E-007
   11410  0.85867E-007
   11411  0.89847E-007
   11412  0.95193E-007
   11413  0.10176E-006
   11414  0.10934E-006
   11415  0.11773E-006
   11416  0.12676E-006
   11417  0.13623E-006
   11418  0.14604E-006
   11419  0.15605E-006
   11420  0.16620E-006
   11421  0.17639E-006
   11422  0.18662E-006
   11423  0.19683E-006
   11424  0.20701E-006
   11425  0.21716E-006
   11426  0.22727E-006
   11427  0.23732E-006
   11428  0.24733E-006
   11429  0.25729E-006
   11430  0.26721E-006
   11431  0.27707E-006
   11432  0.28688E-006
   11433  0.29665E-006
   11434  0.30637E-006
   11435  0.31604E-006
   11436  0.32567E-006
   11437  0.33525E-006
   11438  0.34478E-006
   11439  0.35427E-006
   11440  0.36372E-006
   11441  0.37313E-006
   11442  0.38251E-006
   11443  0.39186E-006
   11444  0.74677E-007
   11445  0.84077E-007
   11446  0.98332E-007
   11447  0.11588E-006
   11448  0.13532E-006
   11449  0.15563E-006
   11450  0.17620E-006
   11451  0.19675E-006
   11452  0.21715E-006
   11453  0.23737E-006
   11454  0.25738E-006
   11455  0.27720E-006
   11456  0.29682E-006
   11457  0.31625E-006
   11458  0.33550E-006
   11459  0.35456E-006
   11460  0.37347E-006
   11461  0.61805E-007
   11462  0.64270E-007
   11463  0.68310E-007
   11464  0.73737E-007
   11465  0.80404E-007
   11466  0.88095E-007
   11467  0.96611E-007
   11468  0.10577E-006
   11469  0.11539E-006
   11470  0.12535E-006
   11471  0.13550E-006
   11472  0.14580E-006
   11473  0.15614E-006
   11474  0.16652E-006
   11475  0.17687E-006
   11476  0.18721E-006
   11477  0.19750E-006
   11478  0.20775E-006
   11479  0.21795E-006
   11480  0.22810E-006
   11481  0.23820E-006
   11482  0.24825E-006
   11483  0.25824E-006
   11484  0.26819E-006
   11485  0.27809E-006
   11486  0.28794E-006
   11487  0.29774E-006
   11488  0.30750E-006
   11489  0.31721E-006
   11490  0.32687E-006
   11491  0.33648E-006
   11492  0.34605E-006
   11493  0.35558E-006
   11494  0.36506E-006
   11495  0.37452E-006
   11496  0.54656E-007
   11497  0.64187E-007
   11498  0.78640E-007
   11499  0.96434E-007
   11500  0.11614E-006
   11501  0.13672E-006
   11502  0.15757E-006
   11503  0.17839E-006
   11504  0.19906E-006
   11505  0.21954E-006
   11506  0.23981E-006
   11507  0.25988E-006
   11508  0.27975E-006
   11509  0.29942E-006
   11510  0.31890E-006
   11511  0.33819E-006
   11512  0.35732E-006
   11513  0.43348E-007
   11514  0.45845E-007
   11515  0.49937E-007
   11516  0.55434E-007
   11517  0.62185E-007
   11518  0.69974E-007
   11519  0.78599E-007
   11520  0.87876E-007
   11521  0.97615E-007
   11522  0.10770E-006
   11523  0.11798E-006
   11524  0.12840E-006
   11525  0.13887E-006
   11526  0.14938E-006
   11527  0.15986E-006
   11528  0.17032E-006
   11529  0.18073E-006
   11530  0.19111E-006
   11531  0.20143E-006
   11532  0.21170E-006
   11533  0.22192E-006
   11534  0.23208E-006
   11535  0.24220E-006
   11536  0.25226E-006
   11537  0.26227E-006
   11538  0.27224E-006
   11539  0.28215E-006
   11540  0.29201E-006
   11541  0.30183E-006
   11542  0.31160E-006
   11543  0.32132E-006
   11544  0.33100E-006
   11545  0.34063E-006
   11546  0.35023E-006
   11547  0.35981E-006
   11548  0.37846E-007
   11549  0.47488E-007
   11550  0.62108E-007
   11551  0.80107E-007
   11552  0.10004E-006
   11553  0.12085E-006
   11554  0.14194E-006
   11555  0.16299E-006
   11556  0.18388E-006
   11557  0.20458E-006
   11558  0.22507E-006
   11559  0.24535E-006
   11560  0.26542E-006
   11561  0.28530E-006
   11562  0.30498E-006
   11563  0.32447E-006
   11564  0.34379E-006
   11565  0.28145E-007
   11566  0.30668E-007
   11567  0.34802E-007
   11568  0.40357E-007
   11569  0.47178E-007
   11570  0.55049E-007
   11571  0.63762E-007
   11572  0.73136E-007
   11573  0.82975E-007
   11574  0.93160E-007
   11575  0.10355E-006
   11576  0.11407E-006
   11577  0.12465E-006
   11578  0.13526E-006
   11579  0.14585E-006
   11580  0.15641E-006
   11581  0.16693E-006
   11582  0.17741E-006
   11583  0.18783E-006
   11584  0.19820E-006
   11585  0.20851E-006
   11586  0.21878E-006
   11587  0.22899E-006
   11588  0.23915E-006
   11589  0.24926E-006
   11590  0.25931E-006
   11591  0.26932E-006
   11592  0.27927E-006
   11593  0.28918E-006
   11594  0.29903E-006
   11595  0.30884E-006
   11596  0.31861E-006
   11597  0.32832E-006
   11598  0.33800E-006
   11599  0.34764E-006
   11600  0.24317E-007
   11601  0.34048E-007
   11602  0.48804E-007
   11603  0.66968E-007
   11604  0.87079E-007
   11605  0.10808E-006
   11606  0.12936E-006
   11607  0.15060E-006
   11608  0.17167E-006
   11609  0.19255E-006
   11610  0.21321E-006
   11611  0.23366E-006
   11612  0.25391E-006
   11613  0.27394E-006
   11614  0.29378E-006
   11615  0.31342E-006
   11616  0.33288E-006
   11617  0.16257E-007
   11618  0.18800E-007
   11619  0.22968E-007
   11620  0.28567E-007
   11621  0.35444E-007
   11622  0.43378E-007
   11623  0.52162E-007
   11624  0.61611E-007
   11625  0.71529E-007
   11626  0.81796E-007
   11627  0.92265E-007
   11628  0.10288E-006
   11629  0.11354E-006
   11630  0.12423E-006
   11631  0.13490E-006
   11632  0.14554E-006
   11633  0.15614E-006
   11634  0.16670E-006
   11635  0.17720E-006
   11636  0.18765E-006
   11637  0.19804E-006
   11638  0.20838E-006
   11639  0.21867E-006
   11640  0.22890E-006
   11641  0.23908E-006
   11642  0.24921E-006
   11643  0.25929E-006
   11644  0.26932E-006
   11645  0.27929E-006
   11646  0.28922E-006
   11647  0.29910E-006
   11648  0.30893E-006
   11649  0.31871E-006
   11650  0.32845E-006
   11651  0.33816E-006
   11652  0.14122E-007
   11653  0.23921E-007
   11654  0.38779E-007
   11655  0.57069E-007
   11656  0.77317E-007
   11657  0.98462E-007
   11658  0.11988E-006
   11659  0.14126E-006
   11660  0.16248E-006
   11661  0.18349E-006
   11662  0.20429E-006
   11663  0.22487E-006
   11664  0.24523E-006
   11665  0.26540E-006
   11666  0.28535E-006
   11667  0.30511E-006
   11668  0.32468E-006
   11669  0.77305E-008
   11670  0.10288E-007
   11671  0.14481E-007
   11672  0.20113E-007
   11673  0.27030E-007
   11674  0.35009E-007
   11675  0.43844E-007
   11676  0.53347E-007
   11677  0.63321E-007
   11678  0.73646E-007
   11679  0.84175E-007
   11680  0.94846E-007
   11681  0.10557E-006
   11682  0.11632E-006
   11683  0.12705E-006
   11684  0.13775E-006
   11685  0.14841E-006
   11686  0.15902E-006
   11687  0.16958E-006
   11688  0.18008E-006
   11689  0.19053E-006
   11690  0.20093E-006
   11691  0.21127E-006
   11692  0.22156E-006
   11693  0.23179E-006
   11694  0.24197E-006
   11695  0.25210E-006
   11696  0.26218E-006
   11697  0.27221E-006
   11698  0.28218E-006
   11699  0.29210E-006
   11700  0.30198E-006
   11701  0.31181E-006
   11702  0.32158E-006
   11703  0.33131E-006
   11704  0.73029E-008
   11705  0.17147E-007
   11706  0.32074E-007
   11707  0.50448E-007
   11708  0.70788E-007
   11709  0.92029E-007
   11710  0.11354E-006
   11711  0.13502E-006
   11712  0.15633E-006
   11713  0.17743E-006
   11714  0.19831E-006
   11715  0.21898E-006
   11716  0.23943E-006
   11717  0.25967E-006
   11718  0.27971E-006
   11719  0.29954E-006
   11720  0.31917E-006
   11721  0.26012E-008
   11722  0.51680E-008
   11723  0.93750E-008
   11724  0.15026E-007
   11725  0.21967E-007
   11726  0.29975E-007
   11727  0.38839E-007
   11728  0.48375E-007
   11729  0.58384E-007
   11730  0.68744E-007
   11731  0.79309E-007
   11732  0.90015E-007
   11733  0.10077E-006
   11734  0.11156E-006
   11735  0.12232E-006
   11736  0.13306E-006
   11737  0.14376E-006
   11738  0.15440E-006
   11739  0.16499E-006
   11740  0.17553E-006
   11741  0.18602E-006
   11742  0.19644E-006
   11743  0.20682E-006
   11744  0.21714E-006
   11745  0.22740E-006
   11746  0.23762E-006
   11747  0.24777E-006
   11748  0.25788E-006
   11749  0.26794E-006
   11750  0.27794E-006
   11751  0.28789E-006
   11752  0.29779E-006
   11753  0.30765E-006
   11754  0.31745E-006
   11755  0.32720E-006
   11756  0.38864E-008
   11757  0.13753E-007
   11758  0.28714E-007
   11759  0.47131E-007
   11760  0.67517E-007
   11761  0.88806E-007
   11762  0.11037E-006
   11763  0.13189E-006
   11764  0.15325E-006
   11765  0.17439E-006
   11766  0.19532E-006
   11767  0.21603E-006
   11768  0.23652E-006
   11769  0.25681E-006
   11770  0.27688E-006
   11771  0.29675E-006
   11772  0.31642E-006
