       1  0.22466E-006
      20  0.16399E-006
      21  0.16406E-006
      22  0.16427E-006
      23  0.16462E-006
      24  0.16511E-006
      25  0.16573E-006
      26  0.16648E-006
      27  0.16737E-006
      28  0.16838E-006
      29  0.16950E-006
      30  0.17075E-006
      31  0.17210E-006
      32  0.17355E-006
      33  0.17511E-006
      34  0.17675E-006
      35  0.17849E-006
      36  0.18030E-006
      37  0.18218E-006
      38  0.18413E-006
      39  0.18614E-006
      40  0.18821E-006
      41  0.19032E-006
      42  0.19248E-006
      43  0.19468E-006
      44  0.19690E-006
      45  0.19916E-006
      46  0.20144E-006
      47  0.20373E-006
      48  0.20604E-006
      49  0.20836E-006
      50  0.21069E-006
      51  0.21303E-006
      52  0.21536E-006
      53  0.21769E-006
      54  0.22002E-006
      55  0.22235E-006
     579   0.0000     
     597  0.19435E-006
     598  0.44173E-009
     599  0.17470E-008
     600  0.39068E-008
     601  0.68745E-008
     602  0.10614E-007
     603  0.15057E-007
     604  0.20146E-007
     605  0.25800E-007
     606  0.31947E-007
     607  0.38502E-007
     608  0.45387E-007
     609  0.52522E-007
     610  0.59830E-007
     611  0.67245E-007
     612  0.74697E-007
     613  0.82134E-007
     614  0.89501E-007
     615  0.96760E-007
     616  0.10387E-006
     617  0.11081E-006
     618  0.11756E-006
     619  0.12410E-006
     620  0.13042E-006
     621  0.13652E-006
     622  0.14239E-006
     623  0.14805E-006
     624  0.15350E-006
     625  0.15873E-006
     626  0.16377E-006
     627  0.16863E-006
     628  0.17330E-006
     629  0.17780E-006
     630  0.18215E-006
     631  0.18635E-006
     632  0.19041E-006
    2054  0.16083E-006
    2055  0.15759E-006
    2056  0.15427E-006
    2057  0.15087E-006
    2058  0.14739E-006
    2059  0.14382E-006
    2060  0.14015E-006
    2061  0.13638E-006
    2062  0.13252E-006
    2063  0.12854E-006
    2064  0.12445E-006
    2065  0.12024E-006
    2066  0.11590E-006
    2067  0.11142E-006
    2068  0.10681E-006
    2069  0.10204E-006
    2070  0.97119E-007
    2071  0.92028E-007
    2072  0.86760E-007
    2073  0.81311E-007
    2074  0.75668E-007
    2075  0.69839E-007
    2076  0.63815E-007
    2077  0.57623E-007
    2078  0.51272E-007
    2079  0.44828E-007
    2080  0.38330E-007
    2081  0.31897E-007
    2082  0.25624E-007
    2083  0.19676E-007
    2084  0.14207E-007
    2085  0.93971E-008
    2086  0.54361E-008
    2087  0.24594E-008
    2088  0.63570E-009
    2089  0.19437E-006
    2090  0.19447E-006
    2091  0.19464E-006
    2092  0.19487E-006
    2093  0.19517E-006
    2094  0.19553E-006
    2095  0.19595E-006
    2096  0.19643E-006
    2097  0.19696E-006
    2098  0.19755E-006
    2099  0.19819E-006
    2100  0.19888E-006
    2101  0.19961E-006
    2102  0.20039E-006
    2103  0.20121E-006
    2104  0.20207E-006
    2105  0.20297E-006
    2106  0.20391E-006
    2107  0.20487E-006
    2108  0.20587E-006
    2109  0.20690E-006
    2110  0.20795E-006
    2111  0.20903E-006
    2112  0.21014E-006
    2113  0.21126E-006
    2114  0.21241E-006
    2115  0.21357E-006
    2116  0.21475E-006
    2117  0.21595E-006
    2118  0.21716E-006
    2119  0.21839E-006
    2120  0.21962E-006
    2121  0.22087E-006
    2122  0.22212E-006
    2123  0.22339E-006
    2124  0.19056E-006
    2125  0.19099E-006
    2126  0.19170E-006
    2127  0.19267E-006
    2128  0.19387E-006
    2129  0.19529E-006
    2130  0.19691E-006
    2131  0.19870E-006
    2132  0.20064E-006
    2133  0.20271E-006
    2134  0.20491E-006
    2135  0.20720E-006
    2136  0.20958E-006
    2137  0.21204E-006
    2138  0.21455E-006
    2139  0.21711E-006
    2140  0.21971E-006
    2141  0.18639E-006
    2142  0.18651E-006
    2143  0.18671E-006
    2144  0.18698E-006
    2145  0.18733E-006
    2146  0.18775E-006
    2147  0.18824E-006
    2148  0.18880E-006
    2149  0.18942E-006
    2150  0.19010E-006
    2151  0.19083E-006
    2152  0.19162E-006
    2153  0.19246E-006
    2154  0.19335E-006
    2155  0.19428E-006
    2156  0.19525E-006
    2157  0.19626E-006
    2158  0.19731E-006
    2159  0.19839E-006
    2160  0.19950E-006
    2161  0.20065E-006
    2162  0.20182E-006
    2163  0.20301E-006
    2164  0.20423E-006
    2165  0.20547E-006
    2166  0.20673E-006
    2167  0.20800E-006
    2168  0.20929E-006
    2169  0.21060E-006
    2170  0.21192E-006
    2171  0.21325E-006
    2172  0.21459E-006
    2173  0.21593E-006
    2174  0.21729E-006
    2175  0.21865E-006
    2176  0.18232E-006
    2177  0.18284E-006
    2178  0.18368E-006
    2179  0.18481E-006
    2180  0.18622E-006
    2181  0.18785E-006
    2182  0.18970E-006
    2183  0.19173E-006
    2184  0.19392E-006
    2185  0.19624E-006
    2186  0.19868E-006
    2187  0.20122E-006
    2188  0.20384E-006
    2189  0.20652E-006
    2190  0.20926E-006
    2191  0.21205E-006
    2192  0.21486E-006
    2193  0.17785E-006
    2194  0.17799E-006
    2195  0.17823E-006
    2196  0.17856E-006
    2197  0.17898E-006
    2198  0.17947E-006
    2199  0.18005E-006
    2200  0.18071E-006
    2201  0.18143E-006
    2202  0.18222E-006
    2203  0.18308E-006
    2204  0.18399E-006
    2205  0.18495E-006
    2206  0.18597E-006
    2207  0.18703E-006
    2208  0.18813E-006
    2209  0.18928E-006
    2210  0.19046E-006
    2211  0.19168E-006
    2212  0.19292E-006
    2213  0.19420E-006
    2214  0.19550E-006
    2215  0.19682E-006
    2216  0.19817E-006
    2217  0.19954E-006
    2218  0.20092E-006
    2219  0.20232E-006
    2220  0.20373E-006
    2221  0.20516E-006
    2222  0.20660E-006
    2223  0.20804E-006
    2224  0.20949E-006
    2225  0.21095E-006
    2226  0.21242E-006
    2227  0.21389E-006
    2228  0.17351E-006
    2229  0.17413E-006
    2230  0.17513E-006
    2231  0.17648E-006
    2232  0.17812E-006
    2233  0.18003E-006
    2234  0.18215E-006
    2235  0.18447E-006
    2236  0.18694E-006
    2237  0.18955E-006
    2238  0.19227E-006
    2239  0.19509E-006
    2240  0.19798E-006
    2241  0.20092E-006
    2242  0.20391E-006
    2243  0.20693E-006
    2244  0.20997E-006
    2245  0.16868E-006
    2246  0.16886E-006
    2247  0.16915E-006
    2248  0.16954E-006
    2249  0.17004E-006
    2250  0.17064E-006
    2251  0.17134E-006
    2252  0.17211E-006
    2253  0.17297E-006
    2254  0.17390E-006
    2255  0.17490E-006
    2256  0.17596E-006
    2257  0.17708E-006
    2258  0.17825E-006
    2259  0.17946E-006
    2260  0.18072E-006
    2261  0.18202E-006
    2262  0.18336E-006
    2263  0.18473E-006
    2264  0.18613E-006
    2265  0.18756E-006
    2266  0.18901E-006
    2267  0.19048E-006
    2268  0.19197E-006
    2269  0.19348E-006
    2270  0.19501E-006
    2271  0.19654E-006
    2272  0.19809E-006
    2273  0.19965E-006
    2274  0.20122E-006
    2275  0.20279E-006
    2276  0.20436E-006
    2277  0.20594E-006
    2278  0.20753E-006
    2279  0.20911E-006
    2280  0.16403E-006
    2281  0.16479E-006
    2282  0.16600E-006
    2283  0.16761E-006
    2284  0.16956E-006
    2285  0.17179E-006
    2286  0.17425E-006
    2287  0.17691E-006
    2288  0.17972E-006
    2289  0.18266E-006
    2290  0.18570E-006
    2291  0.18883E-006
    2292  0.19202E-006
    2293  0.19525E-006
    2294  0.19851E-006
    2295  0.20179E-006
    2296  0.20508E-006
    2297  0.15881E-006
    2298  0.15902E-006
    2299  0.15937E-006
    2300  0.15986E-006
    2301  0.16047E-006
    2302  0.16120E-006
    2303  0.16203E-006
    2304  0.16297E-006
    2305  0.16399E-006
    2306  0.16510E-006
    2307  0.16627E-006
    2308  0.16752E-006
    2309  0.16882E-006
    2310  0.17017E-006
    2311  0.17157E-006
    2312  0.17302E-006
    2313  0.17450E-006
    2314  0.17602E-006
    2315  0.17757E-006
    2316  0.17914E-006
    2317  0.18074E-006
    2318  0.18236E-006
    2319  0.18400E-006
    2320  0.18566E-006
    2321  0.18733E-006
    2322  0.18901E-006
    2323  0.19069E-006
    2324  0.19239E-006
    2325  0.19409E-006
    2326  0.19580E-006
    2327  0.19751E-006
    2328  0.19922E-006
    2329  0.20093E-006
    2330  0.20263E-006
    2331  0.20434E-006
    2332  0.15381E-006
    2333  0.15475E-006
    2334  0.15623E-006
    2335  0.15818E-006
    2336  0.16051E-006
    2337  0.16313E-006
    2338  0.16600E-006
    2339  0.16906E-006
    2340  0.17226E-006
    2341  0.17558E-006
    2342  0.17899E-006
    2343  0.18246E-006
    2344  0.18598E-006
    2345  0.18953E-006
    2346  0.19308E-006
    2347  0.19665E-006
    2348  0.20020E-006
    2349  0.14814E-006
    2350  0.14841E-006
    2351  0.14885E-006
    2352  0.14945E-006
    2353  0.15020E-006
    2354  0.15109E-006
    2355  0.15211E-006
    2356  0.15324E-006
    2357  0.15447E-006
    2358  0.15579E-006
    2359  0.15718E-006
    2360  0.15865E-006
    2361  0.16017E-006
    2362  0.16175E-006
    2363  0.16337E-006
    2364  0.16503E-006
    2365  0.16672E-006
    2366  0.16845E-006
    2367  0.17020E-006
    2368  0.17198E-006
    2369  0.17378E-006
    2370  0.17559E-006
    2371  0.17741E-006
    2372  0.17925E-006
    2373  0.18109E-006
    2374  0.18294E-006
    2375  0.18480E-006
    2376  0.18666E-006
    2377  0.18852E-006
    2378  0.19037E-006
    2379  0.19223E-006
    2380  0.19408E-006
    2381  0.19593E-006
    2382  0.19777E-006
    2383  0.19961E-006
    2384  0.14279E-006
    2385  0.14395E-006
    2386  0.14578E-006
    2387  0.14815E-006
    2388  0.15095E-006
    2389  0.15406E-006
    2390  0.15741E-006
    2391  0.16093E-006
    2392  0.16459E-006
    2393  0.16834E-006
    2394  0.17216E-006
    2395  0.17602E-006
    2396  0.17990E-006
    2397  0.18379E-006
    2398  0.18767E-006
    2399  0.19153E-006
    2400  0.19536E-006
    2401  0.13663E-006
    2402  0.13696E-006
    2403  0.13751E-006
    2404  0.13826E-006
    2405  0.13919E-006
    2406  0.14029E-006
    2407  0.14154E-006
    2408  0.14291E-006
    2409  0.14440E-006
    2410  0.14598E-006
    2411  0.14764E-006
    2412  0.14937E-006
    2413  0.15116E-006
    2414  0.15299E-006
    2415  0.15487E-006
    2416  0.15678E-006
    2417  0.15872E-006
    2418  0.16069E-006
    2419  0.16268E-006
    2420  0.16468E-006
    2421  0.16669E-006
    2422  0.16872E-006
    2423  0.17075E-006
    2424  0.17279E-006
    2425  0.17483E-006
    2426  0.17686E-006
    2427  0.17890E-006
    2428  0.18093E-006
    2429  0.18296E-006
    2430  0.18498E-006
    2431  0.18699E-006
    2432  0.18899E-006
    2433  0.19099E-006
    2434  0.19297E-006
    2435  0.19494E-006
    2436  0.13092E-006
    2437  0.13236E-006
    2438  0.13462E-006
    2439  0.13752E-006
    2440  0.14089E-006
    2441  0.14459E-006
    2442  0.14851E-006
    2443  0.15258E-006
    2444  0.15675E-006
    2445  0.16099E-006
    2446  0.16527E-006
    2447  0.16955E-006
    2448  0.17383E-006
    2449  0.17808E-006
    2450  0.18230E-006
    2451  0.18648E-006
    2452  0.19061E-006
    2453  0.12424E-006
    2454  0.12466E-006
    2455  0.12534E-006
    2456  0.12627E-006
    2457  0.12743E-006
    2458  0.12879E-006
    2459  0.13031E-006
    2460  0.13199E-006
    2461  0.13379E-006
    2462  0.13569E-006
    2463  0.13767E-006
    2464  0.13971E-006
    2465  0.14181E-006
    2466  0.14396E-006
    2467  0.14613E-006
    2468  0.14833E-006
    2469  0.15055E-006
    2470  0.15279E-006
    2471  0.15504E-006
    2472  0.15729E-006
    2473  0.15955E-006
    2474  0.16181E-006
    2475  0.16407E-006
    2476  0.16632E-006
    2477  0.16857E-006
    2478  0.17081E-006
    2479  0.17304E-006
    2480  0.17526E-006
    2481  0.17746E-006
    2482  0.17965E-006
    2483  0.18183E-006
    2484  0.18399E-006
    2485  0.18614E-006
    2486  0.18827E-006
    2487  0.19038E-006
    2488  0.11818E-006
    2489  0.11999E-006
    2490  0.12278E-006
    2491  0.12632E-006
    2492  0.13038E-006
    2493  0.13477E-006
    2494  0.13935E-006
    2495  0.14405E-006
    2496  0.14881E-006
    2497  0.15359E-006
    2498  0.15836E-006
    2499  0.16311E-006
    2500  0.16781E-006
    2501  0.17246E-006
    2502  0.17704E-006
    2503  0.18154E-006
    2504  0.18597E-006
    2505  0.11099E-006
    2506  0.11151E-006
    2507  0.11237E-006
    2508  0.11352E-006
    2509  0.11496E-006
    2510  0.11663E-006
    2511  0.11850E-006
    2512  0.12054E-006
    2513  0.12271E-006
    2514  0.12498E-006
    2515  0.12734E-006
    2516  0.12975E-006
    2517  0.13221E-006
    2518  0.13471E-006
    2519  0.13722E-006
    2520  0.13975E-006
    2521  0.14229E-006
    2522  0.14482E-006
    2523  0.14736E-006
    2524  0.14989E-006
    2525  0.15242E-006
    2526  0.15493E-006
    2527  0.15743E-006
    2528  0.15992E-006
    2529  0.16239E-006
    2530  0.16484E-006
    2531  0.16728E-006
    2532  0.16969E-006
    2533  0.17208E-006
    2534  0.17445E-006
    2535  0.17680E-006
    2536  0.17913E-006
    2537  0.18144E-006
    2538  0.18372E-006
    2539  0.18597E-006
    2540  0.10465E-006
    2541  0.10689E-006
    2542  0.11033E-006
    2543  0.11464E-006
    2544  0.11950E-006
    2545  0.12469E-006
    2546  0.13004E-006
    2547  0.13544E-006
    2548  0.14084E-006
    2549  0.14622E-006
    2550  0.15153E-006
    2551  0.15676E-006
    2552  0.16191E-006
    2553  0.16697E-006
    2554  0.17192E-006
    2555  0.17677E-006
    2556  0.18151E-006
    2557  0.96982E-007
    2558  0.97626E-007
    2559  0.98684E-007
    2560  0.10011E-006
    2561  0.10187E-006
    2562  0.10391E-006
    2563  0.10619E-006
    2564  0.10865E-006
    2565  0.11126E-006
    2566  0.11397E-006
    2567  0.11676E-006
    2568  0.11960E-006
    2569  0.12247E-006
    2570  0.12535E-006
    2571  0.12825E-006
    2572  0.13114E-006
    2573  0.13402E-006
    2574  0.13689E-006
    2575  0.13974E-006
    2576  0.14257E-006
    2577  0.14538E-006
    2578  0.14816E-006
    2579  0.15092E-006
    2580  0.15365E-006
    2581  0.15636E-006
    2582  0.15903E-006
    2583  0.16168E-006
    2584  0.16430E-006
    2585  0.16688E-006
    2586  0.16944E-006
    2587  0.17196E-006
    2588  0.17446E-006
    2589  0.17692E-006
    2590  0.17935E-006
    2591  0.18176E-006
    2592  0.90461E-007
    2593  0.93211E-007
    2594  0.97404E-007
    2595  0.10260E-006
    2596  0.10840E-006
    2597  0.11449E-006
    2598  0.12068E-006
    2599  0.12686E-006
    2600  0.13297E-006
    2601  0.13897E-006
    2602  0.14485E-006
    2603  0.15060E-006
    2604  0.15621E-006
    2605  0.16169E-006
    2606  0.16702E-006
    2607  0.17221E-006
    2608  0.17726E-006
    2609  0.82407E-007
    2610  0.83196E-007
    2611  0.84489E-007
    2612  0.86227E-007
    2613  0.88366E-007
    2614  0.90835E-007
    2615  0.93573E-007
    2616  0.96520E-007
    2617  0.99617E-007
    2618  0.10282E-006
    2619  0.10609E-006
    2620  0.10940E-006
    2621  0.11272E-006
    2622  0.11604E-006
    2623  0.11935E-006
    2624  0.12263E-006
    2625  0.12588E-006
    2626  0.12910E-006
    2627  0.13228E-006
    2628  0.13543E-006
    2629  0.13854E-006
    2630  0.14160E-006
    2631  0.14463E-006
    2632  0.14762E-006
    2633  0.15056E-006
    2634  0.15346E-006
    2635  0.15633E-006
    2636  0.15915E-006
    2637  0.16193E-006
    2638  0.16467E-006
    2639  0.16737E-006
    2640  0.17003E-006
    2641  0.17265E-006
    2642  0.17524E-006
    2643  0.17779E-006
    2644  0.75865E-007
    2645  0.79195E-007
    2646  0.84240E-007
    2647  0.90437E-007
    2648  0.97268E-007
    2649  0.10435E-006
    2650  0.11146E-006
    2651  0.11847E-006
    2652  0.12531E-006
    2653  0.13197E-006
    2654  0.13844E-006
    2655  0.14471E-006
    2656  0.15080E-006
    2657  0.15669E-006
    2658  0.16240E-006
    2659  0.16793E-006
    2660  0.17329E-006
    2661  0.67574E-007
    2662  0.68524E-007
    2663  0.70080E-007
    2664  0.72166E-007
    2665  0.74724E-007
    2666  0.77667E-007
    2667  0.80914E-007
    2668  0.84394E-007
    2669  0.88029E-007
    2670  0.91772E-007
    2671  0.95563E-007
    2672  0.99379E-007
    2673  0.10318E-006
    2674  0.10696E-006
    2675  0.11070E-006
    2676  0.11439E-006
    2677  0.11803E-006
    2678  0.12161E-006
    2679  0.12514E-006
    2680  0.12861E-006
    2681  0.13202E-006
    2682  0.13537E-006
    2683  0.13867E-006
    2684  0.14191E-006
    2685  0.14509E-006
    2686  0.14822E-006
    2687  0.15130E-006
    2688  0.15432E-006
    2689  0.15730E-006
    2690  0.16022E-006
    2691  0.16309E-006
    2692  0.16592E-006
    2693  0.16869E-006
    2694  0.17142E-006
    2695  0.17411E-006
    2696  0.61224E-007
    2697  0.65188E-007
    2698  0.71159E-007
    2699  0.78433E-007
    2700  0.86370E-007
    2701  0.94509E-007
    2702  0.10257E-006
    2703  0.11043E-006
    2704  0.11804E-006
    2705  0.12536E-006
    2706  0.13242E-006
    2707  0.13921E-006
    2708  0.14576E-006
    2709  0.15206E-006
    2710  0.15814E-006
    2711  0.16399E-006
    2712  0.16965E-006
    2713  0.52911E-007
    2714  0.54033E-007
    2715  0.55869E-007
    2716  0.58326E-007
    2717  0.61330E-007
    2718  0.64776E-007
    2719  0.68563E-007
    2720  0.72604E-007
    2721  0.76805E-007
    2722  0.81107E-007
    2723  0.85442E-007
    2724  0.89780E-007
    2725  0.94080E-007
    2726  0.98331E-007
    2727  0.10251E-006
    2728  0.10662E-006
    2729  0.11065E-006
    2730  0.11459E-006
    2731  0.11846E-006
    2732  0.12225E-006
    2733  0.12596E-006
    2734  0.12959E-006
    2735  0.13315E-006
    2736  0.13664E-006
    2737  0.14006E-006
    2738  0.14341E-006
    2739  0.14669E-006
    2740  0.14991E-006
    2741  0.15307E-006
    2742  0.15616E-006
    2743  0.15920E-006
    2744  0.16218E-006
    2745  0.16510E-006
    2746  0.16797E-006
    2747  0.17079E-006
    2748  0.47016E-007
    2749  0.51640E-007
    2750  0.58572E-007
    2751  0.66956E-007
    2752  0.76025E-007
    2753  0.85231E-007
    2754  0.94261E-007
    2755  0.10297E-006
    2756  0.11132E-006
    2757  0.11929E-006
    2758  0.12692E-006
    2759  0.13421E-006
    2760  0.14119E-006
    2761  0.14788E-006
    2762  0.15430E-006
    2763  0.16047E-006
    2764  0.16639E-006
    2765  0.38953E-007
    2766  0.40249E-007
    2767  0.42370E-007
    2768  0.45202E-007
    2769  0.48658E-007
    2770  0.52611E-007
    2771  0.56941E-007
    2772  0.61545E-007
    2773  0.66311E-007
    2774  0.71171E-007
    2775  0.76046E-007
    2776  0.80901E-007
    2777  0.85689E-007
    2778  0.90400E-007
    2779  0.95010E-007
    2780  0.99521E-007
    2781  0.10392E-006
    2782  0.10822E-006
    2783  0.11242E-006
    2784  0.11651E-006
    2785  0.12050E-006
    2786  0.12440E-006
    2787  0.12821E-006
    2788  0.13193E-006
    2789  0.13557E-006
    2790  0.13912E-006
    2791  0.14259E-006
    2792  0.14599E-006
    2793  0.14932E-006
    2794  0.15257E-006
    2795  0.15576E-006
    2796  0.15888E-006
    2797  0.16193E-006
    2798  0.16493E-006
    2799  0.16787E-006
    2800  0.33809E-007
    2801  0.39082E-007
    2802  0.46956E-007
    2803  0.56426E-007
    2804  0.66593E-007
    2805  0.76828E-007
    2806  0.86779E-007
    2807  0.96294E-007
    2808  0.10534E-006
    2809  0.11392E-006
    2810  0.12207E-006
    2811  0.12982E-006
    2812  0.13720E-006
    2813  0.14424E-006
    2814  0.15097E-006
    2815  0.15741E-006
    2816  0.16358E-006
    2817  0.26310E-007
    2818  0.27773E-007
    2819  0.30164E-007
    2820  0.33354E-007
    2821  0.37239E-007
    2822  0.41673E-007
    2823  0.46518E-007
    2824  0.51654E-007
    2825  0.56953E-007
    2826  0.62337E-007
    2827  0.67716E-007
    2828  0.73053E-007
    2829  0.78295E-007
    2830  0.83432E-007
    2831  0.88439E-007
    2832  0.93320E-007
    2833  0.98065E-007
    2834  0.10268E-006
    2835  0.10717E-006
    2836  0.11154E-006
    2837  0.11579E-006
    2838  0.11993E-006
    2839  0.12396E-006
    2840  0.12789E-006
    2841  0.13172E-006
    2842  0.13545E-006
    2843  0.13909E-006
    2844  0.14265E-006
    2845  0.14612E-006
    2846  0.14952E-006
    2847  0.15284E-006
    2848  0.15608E-006
    2849  0.15925E-006
    2850  0.16236E-006
    2851  0.16540E-006
    2852  0.22222E-007
    2853  0.28091E-007
    2854  0.36828E-007
    2855  0.47287E-007
    2856  0.58452E-007
    2857  0.69615E-007
    2858  0.80391E-007
    2859  0.90623E-007
    2860  0.10028E-006
    2861  0.10939E-006
    2862  0.11800E-006
    2863  0.12615E-006
    2864  0.13388E-006
    2865  0.14122E-006
    2866  0.14821E-006
    2867  0.15489E-006
    2868  0.16126E-006
    2869  0.15618E-007
    2870  0.17228E-007
    2871  0.19857E-007
    2872  0.23361E-007
    2873  0.27623E-007
    2874  0.32480E-007
    2875  0.37775E-007
    2876  0.43376E-007
    2877  0.49139E-007
    2878  0.54979E-007
    2879  0.60796E-007
    2880  0.66550E-007
    2881  0.72183E-007
    2882  0.77686E-007
    2883  0.83033E-007
    2884  0.88229E-007
    2885  0.93267E-007
    2886  0.98155E-007
    2887  0.10290E-006
    2888  0.10750E-006
    2889  0.11196E-006
    2890  0.11630E-006
    2891  0.12052E-006
    2892  0.12462E-006
    2893  0.12861E-006
    2894  0.13249E-006
    2895  0.13627E-006
    2896  0.13996E-006
    2897  0.14356E-006
    2898  0.14707E-006
    2899  0.15049E-006
    2900  0.15384E-006
    2901  0.15711E-006
    2902  0.16030E-006
    2903  0.16343E-006
    2904  0.12868E-007
    2905  0.19235E-007
    2906  0.28691E-007
    2907  0.39974E-007
    2908  0.51964E-007
    2909  0.63893E-007
    2910  0.75345E-007
    2911  0.86161E-007
    2912  0.96321E-007
    2913  0.10586E-006
    2914  0.11484E-006
    2915  0.12330E-006
    2916  0.13130E-006
    2917  0.13888E-006
    2918  0.14609E-006
    2919  0.15294E-006
    2920  0.15948E-006
    2921  0.74756E-008
    2922  0.92006E-008
    2923  0.12017E-007
    2924  0.15767E-007
    2925  0.20324E-007
    2926  0.25510E-007
    2927  0.31158E-007
    2928  0.37121E-007
    2929  0.43245E-007
    2930  0.49440E-007
    2931  0.55596E-007
    2932  0.61672E-007
    2933  0.67608E-007
    2934  0.73393E-007
    2935  0.79001E-007
    2936  0.84439E-007
    2937  0.89701E-007
    2938  0.94795E-007
    2939  0.99726E-007
    2940  0.10450E-006
    2941  0.10913E-006
    2942  0.11362E-006
    2943  0.11798E-006
    2944  0.12221E-006
    2945  0.12632E-006
    2946  0.13032E-006
    2947  0.13421E-006
    2948  0.13799E-006
    2949  0.14168E-006
    2950  0.14528E-006
    2951  0.14878E-006
    2952  0.15220E-006
    2953  0.15554E-006
    2954  0.15880E-006
    2955  0.16199E-006
    2956  0.62900E-008
    2957  0.13016E-007
    2958  0.22989E-007
    2959  0.34862E-007
    2960  0.47444E-007
    2961  0.59918E-007
    2962  0.71852E-007
    2963  0.83082E-007
    2964  0.93594E-007
    2965  0.10343E-006
    2966  0.11267E-006
    2967  0.12135E-006
    2968  0.12954E-006
    2969  0.13729E-006
    2970  0.14464E-006
    2971  0.15162E-006
    2972  0.15827E-006
    2973  0.23738E-008
    2974  0.41723E-008
    2975  0.71080E-008
    2976  0.11015E-007
    2977  0.15760E-007
    2978  0.21157E-007
    2979  0.27028E-007
    2980  0.33222E-007
    2981  0.39576E-007
    2982  0.45996E-007
    2983  0.52367E-007
    2984  0.58648E-007
    2985  0.64774E-007
    2986  0.70737E-007
    2987  0.76511E-007
    2988  0.82101E-007
    2989  0.87503E-007
    2990  0.92727E-007
    2991  0.97777E-007
    2992  0.10266E-006
    2993  0.10739E-006
    2994  0.11198E-006
    2995  0.11642E-006
    2996  0.12073E-006
    2997  0.12492E-006
    2998  0.12899E-006
    2999  0.13294E-006
    3000  0.13679E-006
    3001  0.14053E-006
    3002  0.14418E-006
    3003  0.14774E-006
    3004  0.15121E-006
    3005  0.15459E-006
    3006  0.15789E-006
    3007  0.16112E-006
    3008  0.28925E-008
    3009  0.98058E-008
    3010  0.20050E-007
    3011  0.32232E-007
    3012  0.45122E-007
    3013  0.57881E-007
    3014  0.70065E-007
    3015  0.81509E-007
    3016  0.92204E-007
    3017  0.10220E-006
    3018  0.11156E-006
    3019  0.12036E-006
    3020  0.12865E-006
    3021  0.13649E-006
    3022  0.14391E-006
    3023  0.15095E-006
    3024  0.15766E-006
