       1  0.10175E-004
      20  0.10756E-005
      21  0.10767E-005
      22  0.10798E-005
      23  0.10853E-005
      24  0.10928E-005
      25  0.11026E-005
      26  0.11145E-005
      27  0.11283E-005
      28  0.11442E-005
      29  0.11623E-005
      30  0.11825E-005
      31  0.12045E-005
      32  0.12285E-005
      33  0.12548E-005
      34  0.12831E-005
      35  0.13131E-005
      36  0.13449E-005
      37  0.13789E-005
      38  0.14148E-005
      39  0.14524E-005
      40  0.14917E-005
      41  0.15330E-005
      42  0.15760E-005
      43  0.16207E-005
      44  0.16669E-005
      45  0.17150E-005
      46  0.17647E-005
      47  0.18158E-005
      48  0.18684E-005
      49  0.19227E-005
      50  0.19784E-005
      51  0.20354E-005
      52  0.20936E-005
      53  0.21534E-005
      54  0.22145E-005
      55  0.22767E-005
      56  0.23400E-005
      57  0.24046E-005
      58  0.24703E-005
      59  0.25370E-005
      60  0.26046E-005
      61  0.26734E-005
      62  0.27431E-005
      63  0.28135E-005
      64  0.28848E-005
      65  0.29570E-005
      66  0.30300E-005
      67  0.31036E-005
      68  0.31777E-005
      69  0.32527E-005
      70  0.33282E-005
      71  0.34043E-005
      72  0.34808E-005
      73  0.35579E-005
      74  0.36354E-005
      75  0.37133E-005
      76  0.37915E-005
      77  0.38702E-005
      78  0.39492E-005
      79  0.40284E-005
      80  0.41078E-005
      81  0.41874E-005
      82  0.42673E-005
      83  0.43473E-005
      84  0.44273E-005
      85  0.45075E-005
      86  0.45878E-005
      87  0.46682E-005
      88  0.47485E-005
      89  0.48288E-005
      90  0.49092E-005
      91  0.49894E-005
      92  0.50696E-005
      93  0.51497E-005
      94  0.52297E-005
      95  0.53097E-005
      96  0.53894E-005
      97  0.54690E-005
      98  0.55484E-005
      99  0.56277E-005
     100  0.57067E-005
     101  0.57856E-005
     102  0.58642E-005
     103  0.59426E-005
     104  0.60207E-005
     105  0.60986E-005
     106  0.61763E-005
     107  0.62537E-005
     108  0.63308E-005
     109  0.64076E-005
     110  0.64842E-005
     111  0.65605E-005
     112  0.66364E-005
     113  0.67121E-005
     114  0.67874E-005
     115  0.68625E-005
     116  0.69373E-005
     117  0.70117E-005
     118  0.70858E-005
     119  0.71596E-005
     120  0.72331E-005
     121  0.73063E-005
     122  0.73792E-005
     123  0.74517E-005
     124  0.75239E-005
     125  0.75958E-005
     126  0.76673E-005
     127  0.77386E-005
     128  0.78096E-005
     129  0.78802E-005
     130  0.79505E-005
     131  0.80205E-005
     132  0.80902E-005
     133  0.81596E-005
     134  0.82287E-005
     135  0.82975E-005
     136  0.83660E-005
     137  0.84342E-005
     138  0.85021E-005
     139  0.85697E-005
     140  0.86370E-005
     141  0.87040E-005
     142  0.87708E-005
     143  0.88373E-005
     144  0.89035E-005
     145  0.89694E-005
     146  0.90351E-005
     147  0.91005E-005
     148  0.91657E-005
     149  0.92306E-005
     150  0.92952E-005
     151  0.93596E-005
     152  0.94237E-005
     153  0.94876E-005
     154  0.95513E-005
     155  0.96147E-005
     156  0.96779E-005
     157  0.97409E-005
     158  0.98036E-005
     159  0.98661E-005
     160  0.99284E-005
     161  0.99904E-005
     162  0.10052E-004
     163  0.10114E-004
    2253   0.0000     
    2271  0.10158E-004
    2272  0.13649E-008
    2273  0.54557E-008
    2274  0.12270E-007
    2275  0.21800E-007
    2276  0.34036E-007
    2277  0.48963E-007
    2278  0.66570E-007
    2279  0.86835E-007
    2280  0.10974E-006
    2281  0.13526E-006
    2282  0.16336E-006
    2283  0.19402E-006
    2284  0.22721E-006
    2285  0.26289E-006
    2286  0.30102E-006
    2287  0.34157E-006
    2288  0.38449E-006
    2289  0.42974E-006
    2290  0.47727E-006
    2291  0.52704E-006
    2292  0.57900E-006
    2293  0.63309E-006
    2294  0.68927E-006
    2295  0.74747E-006
    2296  0.80766E-006
    2297  0.86976E-006
    2298  0.93373E-006
    2299  0.99950E-006
    2300  0.10670E-005
    2301  0.11362E-005
    2302  0.12070E-005
    2303  0.12794E-005
    2304  0.13533E-005
    2305  0.14286E-005
    2306  0.15053E-005
    2307  0.15833E-005
    2308  0.16626E-005
    2309  0.17431E-005
    2310  0.18246E-005
    2311  0.19073E-005
    2312  0.19909E-005
    2313  0.20755E-005
    2314  0.21610E-005
    2315  0.22473E-005
    2316  0.23343E-005
    2317  0.24221E-005
    2318  0.25105E-005
    2319  0.25995E-005
    2320  0.26891E-005
    2321  0.27792E-005
    2322  0.28696E-005
    2323  0.29605E-005
    2324  0.30517E-005
    2325  0.31433E-005
    2326  0.32350E-005
    2327  0.33270E-005
    2328  0.34191E-005
    2329  0.35113E-005
    2330  0.36036E-005
    2331  0.36959E-005
    2332  0.37882E-005
    2333  0.38805E-005
    2334  0.39727E-005
    2335  0.40648E-005
    2336  0.41568E-005
    2337  0.42486E-005
    2338  0.43402E-005
    2339  0.44316E-005
    2340  0.45227E-005
    2341  0.46135E-005
    2342  0.47041E-005
    2343  0.47943E-005
    2344  0.48842E-005
    2345  0.49737E-005
    2346  0.50629E-005
    2347  0.51516E-005
    2348  0.52400E-005
    2349  0.53280E-005
    2350  0.54155E-005
    2351  0.55026E-005
    2352  0.55892E-005
    2353  0.56754E-005
    2354  0.57611E-005
    2355  0.58463E-005
    2356  0.59310E-005
    2357  0.60153E-005
    2358  0.60991E-005
    2359  0.61824E-005
    2360  0.62652E-005
    2361  0.63475E-005
    2362  0.64292E-005
    2363  0.65105E-005
    2364  0.65914E-005
    2365  0.66717E-005
    2366  0.67515E-005
    2367  0.68308E-005
    2368  0.69096E-005
    2369  0.69880E-005
    2370  0.70658E-005
    2371  0.71432E-005
    2372  0.72201E-005
    2373  0.72965E-005
    2374  0.73725E-005
    2375  0.74480E-005
    2376  0.75230E-005
    2377  0.75976E-005
    2378  0.76717E-005
    2379  0.77454E-005
    2380  0.78187E-005
    2381  0.78915E-005
    2382  0.79639E-005
    2383  0.80359E-005
    2384  0.81075E-005
    2385  0.81787E-005
    2386  0.82495E-005
    2387  0.83199E-005
    2388  0.83899E-005
    2389  0.84595E-005
    2390  0.85288E-005
    2391  0.85977E-005
    2392  0.86663E-005
    2393  0.87345E-005
    2394  0.88023E-005
    2395  0.88698E-005
    2396  0.89370E-005
    2397  0.90038E-005
    2398  0.90704E-005
    2399  0.91366E-005
    2400  0.92025E-005
    2401  0.92681E-005
    2402  0.93335E-005
    2403  0.93985E-005
    2404  0.94632E-005
    2405  0.95277E-005
    2406  0.95919E-005
    2407  0.96558E-005
    2408  0.97195E-005
    2409  0.97829E-005
    2410  0.98460E-005
    2411  0.99090E-005
    2412  0.99716E-005
    2413  0.10034E-004
    2414  0.10096E-004
    7994  0.10447E-005
    7995  0.10136E-005
    7996  0.98236E-006
    7997  0.95095E-006
    7998  0.91938E-006
    7999  0.88764E-006
    8000  0.85572E-006
    8001  0.82363E-006
    8002  0.79136E-006
    8003  0.75891E-006
    8004  0.72628E-006
    8005  0.69346E-006
    8006  0.66046E-006
    8007  0.62727E-006
    8008  0.59388E-006
    8009  0.56031E-006
    8010  0.52654E-006
    8011  0.49257E-006
    8012  0.45842E-006
    8013  0.42409E-006
    8014  0.38959E-006
    8015  0.35498E-006
    8016  0.32028E-006
    8017  0.28563E-006
    8018  0.25113E-006
    8019  0.21705E-006
    8020  0.18359E-006
    8021  0.15124E-006
    8022  0.12039E-006
    8023  0.91683E-007
    8024  0.65734E-007
    8025  0.43225E-007
    8026  0.24885E-007
    8027  0.11223E-007
    8028  0.28863E-008
    8029  0.10158E-004
    8030  0.10158E-004
    8031  0.10159E-004
    8032  0.10159E-004
    8033  0.10159E-004
    8034  0.10159E-004
    8035  0.10159E-004
    8036  0.10159E-004
    8037  0.10160E-004
    8038  0.10160E-004
    8039  0.10160E-004
    8040  0.10160E-004
    8041  0.10161E-004
    8042  0.10161E-004
    8043  0.10162E-004
    8044  0.10162E-004
    8045  0.10162E-004
    8046  0.10163E-004
    8047  0.10163E-004
    8048  0.10164E-004
    8049  0.10164E-004
    8050  0.10165E-004
    8051  0.10166E-004
    8052  0.10166E-004
    8053  0.10167E-004
    8054  0.10168E-004
    8055  0.10168E-004
    8056  0.10169E-004
    8057  0.10170E-004
    8058  0.10170E-004
    8059  0.10171E-004
    8060  0.10172E-004
    8061  0.10173E-004
    8062  0.10174E-004
    8063  0.10174E-004
    8064  0.10096E-004
    8065  0.10097E-004
    8066  0.10097E-004
    8067  0.10097E-004
    8068  0.10098E-004
    8069  0.10099E-004
    8070  0.10099E-004
    8071  0.10100E-004
    8072  0.10101E-004
    8073  0.10102E-004
    8074  0.10103E-004
    8075  0.10105E-004
    8076  0.10106E-004
    8077  0.10107E-004
    8078  0.10109E-004
    8079  0.10110E-004
    8080  0.10112E-004
    8081  0.10034E-004
    8082  0.10034E-004
    8083  0.10034E-004
    8084  0.10034E-004
    8085  0.10035E-004
    8086  0.10035E-004
    8087  0.10035E-004
    8088  0.10035E-004
    8089  0.10035E-004
    8090  0.10036E-004
    8091  0.10036E-004
    8092  0.10036E-004
    8093  0.10037E-004
    8094  0.10037E-004
    8095  0.10038E-004
    8096  0.10038E-004
    8097  0.10039E-004
    8098  0.10039E-004
    8099  0.10040E-004
    8100  0.10040E-004
    8101  0.10041E-004
    8102  0.10041E-004
    8103  0.10042E-004
    8104  0.10043E-004
    8105  0.10043E-004
    8106  0.10044E-004
    8107  0.10045E-004
    8108  0.10046E-004
    8109  0.10046E-004
    8110  0.10047E-004
    8111  0.10048E-004
    8112  0.10049E-004
    8113  0.10050E-004
    8114  0.10050E-004
    8115  0.10051E-004
    8116  0.99717E-005
    8117  0.99720E-005
    8118  0.99723E-005
    8119  0.99728E-005
    8120  0.99734E-005
    8121  0.99741E-005
    8122  0.99750E-005
    8123  0.99759E-005
    8124  0.99769E-005
    8125  0.99780E-005
    8126  0.99792E-005
    8127  0.99806E-005
    8128  0.99820E-005
    8129  0.99835E-005
    8130  0.99851E-005
    8131  0.99868E-005
    8132  0.99886E-005
    8133  0.99090E-005
    8134  0.99090E-005
    8135  0.99091E-005
    8136  0.99093E-005
    8137  0.99095E-005
    8138  0.99097E-005
    8139  0.99099E-005
    8140  0.99102E-005
    8141  0.99105E-005
    8142  0.99108E-005
    8143  0.99112E-005
    8144  0.99116E-005
    8145  0.99120E-005
    8146  0.99124E-005
    8147  0.99129E-005
    8148  0.99134E-005
    8149  0.99139E-005
    8150  0.99145E-005
    8151  0.99150E-005
    8152  0.99156E-005
    8153  0.99162E-005
    8154  0.99169E-005
    8155  0.99175E-005
    8156  0.99182E-005
    8157  0.99189E-005
    8158  0.99197E-005
    8159  0.99204E-005
    8160  0.99212E-005
    8161  0.99220E-005
    8162  0.99229E-005
    8163  0.99237E-005
    8164  0.99246E-005
    8165  0.99255E-005
    8166  0.99264E-005
    8167  0.99274E-005
    8168  0.98461E-005
    8169  0.98464E-005
    8170  0.98468E-005
    8171  0.98473E-005
    8172  0.98480E-005
    8173  0.98488E-005
    8174  0.98497E-005
    8175  0.98507E-005
    8176  0.98518E-005
    8177  0.98530E-005
    8178  0.98542E-005
    8179  0.98556E-005
    8180  0.98571E-005
    8181  0.98587E-005
    8182  0.98604E-005
    8183  0.98622E-005
    8184  0.98641E-005
    8185  0.97829E-005
    8186  0.97830E-005
    8187  0.97831E-005
    8188  0.97832E-005
    8189  0.97834E-005
    8190  0.97837E-005
    8191  0.97839E-005
    8192  0.97842E-005
    8193  0.97846E-005
    8194  0.97849E-005
    8195  0.97853E-005
    8196  0.97857E-005
    8197  0.97862E-005
    8198  0.97867E-005
    8199  0.97872E-005
    8200  0.97877E-005
    8201  0.97882E-005
    8202  0.97888E-005
    8203  0.97894E-005
    8204  0.97901E-005
    8205  0.97907E-005
    8206  0.97914E-005
    8207  0.97921E-005
    8208  0.97928E-005
    8209  0.97936E-005
    8210  0.97944E-005
    8211  0.97952E-005
    8212  0.97960E-005
    8213  0.97969E-005
    8214  0.97978E-005
    8215  0.97987E-005
    8216  0.97996E-005
    8217  0.98006E-005
    8218  0.98015E-005
    8219  0.98026E-005
    8220  0.97196E-005
    8221  0.97198E-005
    8222  0.97203E-005
    8223  0.97209E-005
    8224  0.97216E-005
    8225  0.97225E-005
    8226  0.97234E-005
    8227  0.97245E-005
    8228  0.97257E-005
    8229  0.97269E-005
    8230  0.97283E-005
    8231  0.97298E-005
    8232  0.97314E-005
    8233  0.97331E-005
    8234  0.97349E-005
    8235  0.97368E-005
    8236  0.97388E-005
    8237  0.96558E-005
    8238  0.96559E-005
    8239  0.96560E-005
    8240  0.96562E-005
    8241  0.96564E-005
    8242  0.96567E-005
    8243  0.96570E-005
    8244  0.96573E-005
    8245  0.96576E-005
    8246  0.96580E-005
    8247  0.96585E-005
    8248  0.96589E-005
    8249  0.96594E-005
    8250  0.96599E-005
    8251  0.96605E-005
    8252  0.96610E-005
    8253  0.96616E-005
    8254  0.96622E-005
    8255  0.96629E-005
    8256  0.96636E-005
    8257  0.96643E-005
    8258  0.96650E-005
    8259  0.96657E-005
    8260  0.96665E-005
    8261  0.96673E-005
    8262  0.96682E-005
    8263  0.96690E-005
    8264  0.96699E-005
    8265  0.96708E-005
    8266  0.96718E-005
    8267  0.96727E-005
    8268  0.96737E-005
    8269  0.96747E-005
    8270  0.96758E-005
    8271  0.96768E-005
    8272  0.95920E-005
    8273  0.95923E-005
    8274  0.95928E-005
    8275  0.95934E-005
    8276  0.95942E-005
    8277  0.95951E-005
    8278  0.95962E-005
    8279  0.95973E-005
    8280  0.95986E-005
    8281  0.95999E-005
    8282  0.96014E-005
    8283  0.96030E-005
    8284  0.96047E-005
    8285  0.96065E-005
    8286  0.96084E-005
    8287  0.96104E-005
    8288  0.96125E-005
    8289  0.95277E-005
    8290  0.95278E-005
    8291  0.95279E-005
    8292  0.95281E-005
    8293  0.95283E-005
    8294  0.95286E-005
    8295  0.95289E-005
    8296  0.95293E-005
    8297  0.95297E-005
    8298  0.95301E-005
    8299  0.95306E-005
    8300  0.95311E-005
    8301  0.95316E-005
    8302  0.95322E-005
    8303  0.95327E-005
    8304  0.95334E-005
    8305  0.95340E-005
    8306  0.95347E-005
    8307  0.95354E-005
    8308  0.95361E-005
    8309  0.95368E-005
    8310  0.95376E-005
    8311  0.95384E-005
    8312  0.95392E-005
    8313  0.95401E-005
    8314  0.95410E-005
    8315  0.95419E-005
    8316  0.95428E-005
    8317  0.95438E-005
    8318  0.95448E-005
    8319  0.95458E-005
    8320  0.95468E-005
    8321  0.95479E-005
    8322  0.95490E-005
    8323  0.95501E-005
    8324  0.94633E-005
    8325  0.94637E-005
    8326  0.94642E-005
    8327  0.94649E-005
    8328  0.94658E-005
    8329  0.94668E-005
    8330  0.94679E-005
    8331  0.94691E-005
    8332  0.94705E-005
    8333  0.94719E-005
    8334  0.94735E-005
    8335  0.94752E-005
    8336  0.94770E-005
    8337  0.94789E-005
    8338  0.94809E-005
    8339  0.94831E-005
    8340  0.94853E-005
    8341  0.93985E-005
    8342  0.93986E-005
    8343  0.93987E-005
    8344  0.93989E-005
    8345  0.93992E-005
    8346  0.93995E-005
    8347  0.93999E-005
    8348  0.94003E-005
    8349  0.94007E-005
    8350  0.94012E-005
    8351  0.94017E-005
    8352  0.94022E-005
    8353  0.94028E-005
    8354  0.94034E-005
    8355  0.94040E-005
    8356  0.94046E-005
    8357  0.94053E-005
    8358  0.94060E-005
    8359  0.94068E-005
    8360  0.94076E-005
    8361  0.94084E-005
    8362  0.94092E-005
    8363  0.94101E-005
    8364  0.94109E-005
    8365  0.94119E-005
    8366  0.94128E-005
    8367  0.94138E-005
    8368  0.94148E-005
    8369  0.94158E-005
    8370  0.94168E-005
    8371  0.94179E-005
    8372  0.94190E-005
    8373  0.94202E-005
    8374  0.94213E-005
    8375  0.94225E-005
    8376  0.93336E-005
    8377  0.93339E-005
    8378  0.93345E-005
    8379  0.93353E-005
    8380  0.93363E-005
    8381  0.93373E-005
    8382  0.93385E-005
    8383  0.93399E-005
    8384  0.93413E-005
    8385  0.93429E-005
    8386  0.93446E-005
    8387  0.93464E-005
    8388  0.93483E-005
    8389  0.93504E-005
    8390  0.93525E-005
    8391  0.93548E-005
    8392  0.93571E-005
    8393  0.92682E-005
    8394  0.92683E-005
    8395  0.92684E-005
    8396  0.92687E-005
    8397  0.92689E-005
    8398  0.92693E-005
    8399  0.92697E-005
    8400  0.92701E-005
    8401  0.92706E-005
    8402  0.92711E-005
    8403  0.92716E-005
    8404  0.92722E-005
    8405  0.92728E-005
    8406  0.92735E-005
    8407  0.92741E-005
    8408  0.92749E-005
    8409  0.92756E-005
    8410  0.92764E-005
    8411  0.92772E-005
    8412  0.92780E-005
    8413  0.92788E-005
    8414  0.92797E-005
    8415  0.92807E-005
    8416  0.92816E-005
    8417  0.92826E-005
    8418  0.92836E-005
    8419  0.92846E-005
    8420  0.92857E-005
    8421  0.92868E-005
    8422  0.92879E-005
    8423  0.92890E-005
    8424  0.92902E-005
    8425  0.92914E-005
    8426  0.92927E-005
    8427  0.92939E-005
    8428  0.92027E-005
    8429  0.92031E-005
    8430  0.92037E-005
    8431  0.92046E-005
    8432  0.92056E-005
    8433  0.92068E-005
    8434  0.92081E-005
    8435  0.92095E-005
    8436  0.92111E-005
    8437  0.92128E-005
    8438  0.92146E-005
    8439  0.92165E-005
    8440  0.92186E-005
    8441  0.92208E-005
    8442  0.92230E-005
    8443  0.92254E-005
    8444  0.92279E-005
    8445  0.91366E-005
    8446  0.91368E-005
    8447  0.91369E-005
    8448  0.91372E-005
    8449  0.91375E-005
    8450  0.91379E-005
    8451  0.91383E-005
    8452  0.91388E-005
    8453  0.91393E-005
    8454  0.91398E-005
    8455  0.91404E-005
    8456  0.91411E-005
    8457  0.91417E-005
    8458  0.91424E-005
    8459  0.91432E-005
    8460  0.91439E-005
    8461  0.91447E-005
    8462  0.91456E-005
    8463  0.91464E-005
    8464  0.91473E-005
    8465  0.91482E-005
    8466  0.91492E-005
    8467  0.91502E-005
    8468  0.91512E-005
    8469  0.91522E-005
    8470  0.91533E-005
    8471  0.91544E-005
    8472  0.91556E-005
    8473  0.91567E-005
    8474  0.91579E-005
    8475  0.91591E-005
    8476  0.91604E-005
    8477  0.91617E-005
    8478  0.91630E-005
    8479  0.91643E-005
    8480  0.90705E-005
    8481  0.90710E-005
    8482  0.90717E-005
    8483  0.90726E-005
    8484  0.90738E-005
    8485  0.90751E-005
    8486  0.90765E-005
    8487  0.90781E-005
    8488  0.90797E-005
    8489  0.90816E-005
    8490  0.90835E-005
    8491  0.90856E-005
    8492  0.90878E-005
    8493  0.90901E-005
    8494  0.90925E-005
    8495  0.90951E-005
    8496  0.90977E-005
    8497  0.90039E-005
    8498  0.90040E-005
    8499  0.90042E-005
    8500  0.90045E-005
    8501  0.90048E-005
    8502  0.90052E-005
    8503  0.90057E-005
    8504  0.90062E-005
    8505  0.90068E-005
    8506  0.90074E-005
    8507  0.90081E-005
    8508  0.90088E-005
    8509  0.90095E-005
    8510  0.90102E-005
    8511  0.90110E-005
    8512  0.90119E-005
    8513  0.90127E-005
    8514  0.90136E-005
    8515  0.90146E-005
    8516  0.90155E-005
    8517  0.90165E-005
    8518  0.90175E-005
    8519  0.90186E-005
    8520  0.90197E-005
    8521  0.90208E-005
    8522  0.90220E-005
    8523  0.90231E-005
    8524  0.90243E-005
    8525  0.90256E-005
    8526  0.90269E-005
    8527  0.90282E-005
    8528  0.90295E-005
    8529  0.90309E-005
    8530  0.90322E-005
    8531  0.90337E-005
    8532  0.89372E-005
    8533  0.89377E-005
    8534  0.89385E-005
    8535  0.89395E-005
    8536  0.89407E-005
    8537  0.89421E-005
    8538  0.89437E-005
    8539  0.89454E-005
    8540  0.89472E-005
    8541  0.89492E-005
    8542  0.89513E-005
    8543  0.89535E-005
    8544  0.89558E-005
    8545  0.89583E-005
    8546  0.89609E-005
    8547  0.89636E-005
    8548  0.89665E-005
    8549  0.88699E-005
    8550  0.88700E-005
    8551  0.88702E-005
    8552  0.88705E-005
    8553  0.88709E-005
    8554  0.88714E-005
    8555  0.88719E-005
    8556  0.88724E-005
    8557  0.88731E-005
    8558  0.88737E-005
    8559  0.88745E-005
    8560  0.88752E-005
    8561  0.88760E-005
    8562  0.88768E-005
    8563  0.88777E-005
    8564  0.88786E-005
    8565  0.88795E-005
    8566  0.88805E-005
    8567  0.88815E-005
    8568  0.88826E-005
    8569  0.88836E-005
    8570  0.88847E-005
    8571  0.88859E-005
    8572  0.88870E-005
    8573  0.88882E-005
    8574  0.88895E-005
    8575  0.88907E-005
    8576  0.88920E-005
    8577  0.88933E-005
    8578  0.88947E-005
    8579  0.88961E-005
    8580  0.88975E-005
    8581  0.88990E-005
    8582  0.89004E-005
    8583  0.89020E-005
    8584  0.88025E-005
    8585  0.88031E-005
    8586  0.88039E-005
    8587  0.88051E-005
    8588  0.88064E-005
    8589  0.88080E-005
    8590  0.88097E-005
    8591  0.88115E-005
    8592  0.88135E-005
    8593  0.88156E-005
    8594  0.88179E-005
    8595  0.88203E-005
    8596  0.88228E-005
    8597  0.88254E-005
    8598  0.88282E-005
    8599  0.88311E-005
    8600  0.88341E-005
    8601  0.87345E-005
    8602  0.87347E-005
    8603  0.87349E-005
    8604  0.87352E-005
    8605  0.87357E-005
    8606  0.87362E-005
    8607  0.87367E-005
    8608  0.87374E-005
    8609  0.87381E-005
    8610  0.87388E-005
    8611  0.87396E-005
    8612  0.87404E-005
    8613  0.87413E-005
    8614  0.87422E-005
    8615  0.87431E-005
    8616  0.87441E-005
    8617  0.87451E-005
    8618  0.87462E-005
    8619  0.87473E-005
    8620  0.87484E-005
    8621  0.87495E-005
    8622  0.87507E-005
    8623  0.87519E-005
    8624  0.87532E-005
    8625  0.87545E-005
    8626  0.87558E-005
    8627  0.87572E-005
    8628  0.87585E-005
    8629  0.87600E-005
    8630  0.87614E-005
    8631  0.87629E-005
    8632  0.87644E-005
    8633  0.87660E-005
    8634  0.87675E-005
    8635  0.87692E-005
    8636  0.86665E-005
    8637  0.86671E-005
    8638  0.86681E-005
    8639  0.86693E-005
    8640  0.86708E-005
    8641  0.86725E-005
    8642  0.86744E-005
    8643  0.86764E-005
    8644  0.86785E-005
    8645  0.86808E-005
    8646  0.86833E-005
    8647  0.86858E-005
    8648  0.86885E-005
    8649  0.86914E-005
    8650  0.86943E-005
    8651  0.86974E-005
    8652  0.87007E-005
    8653  0.85978E-005
    8654  0.85979E-005
    8655  0.85982E-005
    8656  0.85986E-005
    8657  0.85991E-005
    8658  0.85996E-005
    8659  0.86002E-005
    8660  0.86009E-005
    8661  0.86017E-005
    8662  0.86025E-005
    8663  0.86034E-005
    8664  0.86043E-005
    8665  0.86052E-005
    8666  0.86062E-005
    8667  0.86073E-005
    8668  0.86083E-005
    8669  0.86094E-005
    8670  0.86106E-005
    8671  0.86117E-005
    8672  0.86130E-005
    8673  0.86142E-005
    8674  0.86155E-005
    8675  0.86168E-005
    8676  0.86182E-005
    8677  0.86195E-005
    8678  0.86210E-005
    8679  0.86224E-005
    8680  0.86239E-005
    8681  0.86254E-005
    8682  0.86270E-005
    8683  0.86286E-005
    8684  0.86302E-005
    8685  0.86318E-005
    8686  0.86335E-005
    8687  0.86352E-005
    8688  0.85290E-005
    8689  0.85297E-005
    8690  0.85308E-005
    8691  0.85322E-005
    8692  0.85339E-005
    8693  0.85357E-005
    8694  0.85378E-005
    8695  0.85399E-005
    8696  0.85423E-005
    8697  0.85448E-005
    8698  0.85474E-005
    8699  0.85502E-005
    8700  0.85531E-005
    8701  0.85561E-005
    8702  0.85593E-005
    8703  0.85626E-005
    8704  0.85661E-005
    8705  0.84596E-005
    8706  0.84598E-005
    8707  0.84601E-005
    8708  0.84605E-005
    8709  0.84610E-005
    8710  0.84617E-005
    8711  0.84624E-005
    8712  0.84631E-005
    8713  0.84640E-005
    8714  0.84649E-005
    8715  0.84658E-005
    8716  0.84668E-005
    8717  0.84679E-005
    8718  0.84689E-005
    8719  0.84701E-005
    8720  0.84712E-005
    8721  0.84724E-005
    8722  0.84737E-005
    8723  0.84749E-005
    8724  0.84763E-005
    8725  0.84776E-005
    8726  0.84790E-005
    8727  0.84804E-005
    8728  0.84819E-005
    8729  0.84834E-005
    8730  0.84849E-005
    8731  0.84865E-005
    8732  0.84880E-005
    8733  0.84897E-005
    8734  0.84913E-005
    8735  0.84930E-005
    8736  0.84948E-005
    8737  0.84966E-005
    8738  0.84984E-005
    8739  0.85002E-005
    8740  0.83902E-005
    8741  0.83909E-005
    8742  0.83921E-005
    8743  0.83937E-005
    8744  0.83955E-005
    8745  0.83976E-005
    8746  0.83998E-005
    8747  0.84022E-005
    8748  0.84047E-005
    8749  0.84074E-005
    8750  0.84103E-005
    8751  0.84132E-005
    8752  0.84164E-005
    8753  0.84197E-005
    8754  0.84231E-005
    8755  0.84266E-005
    8756  0.84303E-005
    8757  0.83200E-005
    8758  0.83202E-005
    8759  0.83205E-005
    8760  0.83210E-005
    8761  0.83216E-005
    8762  0.83222E-005
    8763  0.83230E-005
    8764  0.83239E-005
    8765  0.83248E-005
    8766  0.83258E-005
    8767  0.83268E-005
    8768  0.83279E-005
    8769  0.83291E-005
    8770  0.83303E-005
    8771  0.83315E-005
    8772  0.83328E-005
    8773  0.83341E-005
    8774  0.83354E-005
    8775  0.83368E-005
    8776  0.83382E-005
    8777  0.83397E-005
    8778  0.83412E-005
    8779  0.83427E-005
    8780  0.83443E-005
    8781  0.83459E-005
    8782  0.83476E-005
    8783  0.83492E-005
    8784  0.83510E-005
    8785  0.83527E-005
    8786  0.83545E-005
    8787  0.83563E-005
    8788  0.83582E-005
    8789  0.83601E-005
    8790  0.83620E-005
    8791  0.83640E-005
    8792  0.82498E-005
    8793  0.82506E-005
    8794  0.82520E-005
    8795  0.82537E-005
    8796  0.82557E-005
    8797  0.82580E-005
    8798  0.82604E-005
    8799  0.82630E-005
    8800  0.82658E-005
    8801  0.82687E-005
    8802  0.82718E-005
    8803  0.82750E-005
    8804  0.82784E-005
    8805  0.82819E-005
    8806  0.82856E-005
    8807  0.82894E-005
    8808  0.82934E-005
    8809  0.81788E-005
    8810  0.81790E-005
    8811  0.81794E-005
    8812  0.81799E-005
    8813  0.81806E-005
    8814  0.81813E-005
    8815  0.81822E-005
    8816  0.81831E-005
    8817  0.81842E-005
    8818  0.81853E-005
    8819  0.81864E-005
    8820  0.81876E-005
    8821  0.81889E-005
    8822  0.81902E-005
    8823  0.81915E-005
    8824  0.81929E-005
    8825  0.81943E-005
    8826  0.81958E-005
    8827  0.81973E-005
    8828  0.81988E-005
    8829  0.82004E-005
    8830  0.82021E-005
    8831  0.82037E-005
    8832  0.82054E-005
    8833  0.82072E-005
    8834  0.82089E-005
    8835  0.82107E-005
    8836  0.82126E-005
    8837  0.82145E-005
    8838  0.82164E-005
    8839  0.82184E-005
    8840  0.82204E-005
    8841  0.82224E-005
    8842  0.82245E-005
    8843  0.82266E-005
    8844  0.81079E-005
    8845  0.81088E-005
    8846  0.81103E-005
    8847  0.81122E-005
    8848  0.81144E-005
    8849  0.81169E-005
    8850  0.81196E-005
    8851  0.81224E-005
    8852  0.81255E-005
    8853  0.81286E-005
    8854  0.81320E-005
    8855  0.81355E-005
    8856  0.81391E-005
    8857  0.81429E-005
    8858  0.81469E-005
    8859  0.81510E-005
    8860  0.81552E-005
    8861  0.80360E-005
    8862  0.80363E-005
    8863  0.80367E-005
    8864  0.80373E-005
    8865  0.80380E-005
    8866  0.80389E-005
    8867  0.80398E-005
    8868  0.80409E-005
    8869  0.80420E-005
    8870  0.80432E-005
    8871  0.80445E-005
    8872  0.80458E-005
    8873  0.80472E-005
    8874  0.80486E-005
    8875  0.80501E-005
    8876  0.80516E-005
    8877  0.80532E-005
    8878  0.80548E-005
    8879  0.80564E-005
    8880  0.80581E-005
    8881  0.80598E-005
    8882  0.80616E-005
    8883  0.80634E-005
    8884  0.80652E-005
    8885  0.80671E-005
    8886  0.80690E-005
    8887  0.80709E-005
    8888  0.80729E-005
    8889  0.80750E-005
    8890  0.80770E-005
    8891  0.80791E-005
    8892  0.80813E-005
    8893  0.80835E-005
    8894  0.80857E-005
    8895  0.80879E-005
    8896  0.79643E-005
    8897  0.79654E-005
    8898  0.79670E-005
    8899  0.79691E-005
    8900  0.79716E-005
    8901  0.79743E-005
    8902  0.79773E-005
    8903  0.79804E-005
    8904  0.79837E-005
    8905  0.79872E-005
    8906  0.79908E-005
    8907  0.79946E-005
    8908  0.79985E-005
    8909  0.80026E-005
    8910  0.80069E-005
    8911  0.80113E-005
    8912  0.80158E-005
    8913  0.78916E-005
    8914  0.78919E-005
    8915  0.78924E-005
    8916  0.78930E-005
    8917  0.78938E-005
    8918  0.78948E-005
    8919  0.78958E-005
    8920  0.78970E-005
    8921  0.78983E-005
    8922  0.78996E-005
    8923  0.79010E-005
    8924  0.79025E-005
    8925  0.79040E-005
    8926  0.79055E-005
    8927  0.79072E-005
    8928  0.79088E-005
    8929  0.79105E-005
    8930  0.79123E-005
    8931  0.79140E-005
    8932  0.79159E-005
    8933  0.79177E-005
    8934  0.79196E-005
    8935  0.79216E-005
    8936  0.79236E-005
    8937  0.79256E-005
    8938  0.79277E-005
    8939  0.79298E-005
    8940  0.79319E-005
    8941  0.79341E-005
    8942  0.79364E-005
    8943  0.79386E-005
    8944  0.79409E-005
    8945  0.79433E-005
    8946  0.79456E-005
    8947  0.79481E-005
    8948  0.78191E-005
    8949  0.78203E-005
    8950  0.78221E-005
    8951  0.78245E-005
    8952  0.78272E-005
    8953  0.78302E-005
    8954  0.78334E-005
    8955  0.78369E-005
    8956  0.78405E-005
    8957  0.78442E-005
    8958  0.78482E-005
    8959  0.78523E-005
    8960  0.78565E-005
    8961  0.78609E-005
    8962  0.78655E-005
    8963  0.78703E-005
    8964  0.78751E-005
    8965  0.77455E-005
    8966  0.77459E-005
    8967  0.77464E-005
    8968  0.77471E-005
    8969  0.77480E-005
    8970  0.77490E-005
    8971  0.77502E-005
    8972  0.77515E-005
    8973  0.77529E-005
    8974  0.77544E-005
    8975  0.77559E-005
    8976  0.77575E-005
    8977  0.77592E-005
    8978  0.77609E-005
    8979  0.77627E-005
    8980  0.77645E-005
    8981  0.77664E-005
    8982  0.77683E-005
    8983  0.77702E-005
    8984  0.77722E-005
    8985  0.77742E-005
    8986  0.77763E-005
    8987  0.77784E-005
    8988  0.77806E-005
    8989  0.77828E-005
    8990  0.77850E-005
    8991  0.77873E-005
    8992  0.77896E-005
    8993  0.77920E-005
    8994  0.77944E-005
    8995  0.77968E-005
    8996  0.77993E-005
    8997  0.78018E-005
    8998  0.78043E-005
    8999  0.78069E-005
    9000  0.76722E-005
    9001  0.76735E-005
    9002  0.76755E-005
    9003  0.76781E-005
    9004  0.76812E-005
    9005  0.76845E-005
    9006  0.76880E-005
    9007  0.76918E-005
    9008  0.76957E-005
    9009  0.76998E-005
    9010  0.77041E-005
    9011  0.77085E-005
    9012  0.77132E-005
    9013  0.77179E-005
    9014  0.77229E-005
    9015  0.77280E-005
    9016  0.77332E-005
    9017  0.75977E-005
    9018  0.75981E-005
    9019  0.75987E-005
    9020  0.75995E-005
    9021  0.76005E-005
    9022  0.76016E-005
    9023  0.76029E-005
    9024  0.76044E-005
    9025  0.76059E-005
    9026  0.76075E-005
    9027  0.76092E-005
    9028  0.76110E-005
    9029  0.76128E-005
    9030  0.76147E-005
    9031  0.76167E-005
    9032  0.76187E-005
    9033  0.76207E-005
    9034  0.76228E-005
    9035  0.76249E-005
    9036  0.76270E-005
    9037  0.76293E-005
    9038  0.76315E-005
    9039  0.76338E-005
    9040  0.76361E-005
    9041  0.76385E-005
    9042  0.76409E-005
    9043  0.76434E-005
    9044  0.76459E-005
    9045  0.76484E-005
    9046  0.76510E-005
    9047  0.76537E-005
    9048  0.76563E-005
    9049  0.76590E-005
    9050  0.76618E-005
    9051  0.76645E-005
    9052  0.75235E-005
    9053  0.75250E-005
    9054  0.75272E-005
    9055  0.75301E-005
    9056  0.75335E-005
    9057  0.75371E-005
    9058  0.75410E-005
    9059  0.75451E-005
    9060  0.75494E-005
    9061  0.75539E-005
    9062  0.75586E-005
    9063  0.75634E-005
    9064  0.75684E-005
    9065  0.75735E-005
    9066  0.75789E-005
    9067  0.75843E-005
    9068  0.75900E-005
    9069  0.74481E-005
    9070  0.74485E-005
    9071  0.74492E-005
    9072  0.74500E-005
    9073  0.74511E-005
    9074  0.74524E-005
    9075  0.74539E-005
    9076  0.74555E-005
    9077  0.74572E-005
    9078  0.74590E-005
    9079  0.74609E-005
    9080  0.74628E-005
    9081  0.74648E-005
    9082  0.74669E-005
    9083  0.74690E-005
    9084  0.74712E-005
    9085  0.74734E-005
    9086  0.74757E-005
    9087  0.74780E-005
    9088  0.74804E-005
    9089  0.74828E-005
    9090  0.74852E-005
    9091  0.74877E-005
    9092  0.74902E-005
    9093  0.74928E-005
    9094  0.74954E-005
    9095  0.74981E-005
    9096  0.75008E-005
    9097  0.75035E-005
    9098  0.75063E-005
    9099  0.75092E-005
    9100  0.75120E-005
    9101  0.75149E-005
    9102  0.75179E-005
    9103  0.75209E-005
    9104  0.73730E-005
    9105  0.73747E-005
    9106  0.73772E-005
    9107  0.73804E-005
    9108  0.73841E-005
    9109  0.73881E-005
    9110  0.73924E-005
    9111  0.73969E-005
    9112  0.74016E-005
    9113  0.74065E-005
    9114  0.74115E-005
    9115  0.74167E-005
    9116  0.74222E-005
    9117  0.74277E-005
    9118  0.74335E-005
    9119  0.74394E-005
    9120  0.74454E-005
    9121  0.72967E-005
    9122  0.72971E-005
    9123  0.72978E-005
    9124  0.72988E-005
    9125  0.73001E-005
    9126  0.73015E-005
    9127  0.73031E-005
    9128  0.73048E-005
    9129  0.73067E-005
    9130  0.73087E-005
    9131  0.73108E-005
    9132  0.73130E-005
    9133  0.73152E-005
    9134  0.73174E-005
    9135  0.73198E-005
    9136  0.73222E-005
    9137  0.73246E-005
    9138  0.73271E-005
    9139  0.73296E-005
    9140  0.73322E-005
    9141  0.73348E-005
    9142  0.73374E-005
    9143  0.73401E-005
    9144  0.73429E-005
    9145  0.73457E-005
    9146  0.73485E-005
    9147  0.73514E-005
    9148  0.73543E-005
    9149  0.73573E-005
    9150  0.73603E-005
    9151  0.73633E-005
    9152  0.73664E-005
    9153  0.73695E-005
    9154  0.73727E-005
    9155  0.73759E-005
    9156  0.72207E-005
    9157  0.72225E-005
    9158  0.72253E-005
    9159  0.72289E-005
    9160  0.72329E-005
    9161  0.72374E-005
    9162  0.72421E-005
    9163  0.72470E-005
    9164  0.72521E-005
    9165  0.72575E-005
    9166  0.72630E-005
    9167  0.72686E-005
    9168  0.72745E-005
    9169  0.72805E-005
    9170  0.72867E-005
    9171  0.72931E-005
    9172  0.72996E-005
    9173  0.71434E-005
    9174  0.71439E-005
    9175  0.71447E-005
    9176  0.71458E-005
    9177  0.71471E-005
    9178  0.71487E-005
    9179  0.71505E-005
    9180  0.71524E-005
    9181  0.71545E-005
    9182  0.71567E-005
    9183  0.71590E-005
    9184  0.71614E-005
    9185  0.71638E-005
    9186  0.71663E-005
    9187  0.71689E-005
    9188  0.71715E-005
    9189  0.71741E-005
    9190  0.71768E-005
    9191  0.71796E-005
    9192  0.71824E-005
    9193  0.71852E-005
    9194  0.71881E-005
    9195  0.71910E-005
    9196  0.71940E-005
    9197  0.71970E-005
    9198  0.72001E-005
    9199  0.72032E-005
    9200  0.72064E-005
    9201  0.72096E-005
    9202  0.72128E-005
    9203  0.72161E-005
    9204  0.72194E-005
    9205  0.72228E-005
    9206  0.72262E-005
    9207  0.72296E-005
    9208  0.70665E-005
    9209  0.70685E-005
    9210  0.70716E-005
    9211  0.70755E-005
    9212  0.70800E-005
    9213  0.70849E-005
    9214  0.70901E-005
    9215  0.70955E-005
    9216  0.71011E-005
    9217  0.71069E-005
    9218  0.71129E-005
    9219  0.71190E-005
    9220  0.71254E-005
    9221  0.71319E-005
    9222  0.71386E-005
    9223  0.71454E-005
    9224  0.71524E-005
    9225  0.69881E-005
    9226  0.69887E-005
    9227  0.69896E-005
    9228  0.69908E-005
    9229  0.69923E-005
    9230  0.69941E-005
    9231  0.69960E-005
    9232  0.69982E-005
    9233  0.70005E-005
    9234  0.70029E-005
    9235  0.70054E-005
    9236  0.70080E-005
    9237  0.70107E-005
    9238  0.70135E-005
    9239  0.70163E-005
    9240  0.70191E-005
    9241  0.70220E-005
    9242  0.70250E-005
    9243  0.70280E-005
    9244  0.70310E-005
    9245  0.70341E-005
    9246  0.70372E-005
    9247  0.70404E-005
    9248  0.70437E-005
    9249  0.70469E-005
    9250  0.70503E-005
    9251  0.70536E-005
    9252  0.70570E-005
    9253  0.70605E-005
    9254  0.70640E-005
    9255  0.70675E-005
    9256  0.70711E-005
    9257  0.70747E-005
    9258  0.70784E-005
    9259  0.70821E-005
    9260  0.69104E-005
    9261  0.69126E-005
    9262  0.69161E-005
    9263  0.69204E-005
    9264  0.69253E-005
    9265  0.69307E-005
    9266  0.69364E-005
    9267  0.69423E-005
    9268  0.69484E-005
    9269  0.69547E-005
    9270  0.69612E-005
    9271  0.69679E-005
    9272  0.69748E-005
    9273  0.69818E-005
    9274  0.69890E-005
    9275  0.69964E-005
    9276  0.70040E-005
    9277  0.68310E-005
    9278  0.68316E-005
    9279  0.68326E-005
    9280  0.68339E-005
    9281  0.68356E-005
    9282  0.68376E-005
    9283  0.68397E-005
    9284  0.68421E-005
    9285  0.68447E-005
    9286  0.68473E-005
    9287  0.68501E-005
    9288  0.68530E-005
    9289  0.68559E-005
    9290  0.68589E-005
    9291  0.68620E-005
    9292  0.68651E-005
    9293  0.68683E-005
    9294  0.68715E-005
    9295  0.68747E-005
    9296  0.68781E-005
    9297  0.68814E-005
    9298  0.68848E-005
    9299  0.68883E-005
    9300  0.68918E-005
    9301  0.68953E-005
    9302  0.68989E-005
    9303  0.69026E-005
    9304  0.69063E-005
    9305  0.69100E-005
    9306  0.69138E-005
    9307  0.69176E-005
    9308  0.69214E-005
    9309  0.69253E-005
    9310  0.69293E-005
    9311  0.69332E-005
    9312  0.67523E-005
    9313  0.67548E-005
    9314  0.67586E-005
    9315  0.67634E-005
    9316  0.67688E-005
    9317  0.67748E-005
    9318  0.67810E-005
    9319  0.67874E-005
    9320  0.67941E-005
    9321  0.68010E-005
    9322  0.68081E-005
    9323  0.68153E-005
    9324  0.68227E-005
    9325  0.68303E-005
    9326  0.68381E-005
    9327  0.68461E-005
    9328  0.68542E-005
    9329  0.66719E-005
    9330  0.66726E-005
    9331  0.66737E-005
    9332  0.66752E-005
    9333  0.66770E-005
    9334  0.66791E-005
    9335  0.66816E-005
    9336  0.66842E-005
    9337  0.66870E-005
    9338  0.66899E-005
    9339  0.66930E-005
    9340  0.66961E-005
    9341  0.66993E-005
    9342  0.67026E-005
    9343  0.67060E-005
    9344  0.67094E-005
    9345  0.67128E-005
    9346  0.67164E-005
    9347  0.67199E-005
    9348  0.67235E-005
    9349  0.67272E-005
    9350  0.67309E-005
    9351  0.67346E-005
    9352  0.67384E-005
    9353  0.67423E-005
    9354  0.67462E-005
    9355  0.67501E-005
    9356  0.67541E-005
    9357  0.67581E-005
    9358  0.67622E-005
    9359  0.67663E-005
    9360  0.67704E-005
    9361  0.67746E-005
    9362  0.67788E-005
    9363  0.67831E-005
    9364  0.65923E-005
    9365  0.65950E-005
    9366  0.65992E-005
    9367  0.66045E-005
    9368  0.66105E-005
    9369  0.66170E-005
    9370  0.66238E-005
    9371  0.66309E-005
    9372  0.66382E-005
    9373  0.66457E-005
    9374  0.66533E-005
    9375  0.66612E-005
    9376  0.66692E-005
    9377  0.66775E-005
    9378  0.66859E-005
    9379  0.66944E-005
    9380  0.67032E-005
    9381  0.65108E-005
    9382  0.65115E-005
    9383  0.65128E-005
    9384  0.65144E-005
    9385  0.65164E-005
    9386  0.65188E-005
    9387  0.65215E-005
    9388  0.65244E-005
    9389  0.65274E-005
    9390  0.65307E-005
    9391  0.65340E-005
    9392  0.65375E-005
    9393  0.65410E-005
    9394  0.65446E-005
    9395  0.65483E-005
    9396  0.65520E-005
    9397  0.65558E-005
    9398  0.65596E-005
    9399  0.65635E-005
    9400  0.65674E-005
    9401  0.65714E-005
    9402  0.65754E-005
    9403  0.65795E-005
    9404  0.65836E-005
    9405  0.65877E-005
    9406  0.65920E-005
    9407  0.65962E-005
    9408  0.66005E-005
    9409  0.66048E-005
    9410  0.66092E-005
    9411  0.66136E-005
    9412  0.66181E-005
    9413  0.66226E-005
    9414  0.66272E-005
    9415  0.66318E-005
    9416  0.64303E-005
    9417  0.64333E-005
    9418  0.64379E-005
    9419  0.64438E-005
    9420  0.64504E-005
    9421  0.64575E-005
    9422  0.64650E-005
    9423  0.64727E-005
    9424  0.64806E-005
    9425  0.64888E-005
    9426  0.64971E-005
    9427  0.65056E-005
    9428  0.65143E-005
    9429  0.65232E-005
    9430  0.65322E-005
    9431  0.65415E-005
    9432  0.65509E-005
    9433  0.63477E-005
    9434  0.63486E-005
    9435  0.63499E-005
    9436  0.63517E-005
    9437  0.63540E-005
    9438  0.63566E-005
    9439  0.63595E-005
    9440  0.63627E-005
    9441  0.63661E-005
    9442  0.63696E-005
    9443  0.63733E-005
    9444  0.63771E-005
    9445  0.63809E-005
    9446  0.63849E-005
    9447  0.63889E-005
    9448  0.63929E-005
    9449  0.63971E-005
    9450  0.64012E-005
    9451  0.64054E-005
    9452  0.64097E-005
    9453  0.64140E-005
    9454  0.64184E-005
    9455  0.64228E-005
    9456  0.64273E-005
    9457  0.64318E-005
    9458  0.64363E-005
    9459  0.64409E-005
    9460  0.64455E-005
    9461  0.64502E-005
    9462  0.64549E-005
    9463  0.64597E-005
    9464  0.64645E-005
    9465  0.64694E-005
    9466  0.64743E-005
    9467  0.64792E-005
    9468  0.62663E-005
    9469  0.62696E-005
    9470  0.62747E-005
    9471  0.62811E-005
    9472  0.62884E-005
    9473  0.62962E-005
    9474  0.63044E-005
    9475  0.63128E-005
    9476  0.63214E-005
    9477  0.63303E-005
    9478  0.63393E-005
    9479  0.63486E-005
    9480  0.63580E-005
    9481  0.63676E-005
    9482  0.63773E-005
    9483  0.63872E-005
    9484  0.63973E-005
    9485  0.61827E-005
    9486  0.61836E-005
    9487  0.61851E-005
    9488  0.61871E-005
    9489  0.61895E-005
    9490  0.61924E-005
    9491  0.61956E-005
    9492  0.61991E-005
    9493  0.62028E-005
    9494  0.62067E-005
    9495  0.62108E-005
    9496  0.62149E-005
    9497  0.62191E-005
    9498  0.62234E-005
    9499  0.62278E-005
    9500  0.62322E-005
    9501  0.62367E-005
    9502  0.62413E-005
    9503  0.62458E-005
    9504  0.62505E-005
    9505  0.62552E-005
    9506  0.62599E-005
    9507  0.62647E-005
    9508  0.62695E-005
    9509  0.62744E-005
    9510  0.62793E-005
    9511  0.62842E-005
    9512  0.62892E-005
    9513  0.62943E-005
    9514  0.62994E-005
    9515  0.63045E-005
    9516  0.63097E-005
    9517  0.63149E-005
    9518  0.63201E-005
    9519  0.63254E-005
    9520  0.61004E-005
    9521  0.61040E-005
    9522  0.61096E-005
    9523  0.61166E-005
    9524  0.61246E-005
    9525  0.61332E-005
    9526  0.61421E-005
    9527  0.61513E-005
    9528  0.61607E-005
    9529  0.61703E-005
    9530  0.61801E-005
    9531  0.61901E-005
    9532  0.62002E-005
    9533  0.62106E-005
    9534  0.62211E-005
    9535  0.62318E-005
    9536  0.62426E-005
    9537  0.60156E-005
    9538  0.60166E-005
    9539  0.60183E-005
    9540  0.60205E-005
    9541  0.60232E-005
    9542  0.60264E-005
    9543  0.60299E-005
    9544  0.60337E-005
    9545  0.60378E-005
    9546  0.60420E-005
    9547  0.60465E-005
    9548  0.60510E-005
    9549  0.60556E-005
    9550  0.60603E-005
    9551  0.60651E-005
    9552  0.60699E-005
    9553  0.60748E-005
    9554  0.60797E-005
    9555  0.60847E-005
    9556  0.60897E-005
    9557  0.60948E-005
    9558  0.60999E-005
    9559  0.61051E-005
    9560  0.61103E-005
    9561  0.61156E-005
    9562  0.61209E-005
    9563  0.61262E-005
    9564  0.61316E-005
    9565  0.61371E-005
    9566  0.61425E-005
    9567  0.61481E-005
    9568  0.61536E-005
    9569  0.61592E-005
    9570  0.61649E-005
    9571  0.61706E-005
    9572  0.59324E-005
    9573  0.59365E-005
    9574  0.59426E-005
    9575  0.59503E-005
    9576  0.59590E-005
    9577  0.59684E-005
    9578  0.59781E-005
    9579  0.59881E-005
    9580  0.59984E-005
    9581  0.60088E-005
    9582  0.60194E-005
    9583  0.60302E-005
    9584  0.60412E-005
    9585  0.60523E-005
    9586  0.60637E-005
    9587  0.60752E-005
    9588  0.60868E-005
    9589  0.58467E-005
    9590  0.58478E-005
    9591  0.58495E-005
    9592  0.58520E-005
    9593  0.58549E-005
    9594  0.58584E-005
    9595  0.58623E-005
    9596  0.58665E-005
    9597  0.58709E-005
    9598  0.58756E-005
    9599  0.58804E-005
    9600  0.58854E-005
    9601  0.58904E-005
    9602  0.58955E-005
    9603  0.59007E-005
    9604  0.59060E-005
    9605  0.59113E-005
    9606  0.59166E-005
    9607  0.59220E-005
    9608  0.59275E-005
    9609  0.59330E-005
    9610  0.59385E-005
    9611  0.59441E-005
    9612  0.59498E-005
    9613  0.59554E-005
    9614  0.59612E-005
    9615  0.59669E-005
    9616  0.59727E-005
    9617  0.59786E-005
    9618  0.59845E-005
    9619  0.59904E-005
    9620  0.59964E-005
    9621  0.60024E-005
    9622  0.60085E-005
    9623  0.60146E-005
    9624  0.57626E-005
    9625  0.57670E-005
    9626  0.57738E-005
    9627  0.57822E-005
    9628  0.57917E-005
    9629  0.58019E-005
    9630  0.58125E-005
    9631  0.58234E-005
    9632  0.58345E-005
    9633  0.58458E-005
    9634  0.58573E-005
    9635  0.58690E-005
    9636  0.58808E-005
    9637  0.58929E-005
    9638  0.59050E-005
    9639  0.59174E-005
    9640  0.59299E-005
    9641  0.56758E-005
    9642  0.56770E-005
    9643  0.56789E-005
    9644  0.56816E-005
    9645  0.56849E-005
    9646  0.56886E-005
    9647  0.56929E-005
    9648  0.56975E-005
    9649  0.57023E-005
    9650  0.57074E-005
    9651  0.57127E-005
    9652  0.57181E-005
    9653  0.57236E-005
    9654  0.57292E-005
    9655  0.57348E-005
    9656  0.57405E-005
    9657  0.57463E-005
    9658  0.57521E-005
    9659  0.57579E-005
    9660  0.57638E-005
    9661  0.57698E-005
    9662  0.57758E-005
    9663  0.57818E-005
    9664  0.57879E-005
    9665  0.57940E-005
    9666  0.58002E-005
    9667  0.58064E-005
    9668  0.58127E-005
    9669  0.58190E-005
    9670  0.58253E-005
    9671  0.58317E-005
    9672  0.58381E-005
    9673  0.58446E-005
    9674  0.58511E-005
    9675  0.58576E-005
    9676  0.55909E-005
    9677  0.55957E-005
    9678  0.56031E-005
    9679  0.56123E-005
    9680  0.56227E-005
    9681  0.56339E-005
    9682  0.56454E-005
    9683  0.56572E-005
    9684  0.56693E-005
    9685  0.56815E-005
    9686  0.56939E-005
    9687  0.57065E-005
    9688  0.57193E-005
    9689  0.57322E-005
    9690  0.57453E-005
    9691  0.57586E-005
    9692  0.57720E-005
    9693  0.55030E-005
    9694  0.55043E-005
    9695  0.55065E-005
    9696  0.55094E-005
    9697  0.55129E-005
    9698  0.55171E-005
    9699  0.55217E-005
    9700  0.55267E-005
    9701  0.55321E-005
    9702  0.55376E-005
    9703  0.55433E-005
    9704  0.55492E-005
    9705  0.55552E-005
    9706  0.55613E-005
    9707  0.55674E-005
    9708  0.55736E-005
    9709  0.55798E-005
    9710  0.55861E-005
    9711  0.55924E-005
    9712  0.55988E-005
    9713  0.56053E-005
    9714  0.56117E-005
    9715  0.56183E-005
    9716  0.56248E-005
    9717  0.56314E-005
    9718  0.56381E-005
    9719  0.56448E-005
    9720  0.56515E-005
    9721  0.56582E-005
    9722  0.56650E-005
    9723  0.56719E-005
    9724  0.56788E-005
    9725  0.56857E-005
    9726  0.56927E-005
    9727  0.56997E-005
    9728  0.54173E-005
    9729  0.54226E-005
    9730  0.54307E-005
    9731  0.54407E-005
    9732  0.54521E-005
    9733  0.54642E-005
    9734  0.54767E-005
    9735  0.54896E-005
    9736  0.55026E-005
    9737  0.55158E-005
    9738  0.55293E-005
    9739  0.55428E-005
    9740  0.55566E-005
    9741  0.55705E-005
    9742  0.55845E-005
    9743  0.55988E-005
    9744  0.56131E-005
    9745  0.53285E-005
    9746  0.53299E-005
    9747  0.53322E-005
    9748  0.53354E-005
    9749  0.53393E-005
    9750  0.53438E-005
    9751  0.53489E-005
    9752  0.53544E-005
    9753  0.53601E-005
    9754  0.53662E-005
    9755  0.53724E-005
    9756  0.53788E-005
    9757  0.53853E-005
    9758  0.53919E-005
    9759  0.53985E-005
    9760  0.54052E-005
    9761  0.54120E-005
    9762  0.54188E-005
    9763  0.54257E-005
    9764  0.54326E-005
    9765  0.54395E-005
    9766  0.54465E-005
    9767  0.54535E-005
    9768  0.54606E-005
    9769  0.54677E-005
    9770  0.54748E-005
    9771  0.54820E-005
    9772  0.54892E-005
    9773  0.54965E-005
    9774  0.55038E-005
    9775  0.55111E-005
    9776  0.55185E-005
    9777  0.55259E-005
    9778  0.55334E-005
    9779  0.55409E-005
    9780  0.52420E-005
    9781  0.52478E-005
    9782  0.52566E-005
    9783  0.52676E-005
    9784  0.52799E-005
    9785  0.52931E-005
    9786  0.53067E-005
    9787  0.53206E-005
    9788  0.53347E-005
    9789  0.53490E-005
    9790  0.53634E-005
    9791  0.53780E-005
    9792  0.53928E-005
    9793  0.54078E-005
    9794  0.54228E-005
    9795  0.54381E-005
    9796  0.54534E-005
    9797  0.51522E-005
    9798  0.51537E-005
    9799  0.51563E-005
    9800  0.51598E-005
    9801  0.51640E-005
    9802  0.51689E-005
    9803  0.51744E-005
    9804  0.51804E-005
    9805  0.51867E-005
    9806  0.51933E-005
    9807  0.52000E-005
    9808  0.52070E-005
    9809  0.52140E-005
    9810  0.52211E-005
    9811  0.52283E-005
    9812  0.52356E-005
    9813  0.52429E-005
    9814  0.52502E-005
    9815  0.52576E-005
    9816  0.52651E-005
    9817  0.52726E-005
    9818  0.52801E-005
    9819  0.52877E-005
    9820  0.52953E-005
    9821  0.53029E-005
    9822  0.53106E-005
    9823  0.53183E-005
    9824  0.53261E-005
    9825  0.53338E-005
    9826  0.53417E-005
    9827  0.53495E-005
    9828  0.53574E-005
    9829  0.53654E-005
    9830  0.53733E-005
    9831  0.53813E-005
    9832  0.50651E-005
    9833  0.50713E-005
    9834  0.50809E-005
    9835  0.50929E-005
    9836  0.51063E-005
    9837  0.51205E-005
    9838  0.51353E-005
    9839  0.51503E-005
    9840  0.51655E-005
    9841  0.51810E-005
    9842  0.51965E-005
    9843  0.52122E-005
    9844  0.52281E-005
    9845  0.52441E-005
    9846  0.52603E-005
    9847  0.52766E-005
    9848  0.52930E-005
    9849  0.49743E-005
    9850  0.49760E-005
    9851  0.49788E-005
    9852  0.49825E-005
    9853  0.49872E-005
    9854  0.49925E-005
    9855  0.49985E-005
    9856  0.50050E-005
    9857  0.50118E-005
    9858  0.50189E-005
    9859  0.50263E-005
    9860  0.50338E-005
    9861  0.50414E-005
    9862  0.50491E-005
    9863  0.50569E-005
    9864  0.50647E-005
    9865  0.50726E-005
    9866  0.50806E-005
    9867  0.50885E-005
    9868  0.50966E-005
    9869  0.51046E-005
    9870  0.51127E-005
    9871  0.51208E-005
    9872  0.51290E-005
    9873  0.51372E-005
    9874  0.51455E-005
    9875  0.51537E-005
    9876  0.51620E-005
    9877  0.51704E-005
    9878  0.51788E-005
    9879  0.51872E-005
    9880  0.51956E-005
    9881  0.52041E-005
    9882  0.52126E-005
    9883  0.52212E-005
    9884  0.48866E-005
    9885  0.48934E-005
    9886  0.49038E-005
    9887  0.49168E-005
    9888  0.49313E-005
    9889  0.49467E-005
    9890  0.49627E-005
    9891  0.49789E-005
    9892  0.49953E-005
    9893  0.50119E-005
    9894  0.50287E-005
    9895  0.50456E-005
    9896  0.50626E-005
    9897  0.50798E-005
    9898  0.50970E-005
    9899  0.51145E-005
    9900  0.51320E-005
    9901  0.47949E-005
    9902  0.47968E-005
    9903  0.47998E-005
    9904  0.48039E-005
    9905  0.48089E-005
    9906  0.48147E-005
    9907  0.48212E-005
    9908  0.48282E-005
    9909  0.48356E-005
    9910  0.48433E-005
    9911  0.48513E-005
    9912  0.48594E-005
    9913  0.48676E-005
    9914  0.48760E-005
    9915  0.48844E-005
    9916  0.48928E-005
    9917  0.49013E-005
    9918  0.49099E-005
    9919  0.49185E-005
    9920  0.49271E-005
    9921  0.49357E-005
    9922  0.49444E-005
    9923  0.49532E-005
    9924  0.49619E-005
    9925  0.49707E-005
    9926  0.49796E-005
    9927  0.49884E-005
    9928  0.49973E-005
    9929  0.50062E-005
    9930  0.50152E-005
    9931  0.50242E-005
    9932  0.50332E-005
    9933  0.50422E-005
    9934  0.50513E-005
    9935  0.50604E-005
    9936  0.47066E-005
    9937  0.47140E-005
    9938  0.47253E-005
    9939  0.47394E-005
    9940  0.47551E-005
    9941  0.47718E-005
    9942  0.47890E-005
    9943  0.48065E-005
    9944  0.48242E-005
    9945  0.48420E-005
    9946  0.48600E-005
    9947  0.48781E-005
    9948  0.48964E-005
    9949  0.49147E-005
    9950  0.49332E-005
    9951  0.49518E-005
    9952  0.49705E-005
    9953  0.46142E-005
    9954  0.46162E-005
    9955  0.46195E-005
    9956  0.46239E-005
    9957  0.46294E-005
    9958  0.46357E-005
    9959  0.46427E-005
    9960  0.46503E-005
    9961  0.46583E-005
    9962  0.46666E-005
    9963  0.46752E-005
    9964  0.46840E-005
    9965  0.46929E-005
    9966  0.47018E-005
    9967  0.47109E-005
    9968  0.47200E-005
    9969  0.47291E-005
    9970  0.47383E-005
    9971  0.47476E-005
    9972  0.47568E-005
    9973  0.47661E-005
    9974  0.47754E-005
    9975  0.47848E-005
    9976  0.47942E-005
    9977  0.48036E-005
    9978  0.48131E-005
    9979  0.48225E-005
    9980  0.48320E-005
    9981  0.48416E-005
    9982  0.48511E-005
    9983  0.48607E-005
    9984  0.48703E-005
    9985  0.48800E-005
    9986  0.48897E-005
    9987  0.48994E-005
    9988  0.45255E-005
    9989  0.45335E-005
    9990  0.45457E-005
    9991  0.45609E-005
    9992  0.45779E-005
    9993  0.45959E-005
    9994  0.46144E-005
    9995  0.46333E-005
    9996  0.46523E-005
    9997  0.46714E-005
    9998  0.46907E-005
    9999  0.47101E-005
   10000  0.47296E-005
   10001  0.47492E-005
   10002  0.47690E-005
   10003  0.47888E-005
   10004  0.48088E-005
   10005  0.44323E-005
   10006  0.44345E-005
   10007  0.44380E-005
   10008  0.44428E-005
   10009  0.44487E-005
   10010  0.44555E-005
   10011  0.44631E-005
   10012  0.44713E-005
   10013  0.44799E-005
   10014  0.44889E-005
   10015  0.44982E-005
   10016  0.45076E-005
   10017  0.45172E-005
   10018  0.45269E-005
   10019  0.45366E-005
   10020  0.45464E-005
   10021  0.45562E-005
   10022  0.45661E-005
   10023  0.45760E-005
   10024  0.45859E-005
   10025  0.45959E-005
   10026  0.46059E-005
   10027  0.46159E-005
   10028  0.46259E-005
   10029  0.46360E-005
   10030  0.46461E-005
   10031  0.46562E-005
   10032  0.46664E-005
   10033  0.46765E-005
   10034  0.46867E-005
   10035  0.46970E-005
   10036  0.47072E-005
   10037  0.47175E-005
   10038  0.47278E-005
   10039  0.47381E-005
   10040  0.43432E-005
   10041  0.43519E-005
   10042  0.43651E-005
   10043  0.43814E-005
   10044  0.43998E-005
   10045  0.44192E-005
   10046  0.44391E-005
   10047  0.44594E-005
   10048  0.44798E-005
   10049  0.45003E-005
   10050  0.45209E-005
   10051  0.45417E-005
   10052  0.45625E-005
   10053  0.45834E-005
   10054  0.46045E-005
   10055  0.46256E-005
   10056  0.46468E-005
   10057  0.42494E-005
   10058  0.42517E-005
   10059  0.42556E-005
   10060  0.42607E-005
   10061  0.42671E-005
   10062  0.42744E-005
   10063  0.42826E-005
   10064  0.42914E-005
   10065  0.43008E-005
   10066  0.43105E-005
   10067  0.43204E-005
   10068  0.43306E-005
   10069  0.43409E-005
   10070  0.43513E-005
   10071  0.43617E-005
   10072  0.43722E-005
   10073  0.43828E-005
   10074  0.43933E-005
   10075  0.44039E-005
   10076  0.44146E-005
   10077  0.44252E-005
   10078  0.44359E-005
   10079  0.44466E-005
   10080  0.44573E-005
   10081  0.44681E-005
   10082  0.44789E-005
   10083  0.44897E-005
   10084  0.45005E-005
   10085  0.45113E-005
   10086  0.45222E-005
   10087  0.45331E-005
   10088  0.45440E-005
   10089  0.45549E-005
   10090  0.45658E-005
   10091  0.45768E-005
   10092  0.41601E-005
   10093  0.41694E-005
   10094  0.41836E-005
   10095  0.42013E-005
   10096  0.42210E-005
   10097  0.42419E-005
   10098  0.42633E-005
   10099  0.42850E-005
   10100  0.43068E-005
   10101  0.43288E-005
   10102  0.43508E-005
   10103  0.43730E-005
   10104  0.43952E-005
   10105  0.44175E-005
   10106  0.44399E-005
   10107  0.44624E-005
   10108  0.44849E-005
   10109  0.40657E-005
   10110  0.40682E-005
   10111  0.40724E-005
   10112  0.40779E-005
   10113  0.40848E-005
   10114  0.40927E-005
   10115  0.41015E-005
   10116  0.41110E-005
   10117  0.41210E-005
   10118  0.41314E-005
   10119  0.41421E-005
   10120  0.41530E-005
   10121  0.41641E-005
   10122  0.41752E-005
   10123  0.41864E-005
   10124  0.41977E-005
   10125  0.42089E-005
   10126  0.42203E-005
   10127  0.42316E-005
   10128  0.42430E-005
   10129  0.42544E-005
   10130  0.42658E-005
   10131  0.42772E-005
   10132  0.42886E-005
   10133  0.43001E-005
   10134  0.43116E-005
   10135  0.43231E-005
   10136  0.43346E-005
   10137  0.43461E-005
   10138  0.43576E-005
   10139  0.43692E-005
   10140  0.43808E-005
   10141  0.43924E-005
   10142  0.44040E-005
   10143  0.44156E-005
   10144  0.39763E-005
   10145  0.39863E-005
   10146  0.40016E-005
   10147  0.40206E-005
   10148  0.40417E-005
   10149  0.40641E-005
   10150  0.40871E-005
   10151  0.41103E-005
   10152  0.41337E-005
   10153  0.41571E-005
   10154  0.41807E-005
   10155  0.42043E-005
   10156  0.42280E-005
   10157  0.42517E-005
   10158  0.42755E-005
   10159  0.42993E-005
   10160  0.43232E-005
   10161  0.38815E-005
   10162  0.38842E-005
   10163  0.38886E-005
   10164  0.38946E-005
   10165  0.39019E-005
   10166  0.39104E-005
   10167  0.39199E-005
   10168  0.39301E-005
   10169  0.39408E-005
   10170  0.39520E-005
   10171  0.39635E-005
   10172  0.39752E-005
   10173  0.39870E-005
   10174  0.39989E-005
   10175  0.40109E-005
   10176  0.40230E-005
   10177  0.40350E-005
   10178  0.40471E-005
   10179  0.40592E-005
   10180  0.40713E-005
   10181  0.40835E-005
   10182  0.40956E-005
   10183  0.41078E-005
   10184  0.41200E-005
   10185  0.41322E-005
   10186  0.41444E-005
   10187  0.41566E-005
   10188  0.41689E-005
   10189  0.41811E-005
   10190  0.41934E-005
   10191  0.42056E-005
   10192  0.42179E-005
   10193  0.42302E-005
   10194  0.42425E-005
   10195  0.42549E-005
   10196  0.37920E-005
   10197  0.38028E-005
   10198  0.38192E-005
   10199  0.38396E-005
   10200  0.38623E-005
   10201  0.38862E-005
   10202  0.39108E-005
   10203  0.39356E-005
   10204  0.39606E-005
   10205  0.39856E-005
   10206  0.40107E-005
   10207  0.40358E-005
   10208  0.40609E-005
   10209  0.40861E-005
   10210  0.41114E-005
   10211  0.41367E-005
   10212  0.41620E-005
   10213  0.36969E-005
   10214  0.36998E-005
   10215  0.37046E-005
   10216  0.37110E-005
   10217  0.37189E-005
   10218  0.37280E-005
   10219  0.37381E-005
   10220  0.37490E-005
   10221  0.37606E-005
   10222  0.37725E-005
   10223  0.37848E-005
   10224  0.37973E-005
   10225  0.38100E-005
   10226  0.38227E-005
   10227  0.38355E-005
   10228  0.38483E-005
   10229  0.38612E-005
   10230  0.38741E-005
   10231  0.38870E-005
   10232  0.38999E-005
   10233  0.39128E-005
   10234  0.39258E-005
   10235  0.39387E-005
   10236  0.39517E-005
   10237  0.39646E-005
   10238  0.39776E-005
   10239  0.39906E-005
   10240  0.40036E-005
   10241  0.40166E-005
   10242  0.40295E-005
   10243  0.40426E-005
   10244  0.40556E-005
   10245  0.40686E-005
   10246  0.40816E-005
   10247  0.40947E-005
   10248  0.36076E-005
   10249  0.36192E-005
   10250  0.36368E-005
   10251  0.36586E-005
   10252  0.36828E-005
   10253  0.37085E-005
   10254  0.37347E-005
   10255  0.37612E-005
   10256  0.37877E-005
   10257  0.38144E-005
   10258  0.38410E-005
   10259  0.38677E-005
   10260  0.38944E-005
   10261  0.39211E-005
   10262  0.39479E-005
   10263  0.39747E-005
   10264  0.40014E-005
   10265  0.35124E-005
   10266  0.35155E-005
   10267  0.35206E-005
   10268  0.35274E-005
   10269  0.35359E-005
   10270  0.35456E-005
   10271  0.35564E-005
   10272  0.35681E-005
   10273  0.35804E-005
   10274  0.35932E-005
   10275  0.36063E-005
   10276  0.36197E-005
   10277  0.36332E-005
   10278  0.36468E-005
   10279  0.36604E-005
   10280  0.36741E-005
   10281  0.36878E-005
   10282  0.37015E-005
   10283  0.37152E-005
   10284  0.37290E-005
   10285  0.37427E-005
   10286  0.37564E-005
   10287  0.37702E-005
   10288  0.37839E-005
   10289  0.37977E-005
   10290  0.38114E-005
   10291  0.38252E-005
   10292  0.38389E-005
   10293  0.38527E-005
   10294  0.38664E-005
   10295  0.38802E-005
   10296  0.38940E-005
   10297  0.39077E-005
   10298  0.39215E-005
   10299  0.39353E-005
   10300  0.34234E-005
   10301  0.34357E-005
   10302  0.34545E-005
   10303  0.34778E-005
   10304  0.35037E-005
   10305  0.35311E-005
   10306  0.35590E-005
   10307  0.35872E-005
   10308  0.36154E-005
   10309  0.36437E-005
   10310  0.36720E-005
   10311  0.37003E-005
   10312  0.37286E-005
   10313  0.37569E-005
   10314  0.37852E-005
   10315  0.38135E-005
   10316  0.38418E-005
   10317  0.33281E-005
   10318  0.33314E-005
   10319  0.33369E-005
   10320  0.33442E-005
   10321  0.33532E-005
   10322  0.33636E-005
   10323  0.33752E-005
   10324  0.33876E-005
   10325  0.34008E-005
   10326  0.34144E-005
   10327  0.34284E-005
   10328  0.34426E-005
   10329  0.34569E-005
   10330  0.34714E-005
   10331  0.34859E-005
   10332  0.35005E-005
   10333  0.35150E-005
   10334  0.35296E-005
   10335  0.35442E-005
   10336  0.35587E-005
   10337  0.35733E-005
   10338  0.35879E-005
   10339  0.36025E-005
   10340  0.36170E-005
   10341  0.36316E-005
   10342  0.36461E-005
   10343  0.36607E-005
   10344  0.36752E-005
   10345  0.36898E-005
   10346  0.37043E-005
   10347  0.37188E-005
   10348  0.37334E-005
   10349  0.37479E-005
   10350  0.37624E-005
   10351  0.37770E-005
   10352  0.32396E-005
   10353  0.32528E-005
   10354  0.32728E-005
   10355  0.32976E-005
   10356  0.33253E-005
   10357  0.33543E-005
   10358  0.33840E-005
   10359  0.34140E-005
   10360  0.34440E-005
   10361  0.34740E-005
   10362  0.35040E-005
   10363  0.35340E-005
   10364  0.35639E-005
   10365  0.35938E-005
   10366  0.36237E-005
   10367  0.36535E-005
   10368  0.36834E-005
   10369  0.31445E-005
   10370  0.31480E-005
   10371  0.31538E-005
   10372  0.31616E-005
   10373  0.31712E-005
   10374  0.31823E-005
   10375  0.31946E-005
   10376  0.32079E-005
   10377  0.32218E-005
   10378  0.32364E-005
   10379  0.32512E-005
   10380  0.32663E-005
   10381  0.32816E-005
   10382  0.32969E-005
   10383  0.33124E-005
   10384  0.33278E-005
   10385  0.33432E-005
   10386  0.33587E-005
   10387  0.33741E-005
   10388  0.33896E-005
   10389  0.34050E-005
   10390  0.34204E-005
   10391  0.34358E-005
   10392  0.34512E-005
   10393  0.34666E-005
   10394  0.34820E-005
   10395  0.34974E-005
   10396  0.35127E-005
   10397  0.35281E-005
   10398  0.35434E-005
   10399  0.35588E-005
   10400  0.35741E-005
   10401  0.35894E-005
   10402  0.36047E-005
   10403  0.36200E-005
   10404  0.30567E-005
   10405  0.30707E-005
   10406  0.30920E-005
   10407  0.31184E-005
   10408  0.31477E-005
   10409  0.31786E-005
   10410  0.32102E-005
   10411  0.32419E-005
   10412  0.32737E-005
   10413  0.33055E-005
   10414  0.33372E-005
   10415  0.33689E-005
   10416  0.34005E-005
   10417  0.34320E-005
   10418  0.34635E-005
   10419  0.34950E-005
   10420  0.35264E-005
   10421  0.29618E-005
   10422  0.29656E-005
   10423  0.29718E-005
   10424  0.29800E-005
   10425  0.29902E-005
   10426  0.30020E-005
   10427  0.30151E-005
   10428  0.30292E-005
   10429  0.30440E-005
   10430  0.30594E-005
   10431  0.30752E-005
   10432  0.30913E-005
   10433  0.31074E-005
   10434  0.31237E-005
   10435  0.31400E-005
   10436  0.31564E-005
   10437  0.31727E-005
   10438  0.31891E-005
   10439  0.32054E-005
   10440  0.32217E-005
   10441  0.32381E-005
   10442  0.32543E-005
   10443  0.32706E-005
   10444  0.32869E-005
   10445  0.33031E-005
   10446  0.33193E-005
   10447  0.33356E-005
   10448  0.33517E-005
   10449  0.33679E-005
   10450  0.33841E-005
   10451  0.34002E-005
   10452  0.34163E-005
   10453  0.34324E-005
   10454  0.34486E-005
   10455  0.34647E-005
   10456  0.28749E-005
   10457  0.28898E-005
   10458  0.29124E-005
   10459  0.29404E-005
   10460  0.29715E-005
   10461  0.30043E-005
   10462  0.30377E-005
   10463  0.30713E-005
   10464  0.31049E-005
   10465  0.31384E-005
   10466  0.31719E-005
   10467  0.32053E-005
   10468  0.32387E-005
   10469  0.32719E-005
   10470  0.33051E-005
   10471  0.33382E-005
   10472  0.33712E-005
   10473  0.27805E-005
   10474  0.27845E-005
   10475  0.27911E-005
   10476  0.27999E-005
   10477  0.28107E-005
   10478  0.28232E-005
   10479  0.28370E-005
   10480  0.28520E-005
   10481  0.28677E-005
   10482  0.28840E-005
   10483  0.29007E-005
   10484  0.29177E-005
   10485  0.29348E-005
   10486  0.29520E-005
   10487  0.29693E-005
   10488  0.29866E-005
   10489  0.30039E-005
   10490  0.30211E-005
   10491  0.30384E-005
   10492  0.30556E-005
   10493  0.30728E-005
   10494  0.30900E-005
   10495  0.31071E-005
   10496  0.31243E-005
   10497  0.31414E-005
   10498  0.31585E-005
   10499  0.31755E-005
   10500  0.31926E-005
   10501  0.32096E-005
   10502  0.32266E-005
   10503  0.32435E-005
   10504  0.32605E-005
   10505  0.32774E-005
   10506  0.32943E-005
   10507  0.33113E-005
   10508  0.26946E-005
   10509  0.27104E-005
   10510  0.27344E-005
   10511  0.27640E-005
   10512  0.27970E-005
   10513  0.28316E-005
   10514  0.28669E-005
   10515  0.29024E-005
   10516  0.29379E-005
   10517  0.29733E-005
   10518  0.30086E-005
   10519  0.30437E-005
   10520  0.30788E-005
   10521  0.31138E-005
   10522  0.31486E-005
   10523  0.31834E-005
   10524  0.32180E-005
   10525  0.26010E-005
   10526  0.26052E-005
   10527  0.26122E-005
   10528  0.26215E-005
   10529  0.26329E-005
   10530  0.26461E-005
   10531  0.26608E-005
   10532  0.26766E-005
   10533  0.26932E-005
   10534  0.27105E-005
   10535  0.27281E-005
   10536  0.27461E-005
   10537  0.27641E-005
   10538  0.27823E-005
   10539  0.28005E-005
   10540  0.28188E-005
   10541  0.28370E-005
   10542  0.28552E-005
   10543  0.28734E-005
   10544  0.28915E-005
   10545  0.29096E-005
   10546  0.29277E-005
   10547  0.29458E-005
   10548  0.29638E-005
   10549  0.29818E-005
   10550  0.29997E-005
   10551  0.30176E-005
   10552  0.30355E-005
   10553  0.30534E-005
   10554  0.30712E-005
   10555  0.30890E-005
   10556  0.31068E-005
   10557  0.31246E-005
   10558  0.31423E-005
   10559  0.31600E-005
   10560  0.25164E-005
   10561  0.25331E-005
   10562  0.25584E-005
   10563  0.25897E-005
   10564  0.26245E-005
   10565  0.26611E-005
   10566  0.26983E-005
   10567  0.27357E-005
   10568  0.27731E-005
   10569  0.28103E-005
   10570  0.28474E-005
   10571  0.28844E-005
   10572  0.29212E-005
   10573  0.29579E-005
   10574  0.29945E-005
   10575  0.30309E-005
   10576  0.30672E-005
   10577  0.24236E-005
   10578  0.24281E-005
   10579  0.24354E-005
   10580  0.24453E-005
   10581  0.24573E-005
   10582  0.24713E-005
   10583  0.24868E-005
   10584  0.25035E-005
   10585  0.25210E-005
   10586  0.25392E-005
   10587  0.25578E-005
   10588  0.25767E-005
   10589  0.25958E-005
   10590  0.26149E-005
   10591  0.26341E-005
   10592  0.26533E-005
   10593  0.26725E-005
   10594  0.26916E-005
   10595  0.27107E-005
   10596  0.27298E-005
   10597  0.27488E-005
   10598  0.27678E-005
   10599  0.27868E-005
   10600  0.28057E-005
   10601  0.28246E-005
   10602  0.28434E-005
   10603  0.28622E-005
   10604  0.28810E-005
   10605  0.28997E-005
   10606  0.29184E-005
   10607  0.29370E-005
   10608  0.29556E-005
   10609  0.29742E-005
   10610  0.29928E-005
   10611  0.30114E-005
   10612  0.23405E-005
   10613  0.23581E-005
   10614  0.23849E-005
   10615  0.24179E-005
   10616  0.24546E-005
   10617  0.24930E-005
   10618  0.25322E-005
   10619  0.25716E-005
   10620  0.26108E-005
   10621  0.26499E-005
   10622  0.26889E-005
   10623  0.27277E-005
   10624  0.27663E-005
   10625  0.28047E-005
   10626  0.28430E-005
   10627  0.28811E-005
   10628  0.29191E-005
   10629  0.22489E-005
   10630  0.22536E-005
   10631  0.22613E-005
   10632  0.22717E-005
   10633  0.22844E-005
   10634  0.22991E-005
   10635  0.23154E-005
   10636  0.23330E-005
   10637  0.23515E-005
   10638  0.23706E-005
   10639  0.23902E-005
   10640  0.24101E-005
   10641  0.24301E-005
   10642  0.24502E-005
   10643  0.24704E-005
   10644  0.24905E-005
   10645  0.25107E-005
   10646  0.25308E-005
   10647  0.25508E-005
   10648  0.25708E-005
   10649  0.25908E-005
   10650  0.26107E-005
   10651  0.26306E-005
   10652  0.26504E-005
   10653  0.26702E-005
   10654  0.26899E-005
   10655  0.27096E-005
   10656  0.27292E-005
   10657  0.27488E-005
   10658  0.27683E-005
   10659  0.27878E-005
   10660  0.28073E-005
   10661  0.28267E-005
   10662  0.28461E-005
   10663  0.28654E-005
   10664  0.21675E-005
   10665  0.21860E-005
   10666  0.22142E-005
   10667  0.22489E-005
   10668  0.22875E-005
   10669  0.23279E-005
   10670  0.23690E-005
   10671  0.24103E-005
   10672  0.24515E-005
   10673  0.24925E-005
   10674  0.25333E-005
   10675  0.25739E-005
   10676  0.26143E-005
   10677  0.26545E-005
   10678  0.26945E-005
   10679  0.27343E-005
   10680  0.27739E-005
   10681  0.20772E-005
   10682  0.20822E-005
   10683  0.20903E-005
   10684  0.21012E-005
   10685  0.21146E-005
   10686  0.21300E-005
   10687  0.21472E-005
   10688  0.21656E-005
   10689  0.21850E-005
   10690  0.22051E-005
   10691  0.22257E-005
   10692  0.22466E-005
   10693  0.22676E-005
   10694  0.22887E-005
   10695  0.23098E-005
   10696  0.23310E-005
   10697  0.23521E-005
   10698  0.23731E-005
   10699  0.23941E-005
   10700  0.24151E-005
   10701  0.24360E-005
   10702  0.24568E-005
   10703  0.24776E-005
   10704  0.24983E-005
   10705  0.25190E-005
   10706  0.25396E-005
   10707  0.25602E-005
   10708  0.25807E-005
   10709  0.26011E-005
   10710  0.26215E-005
   10711  0.26419E-005
   10712  0.26622E-005
   10713  0.26824E-005
   10714  0.27026E-005
   10715  0.27228E-005
   10716  0.19977E-005
   10717  0.20172E-005
   10718  0.20468E-005
   10719  0.20832E-005
   10720  0.21237E-005
   10721  0.21661E-005
   10722  0.22092E-005
   10723  0.22525E-005
   10724  0.22956E-005
   10725  0.23385E-005
   10726  0.23811E-005
   10727  0.24236E-005
   10728  0.24657E-005
   10729  0.25077E-005
   10730  0.25494E-005
   10731  0.25909E-005
   10732  0.26322E-005
   10733  0.19091E-005
   10734  0.19143E-005
   10735  0.19228E-005
   10736  0.19342E-005
   10737  0.19483E-005
   10738  0.19645E-005
   10739  0.19825E-005
   10740  0.20018E-005
   10741  0.20221E-005
   10742  0.20432E-005
   10743  0.20648E-005
   10744  0.20866E-005
   10745  0.21086E-005
   10746  0.21307E-005
   10747  0.21528E-005
   10748  0.21749E-005
   10749  0.21970E-005
   10750  0.22190E-005
   10751  0.22410E-005
   10752  0.22628E-005
   10753  0.22847E-005
   10754  0.23064E-005
   10755  0.23281E-005
   10756  0.23498E-005
   10757  0.23713E-005
   10758  0.23928E-005
   10759  0.24143E-005
   10760  0.24356E-005
   10761  0.24570E-005
   10762  0.24782E-005
   10763  0.24994E-005
   10764  0.25206E-005
   10765  0.25416E-005
   10766  0.25627E-005
   10767  0.25837E-005
   10768  0.18318E-005
   10769  0.18522E-005
   10770  0.18832E-005
   10771  0.19214E-005
   10772  0.19637E-005
   10773  0.20081E-005
   10774  0.20532E-005
   10775  0.20984E-005
   10776  0.21434E-005
   10777  0.21882E-005
   10778  0.22327E-005
   10779  0.22769E-005
   10780  0.23209E-005
   10781  0.23646E-005
   10782  0.24080E-005
   10783  0.24512E-005
   10784  0.24941E-005
   10785  0.17449E-005
   10786  0.17504E-005
   10787  0.17593E-005
   10788  0.17713E-005
   10789  0.17860E-005
   10790  0.18029E-005
   10791  0.18218E-005
   10792  0.18420E-005
   10793  0.18633E-005
   10794  0.18853E-005
   10795  0.19078E-005
   10796  0.19307E-005
   10797  0.19537E-005
   10798  0.19767E-005
   10799  0.19998E-005
   10800  0.20229E-005
   10801  0.20459E-005
   10802  0.20689E-005
   10803  0.20918E-005
   10804  0.21146E-005
   10805  0.21374E-005
   10806  0.21600E-005
   10807  0.21826E-005
   10808  0.22052E-005
   10809  0.22276E-005
   10810  0.22500E-005
   10811  0.22723E-005
   10812  0.22946E-005
   10813  0.23167E-005
   10814  0.23388E-005
   10815  0.23609E-005
   10816  0.23829E-005
   10817  0.24048E-005
   10818  0.24266E-005
   10819  0.24485E-005
   10820  0.16701E-005
   10821  0.16914E-005
   10822  0.17238E-005
   10823  0.17637E-005
   10824  0.18080E-005
   10825  0.18543E-005
   10826  0.19014E-005
   10827  0.19485E-005
   10828  0.19954E-005
   10829  0.20421E-005
   10830  0.20884E-005
   10831  0.21345E-005
   10832  0.21802E-005
   10833  0.22256E-005
   10834  0.22707E-005
   10835  0.23156E-005
   10836  0.23602E-005
   10837  0.15853E-005
   10838  0.15910E-005
   10839  0.16003E-005
   10840  0.16128E-005
   10841  0.16282E-005
   10842  0.16459E-005
   10843  0.16655E-005
   10844  0.16867E-005
   10845  0.17089E-005
   10846  0.17319E-005
   10847  0.17553E-005
   10848  0.17792E-005
   10849  0.18031E-005
   10850  0.18272E-005
   10851  0.18512E-005
   10852  0.18753E-005
   10853  0.18993E-005
   10854  0.19232E-005
   10855  0.19470E-005
   10856  0.19707E-005
   10857  0.19944E-005
   10858  0.20180E-005
   10859  0.20415E-005
   10860  0.20649E-005
   10861  0.20882E-005
   10862  0.21115E-005
   10863  0.21347E-005
   10864  0.21578E-005
   10865  0.21808E-005
   10866  0.22037E-005
   10867  0.22266E-005
   10868  0.22494E-005
   10869  0.22721E-005
   10870  0.22948E-005
   10871  0.23174E-005
   10872  0.15131E-005
   10873  0.15354E-005
   10874  0.15692E-005
   10875  0.16108E-005
   10876  0.16570E-005
   10877  0.17052E-005
   10878  0.17542E-005
   10879  0.18033E-005
   10880  0.18521E-005
   10881  0.19006E-005
   10882  0.19487E-005
   10883  0.19965E-005
   10884  0.20440E-005
   10885  0.20911E-005
   10886  0.21379E-005
   10887  0.21844E-005
   10888  0.22306E-005
   10889  0.14307E-005
   10890  0.14366E-005
   10891  0.14463E-005
   10892  0.14593E-005
   10893  0.14753E-005
   10894  0.14938E-005
   10895  0.15143E-005
   10896  0.15363E-005
   10897  0.15594E-005
   10898  0.15833E-005
   10899  0.16078E-005
   10900  0.16326E-005
   10901  0.16575E-005
   10902  0.16825E-005
   10903  0.17075E-005
   10904  0.17325E-005
   10905  0.17574E-005
   10906  0.17823E-005
   10907  0.18070E-005
   10908  0.18317E-005
   10909  0.18562E-005
   10910  0.18807E-005
   10911  0.19051E-005
   10912  0.19294E-005
   10913  0.19536E-005
   10914  0.19777E-005
   10915  0.20017E-005
   10916  0.20257E-005
   10917  0.20495E-005
   10918  0.20733E-005
   10919  0.20970E-005
   10920  0.21206E-005
   10921  0.21441E-005
   10922  0.21676E-005
   10923  0.21910E-005
   10924  0.13614E-005
   10925  0.13846E-005
   10926  0.14198E-005
   10927  0.14631E-005
   10928  0.15111E-005
   10929  0.15612E-005
   10930  0.16121E-005
   10931  0.16631E-005
   10932  0.17138E-005
   10933  0.17641E-005
   10934  0.18140E-005
   10935  0.18635E-005
   10936  0.19127E-005
   10937  0.19615E-005
   10938  0.20099E-005
   10939  0.20580E-005
   10940  0.21058E-005
   10941  0.12816E-005
   10942  0.12877E-005
   10943  0.12978E-005
   10944  0.13114E-005
   10945  0.13280E-005
   10946  0.13472E-005
   10947  0.13684E-005
   10948  0.13913E-005
   10949  0.14153E-005
   10950  0.14402E-005
   10951  0.14656E-005
   10952  0.14913E-005
   10953  0.15172E-005
   10954  0.15432E-005
   10955  0.15691E-005
   10956  0.15950E-005
   10957  0.16209E-005
   10958  0.16466E-005
   10959  0.16723E-005
   10960  0.16978E-005
   10961  0.17233E-005
   10962  0.17486E-005
   10963  0.17739E-005
   10964  0.17990E-005
   10965  0.18241E-005
   10966  0.18490E-005
   10967  0.18739E-005
   10968  0.18986E-005
   10969  0.19233E-005
   10970  0.19479E-005
   10971  0.19724E-005
   10972  0.19968E-005
   10973  0.20211E-005
   10974  0.20453E-005
   10975  0.20695E-005
   10976  0.12155E-005
   10977  0.12396E-005
   10978  0.12761E-005
   10979  0.13210E-005
   10980  0.13708E-005
   10981  0.14228E-005
   10982  0.14756E-005
   10983  0.15284E-005
   10984  0.15809E-005
   10985  0.16330E-005
   10986  0.16846E-005
   10987  0.17359E-005
   10988  0.17867E-005
   10989  0.18371E-005
   10990  0.18872E-005
   10991  0.19368E-005
   10992  0.19862E-005
   10993  0.11384E-005
   10994  0.11448E-005
   10995  0.11553E-005
   10996  0.11693E-005
   10997  0.11866E-005
   10998  0.12065E-005
   10999  0.12285E-005
   11000  0.12522E-005
   11001  0.12771E-005
   11002  0.13029E-005
   11003  0.13292E-005
   11004  0.13559E-005
   11005  0.13827E-005
   11006  0.14096E-005
   11007  0.14364E-005
   11008  0.14633E-005
   11009  0.14900E-005
   11010  0.15166E-005
   11011  0.15432E-005
   11012  0.15696E-005
   11013  0.15959E-005
   11014  0.16221E-005
   11015  0.16482E-005
   11016  0.16742E-005
   11017  0.17001E-005
   11018  0.17258E-005
   11019  0.17515E-005
   11020  0.17771E-005
   11021  0.18025E-005
   11022  0.18279E-005
   11023  0.18532E-005
   11024  0.18783E-005
   11025  0.19034E-005
   11026  0.19284E-005
   11027  0.19534E-005
   11028  0.10758E-005
   11029  0.11007E-005
   11030  0.11385E-005
   11031  0.11851E-005
   11032  0.12366E-005
   11033  0.12905E-005
   11034  0.13451E-005
   11035  0.13996E-005
   11036  0.14539E-005
   11037  0.15077E-005
   11038  0.15611E-005
   11039  0.16140E-005
   11040  0.16664E-005
   11041  0.17184E-005
   11042  0.17700E-005
   11043  0.18212E-005
   11044  0.18720E-005
   11045  0.10018E-005
   11046  0.10084E-005
   11047  0.10192E-005
   11048  0.10338E-005
   11049  0.10516E-005
   11050  0.10722E-005
   11051  0.10950E-005
   11052  0.11196E-005
   11053  0.11453E-005
   11054  0.11719E-005
   11055  0.11991E-005
   11056  0.12267E-005
   11057  0.12544E-005
   11058  0.12822E-005
   11059  0.13099E-005
   11060  0.13376E-005
   11061  0.13652E-005
   11062  0.13927E-005
   11063  0.14201E-005
   11064  0.14474E-005
   11065  0.14745E-005
   11066  0.15016E-005
   11067  0.15285E-005
   11068  0.15553E-005
   11069  0.15819E-005
   11070  0.16085E-005
   11071  0.16350E-005
   11072  0.16613E-005
   11073  0.16875E-005
   11074  0.17137E-005
   11075  0.17397E-005
   11076  0.17656E-005
   11077  0.17914E-005
   11078  0.18171E-005
   11079  0.18428E-005
   11080  0.94277E-006
   11081  0.96856E-006
   11082  0.10076E-005
   11083  0.10557E-005
   11084  0.11090E-005
   11085  0.11646E-005
   11086  0.12209E-005
   11087  0.12773E-005
   11088  0.13332E-005
   11089  0.13887E-005
   11090  0.14437E-005
   11091  0.14982E-005
   11092  0.15522E-005
   11093  0.16057E-005
   11094  0.16588E-005
   11095  0.17115E-005
   11096  0.17637E-005
   11097  0.87212E-006
   11098  0.87895E-006
   11099  0.89013E-006
   11100  0.90514E-006
   11101  0.92358E-006
   11102  0.94484E-006
   11103  0.96838E-006
   11104  0.99369E-006
   11105  0.10202E-005
   11106  0.10477E-005
   11107  0.10758E-005
   11108  0.11042E-005
   11109  0.11328E-005
   11110  0.11614E-005
   11111  0.11900E-005
   11112  0.12186E-005
   11113  0.12470E-005
   11114  0.12753E-005
   11115  0.13035E-005
   11116  0.13316E-005
   11117  0.13596E-005
   11118  0.13874E-005
   11119  0.14151E-005
   11120  0.14427E-005
   11121  0.14701E-005
   11122  0.14974E-005
   11123  0.15246E-005
   11124  0.15517E-005
   11125  0.15787E-005
   11126  0.16056E-005
   11127  0.16323E-005
   11128  0.16589E-005
   11129  0.16855E-005
   11130  0.17119E-005
   11131  0.17383E-005
   11132  0.81698E-006
   11133  0.84358E-006
   11134  0.88388E-006
   11135  0.93346E-006
   11136  0.98832E-006
   11137  0.10456E-005
   11138  0.11037E-005
   11139  0.11616E-005
   11140  0.12192E-005
   11141  0.12763E-005
   11142  0.13328E-005
   11143  0.13889E-005
   11144  0.14444E-005
   11145  0.14994E-005
   11146  0.15539E-005
   11147  0.16080E-005
   11148  0.16616E-005
   11149  0.74990E-006
   11150  0.75693E-006
   11151  0.76845E-006
   11152  0.78391E-006
   11153  0.80290E-006
   11154  0.82480E-006
   11155  0.84904E-006
   11156  0.87510E-006
   11157  0.90244E-006
   11158  0.93075E-006
   11159  0.95960E-006
   11160  0.98885E-006
   11161  0.10182E-005
   11162  0.10477E-005
   11163  0.10771E-005
   11164  0.11065E-005
   11165  0.11357E-005
   11166  0.11649E-005
   11167  0.11938E-005
   11168  0.12227E-005
   11169  0.12514E-005
   11170  0.12800E-005
   11171  0.13084E-005
   11172  0.13368E-005
   11173  0.13649E-005
   11174  0.13930E-005
   11175  0.14209E-005
   11176  0.14487E-005
   11177  0.14764E-005
   11178  0.15039E-005
   11179  0.15313E-005
   11180  0.15587E-005
   11181  0.15859E-005
   11182  0.16130E-005
   11183  0.16400E-005
   11184  0.69885E-006
   11185  0.72622E-006
   11186  0.76767E-006
   11187  0.81867E-006
   11188  0.87508E-006
   11189  0.93397E-006
   11190  0.99362E-006
   11191  0.10532E-005
   11192  0.11123E-005
   11193  0.11709E-005
   11194  0.12289E-005
   11195  0.12864E-005
   11196  0.13433E-005
   11197  0.13997E-005
   11198  0.14556E-005
   11199  0.15110E-005
   11200  0.15660E-005
   11201  0.63559E-006
   11202  0.64281E-006
   11203  0.65464E-006
   11204  0.67053E-006
   11205  0.69005E-006
   11206  0.71255E-006
   11207  0.73744E-006
   11208  0.76422E-006
   11209  0.79231E-006
   11210  0.82137E-006
   11211  0.85100E-006
   11212  0.88103E-006
   11213  0.91120E-006
   11214  0.94144E-006
   11215  0.97164E-006
   11216  0.10018E-005
   11217  0.10318E-005
   11218  0.10616E-005
   11219  0.10914E-005
   11220  0.11209E-005
   11221  0.11504E-005
   11222  0.11797E-005
   11223  0.12088E-005
   11224  0.12379E-005
   11225  0.12667E-005
   11226  0.12955E-005
   11227  0.13241E-005
   11228  0.13525E-005
   11229  0.13809E-005
   11230  0.14091E-005
   11231  0.14371E-005
   11232  0.14651E-005
   11233  0.14929E-005
   11234  0.15207E-005
   11235  0.15484E-005
   11236  0.58884E-006
   11237  0.61692E-006
   11238  0.65947E-006
   11239  0.71179E-006
   11240  0.76967E-006
   11241  0.83007E-006
   11242  0.89123E-006
   11243  0.95228E-006
   11244  0.10129E-005
   11245  0.10729E-005
   11246  0.11323E-005
   11247  0.11911E-005
   11248  0.12494E-005
   11249  0.13071E-005
   11250  0.13643E-005
   11251  0.14209E-005
   11252  0.14771E-005
   11253  0.52960E-006
   11254  0.53700E-006
   11255  0.54913E-006
   11256  0.56542E-006
   11257  0.58543E-006
   11258  0.60849E-006
   11259  0.63401E-006
   11260  0.66145E-006
   11261  0.69024E-006
   11262  0.72002E-006
   11263  0.75038E-006
   11264  0.78114E-006
   11265  0.81204E-006
   11266  0.84301E-006
   11267  0.87393E-006
   11268  0.90477E-006
   11269  0.93547E-006
   11270  0.96605E-006
   11271  0.99647E-006
   11272  0.10267E-005
   11273  0.10569E-005
   11274  0.10868E-005
   11275  0.11167E-005
   11276  0.11463E-005
   11277  0.11758E-005
   11278  0.12052E-005
   11279  0.12345E-005
   11280  0.12635E-005
   11281  0.12925E-005
   11282  0.13213E-005
   11283  0.13500E-005
   11284  0.13786E-005
   11285  0.14070E-005
   11286  0.14353E-005
   11287  0.14635E-005
   11288  0.48735E-006
   11289  0.51610E-006
   11290  0.55967E-006
   11291  0.61324E-006
   11292  0.67247E-006
   11293  0.73428E-006
   11294  0.79685E-006
   11295  0.85928E-006
   11296  0.92123E-006
   11297  0.98258E-006
   11298  0.10433E-005
   11299  0.11034E-005
   11300  0.11629E-005
   11301  0.12218E-005
   11302  0.12802E-005
   11303  0.13380E-005
   11304  0.13953E-005
   11305  0.43236E-006
   11306  0.43993E-006
   11307  0.45234E-006
   11308  0.46900E-006
   11309  0.48945E-006
   11310  0.51304E-006
   11311  0.53914E-006
   11312  0.56719E-006
   11313  0.59663E-006
   11314  0.62707E-006
   11315  0.65811E-006
   11316  0.68954E-006
   11317  0.72112E-006
   11318  0.75277E-006
   11319  0.78435E-006
   11320  0.81586E-006
   11321  0.84722E-006
   11322  0.87844E-006
   11323  0.90951E-006
   11324  0.94042E-006
   11325  0.97116E-006
   11326  0.10018E-005
   11327  0.10322E-005
   11328  0.10625E-005
   11329  0.10926E-005
   11330  0.11226E-005
   11331  0.11524E-005
   11332  0.11820E-005
   11333  0.12116E-005
   11334  0.12410E-005
   11335  0.12702E-005
   11336  0.12993E-005
   11337  0.13283E-005
   11338  0.13572E-005
   11339  0.13860E-005
   11340  0.39479E-006
   11341  0.42416E-006
   11342  0.46866E-006
   11343  0.52337E-006
   11344  0.58386E-006
   11345  0.64696E-006
   11346  0.71082E-006
   11347  0.77453E-006
   11348  0.83773E-006
   11349  0.90030E-006
   11350  0.96222E-006
   11351  0.10235E-005
   11352  0.10841E-005
   11353  0.11442E-005
   11354  0.12036E-005
   11355  0.12625E-005
   11356  0.13209E-005
   11357  0.34425E-006
   11358  0.35197E-006
   11359  0.36463E-006
   11360  0.38163E-006
   11361  0.40250E-006
   11362  0.42656E-006
   11363  0.45319E-006
   11364  0.48181E-006
   11365  0.51183E-006
   11366  0.54288E-006
   11367  0.57453E-006
   11368  0.60659E-006
   11369  0.63879E-006
   11370  0.67105E-006
   11371  0.70325E-006
   11372  0.73536E-006
   11373  0.76732E-006
   11374  0.79914E-006
   11375  0.83079E-006
   11376  0.86227E-006
   11377  0.89359E-006
   11378  0.92475E-006
   11379  0.95574E-006
   11380  0.98657E-006
   11381  0.10172E-005
   11382  0.10477E-005
   11383  0.10781E-005
   11384  0.11083E-005
   11385  0.11384E-005
   11386  0.11683E-005
   11387  0.11980E-005
   11388  0.12276E-005
   11389  0.12571E-005
   11390  0.12865E-005
   11391  0.13157E-005
   11392  0.31152E-006
   11393  0.34145E-006
   11394  0.38680E-006
   11395  0.44255E-006
   11396  0.50418E-006
   11397  0.56846E-006
   11398  0.63349E-006
   11399  0.69836E-006
   11400  0.76269E-006
   11401  0.82637E-006
   11402  0.88937E-006
   11403  0.95170E-006
   11404  0.10134E-005
   11405  0.10744E-005
   11406  0.11349E-005
   11407  0.11947E-005
   11408  0.12540E-005
   11409  0.26561E-006
   11410  0.27348E-006
   11411  0.28637E-006
   11412  0.30367E-006
   11413  0.32491E-006
   11414  0.34940E-006
   11415  0.37650E-006
   11416  0.40563E-006
   11417  0.43618E-006
   11418  0.46778E-006
   11419  0.49999E-006
   11420  0.53260E-006
   11421  0.56535E-006
   11422  0.59817E-006
   11423  0.63092E-006
   11424  0.66357E-006
   11425  0.69607E-006
   11426  0.72842E-006
   11427  0.76060E-006
   11428  0.79261E-006
   11429  0.82444E-006
   11430  0.85611E-006
   11431  0.88760E-006
   11432  0.91893E-006
   11433  0.95009E-006
   11434  0.98108E-006
   11435  0.10119E-005
   11436  0.10426E-005
   11437  0.10731E-005
   11438  0.11035E-005
   11439  0.11337E-005
   11440  0.11638E-005
   11441  0.11937E-005
   11442  0.12235E-005
   11443  0.12533E-005
   11444  0.23789E-006
   11445  0.26832E-006
   11446  0.31442E-006
   11447  0.37109E-006
   11448  0.43374E-006
   11449  0.49906E-006
   11450  0.56514E-006
   11451  0.63104E-006
   11452  0.69638E-006
   11453  0.76104E-006
   11454  0.82500E-006
   11455  0.88828E-006
   11456  0.95088E-006
   11457  0.10128E-005
   11458  0.10741E-005
   11459  0.11348E-005
   11460  0.11950E-005
   11461  0.19679E-006
   11462  0.20478E-006
   11463  0.21786E-006
   11464  0.23544E-006
   11465  0.25701E-006
   11466  0.28188E-006
   11467  0.30939E-006
   11468  0.33897E-006
   11469  0.36999E-006
   11470  0.40207E-006
   11471  0.43476E-006
   11472  0.46787E-006
   11473  0.50111E-006
   11474  0.53442E-006
   11475  0.56765E-006
   11476  0.60078E-006
   11477  0.63376E-006
   11478  0.66658E-006
   11479  0.69922E-006
   11480  0.73168E-006
   11481  0.76397E-006
   11482  0.79608E-006
   11483  0.82802E-006
   11484  0.85978E-006
   11485  0.89137E-006
   11486  0.92279E-006
   11487  0.95405E-006
   11488  0.98514E-006
   11489  0.10161E-005
   11490  0.10468E-005
   11491  0.10775E-005
   11492  0.11079E-005
   11493  0.11382E-005
   11494  0.11684E-005
   11495  0.11985E-005
   11496  0.17419E-006
   11497  0.20506E-006
   11498  0.25181E-006
   11499  0.30929E-006
   11500  0.37282E-006
   11501  0.43905E-006
   11502  0.50604E-006
   11503  0.57284E-006
   11504  0.63905E-006
   11505  0.70457E-006
   11506  0.76937E-006
   11507  0.83346E-006
   11508  0.89686E-006
   11509  0.95958E-006
   11510  0.10217E-005
   11511  0.10831E-005
   11512  0.11440E-005
   11513  0.13806E-006
   11514  0.14615E-006
   11515  0.15941E-006
   11516  0.17721E-006
   11517  0.19907E-006
   11518  0.22426E-006
   11519  0.25213E-006
   11520  0.28209E-006
   11521  0.31351E-006
   11522  0.34601E-006
   11523  0.37912E-006
   11524  0.41265E-006
   11525  0.44631E-006
   11526  0.48004E-006
   11527  0.51368E-006
   11528  0.54723E-006
   11529  0.58061E-006
   11530  0.61383E-006
   11531  0.64687E-006
   11532  0.67973E-006
   11533  0.71241E-006
   11534  0.74490E-006
   11535  0.77721E-006
   11536  0.80935E-006
   11537  0.84131E-006
   11538  0.87310E-006
   11539  0.90472E-006
   11540  0.93617E-006
   11541  0.96745E-006
   11542  0.99858E-006
   11543  0.10295E-005
   11544  0.10604E-005
   11545  0.10910E-005
   11546  0.11216E-005
   11547  0.11520E-005
   11548  0.12069E-006
   11549  0.15193E-006
   11550  0.19924E-006
   11551  0.25740E-006
   11552  0.32167E-006
   11553  0.38868E-006
   11554  0.45643E-006
   11555  0.52398E-006
   11556  0.59094E-006
   11557  0.65718E-006
   11558  0.72269E-006
   11559  0.78747E-006
   11560  0.85154E-006
   11561  0.91492E-006
   11562  0.97763E-006
   11563  0.10397E-005
   11564  0.11012E-005
   11565  0.89666E-007
   11566  0.97846E-007
   11567  0.11125E-006
   11568  0.12924E-006
   11569  0.15133E-006
   11570  0.17679E-006
   11571  0.20496E-006
   11572  0.23524E-006
   11573  0.26699E-006
   11574  0.29983E-006
   11575  0.33329E-006
   11576  0.36716E-006
   11577  0.40118E-006
   11578  0.43525E-006
   11579  0.46924E-006
   11580  0.50313E-006
   11581  0.53685E-006
   11582  0.57040E-006
   11583  0.60377E-006
   11584  0.63695E-006
   11585  0.66995E-006
   11586  0.70276E-006
   11587  0.73539E-006
   11588  0.76784E-006
   11589  0.80010E-006
   11590  0.83219E-006
   11591  0.86411E-006
   11592  0.89586E-006
   11593  0.92743E-006
   11594  0.95884E-006
   11595  0.99009E-006
   11596  0.10212E-005
   11597  0.10521E-005
   11598  0.10829E-005
   11599  0.11136E-005
   11600  0.77631E-007
   11601  0.10917E-006
   11602  0.15693E-006
   11603  0.21563E-006
   11604  0.28051E-006
   11605  0.34813E-006
   11606  0.41651E-006
   11607  0.48468E-006
   11608  0.55223E-006
   11609  0.61906E-006
   11610  0.68514E-006
   11611  0.75047E-006
   11612  0.81509E-006
   11613  0.87900E-006
   11614  0.94222E-006
   11615  0.10048E-005
   11616  0.10667E-005
   11617  0.51819E-007
   11618  0.60067E-007
   11619  0.73583E-007
   11620  0.91728E-007
   11621  0.11400E-006
   11622  0.13967E-006
   11623  0.16807E-006
   11624  0.19860E-006
   11625  0.23062E-006
   11626  0.26372E-006
   11627  0.29745E-006
   11628  0.33160E-006
   11629  0.36589E-006
   11630  0.40023E-006
   11631  0.43449E-006
   11632  0.46865E-006
   11633  0.50263E-006
   11634  0.53645E-006
   11635  0.57008E-006
   11636  0.60352E-006
   11637  0.63677E-006
   11638  0.66983E-006
   11639  0.70270E-006
   11640  0.73539E-006
   11641  0.76790E-006
   11642  0.80023E-006
   11643  0.83238E-006
   11644  0.86436E-006
   11645  0.89616E-006
   11646  0.92780E-006
   11647  0.95927E-006
   11648  0.99057E-006
   11649  0.10217E-005
   11650  0.10527E-005
   11651  0.10836E-005
   11652  0.45176E-007
   11653  0.76941E-007
   11654  0.12504E-006
   11655  0.18416E-006
   11656  0.24949E-006
   11657  0.31759E-006
   11658  0.38644E-006
   11659  0.45506E-006
   11660  0.52307E-006
   11661  0.59034E-006
   11662  0.65685E-006
   11663  0.72261E-006
   11664  0.78764E-006
   11665  0.85195E-006
   11666  0.91557E-006
   11667  0.97851E-006
   11668  0.10408E-005
   11669  0.24672E-007
   11670  0.32970E-007
   11671  0.46566E-007
   11672  0.64820E-007
   11673  0.87222E-007
   11674  0.11305E-006
   11675  0.14162E-006
   11676  0.17232E-006
   11677  0.20453E-006
   11678  0.23783E-006
   11679  0.27175E-006
   11680  0.30610E-006
   11681  0.34058E-006
   11682  0.37513E-006
   11683  0.40958E-006
   11684  0.44393E-006
   11685  0.47810E-006
   11686  0.51211E-006
   11687  0.54592E-006
   11688  0.57955E-006
   11689  0.61298E-006
   11690  0.64622E-006
   11691  0.67927E-006
   11692  0.71213E-006
   11693  0.74481E-006
   11694  0.77731E-006
   11695  0.80963E-006
   11696  0.84177E-006
   11697  0.87374E-006
   11698  0.90553E-006
   11699  0.93715E-006
   11700  0.96861E-006
   11701  0.99989E-006
   11702  0.10310E-005
   11703  0.10620E-005
   11704  0.23464E-007
   11705  0.55380E-007
   11706  0.10371E-006
   11707  0.16311E-006
   11708  0.22874E-006
   11709  0.29715E-006
   11710  0.36632E-006
   11711  0.43525E-006
   11712  0.50357E-006
   11713  0.57114E-006
   11714  0.63793E-006
   11715  0.70397E-006
   11716  0.76927E-006
   11717  0.83384E-006
   11718  0.89771E-006
   11719  0.96089E-006
   11720  0.10234E-005
   11721  0.83385E-008
   11722  0.16666E-007
   11723  0.30311E-007
   11724  0.48630E-007
   11725  0.71112E-007
   11726  0.97030E-007
   11727  0.12570E-006
   11728  0.15651E-006
   11729  0.18883E-006
   11730  0.22225E-006
   11731  0.25629E-006
   11732  0.29076E-006
   11733  0.32536E-006
   11734  0.36002E-006
   11735  0.39459E-006
   11736  0.42905E-006
   11737  0.46334E-006
   11738  0.49746E-006
   11739  0.53139E-006
   11740  0.56512E-006
   11741  0.59866E-006
   11742  0.63201E-006
   11743  0.66517E-006
   11744  0.69814E-006
   11745  0.73092E-006
   11746  0.76352E-006
   11747  0.79593E-006
   11748  0.82817E-006
   11749  0.86023E-006
   11750  0.89212E-006
   11751  0.92383E-006
   11752  0.95537E-006
   11753  0.98674E-006
   11754  0.10180E-005
   11755  0.10490E-005
   11756  0.12585E-007
   11757  0.44577E-007
   11758  0.93020E-007
   11759  0.15256E-006
   11760  0.21835E-006
   11761  0.28692E-006
   11762  0.35624E-006
   11763  0.42533E-006
   11764  0.49380E-006
   11765  0.56151E-006
   11766  0.62845E-006
   11767  0.69463E-006
   11768  0.76006E-006
   11769  0.82477E-006
   11770  0.88876E-006
   11771  0.95206E-006
   11772  0.10147E-005
