	NODE	Uy
       1  0.77177E-005
      22  0.11572E-005
      23  0.11583E-005
      24  0.11617E-005
      25  0.11673E-005
      26  0.11750E-005
      27  0.11851E-005
      28  0.11973E-005
      29  0.12116E-005
      30  0.12282E-005
      31  0.12469E-005
      32  0.12677E-005
      33  0.12906E-005
      34  0.13156E-005
      35  0.13427E-005
      36  0.13718E-005
      37  0.14028E-005
      38  0.14359E-005
      39  0.14708E-005
      40  0.15076E-005
      41  0.15462E-005
      42  0.15867E-005
      43  0.16289E-005
      44  0.16728E-005
      45  0.17183E-005
      46  0.17655E-005
      47  0.18142E-005
      48  0.18645E-005
      49  0.19161E-005
      50  0.19693E-005
      51  0.20237E-005
      52  0.20795E-005
      53  0.21365E-005
      54  0.21947E-005
      55  0.22540E-005
      56  0.23145E-005
      57  0.23760E-005
      58  0.24384E-005
      59  0.25018E-005
      60  0.25661E-005
      61  0.26312E-005
      62  0.26971E-005
      63  0.27637E-005
      64  0.28309E-005
      65  0.28987E-005
      66  0.29670E-005
      67  0.30358E-005
      68  0.31051E-005
      69  0.31747E-005
      70  0.32446E-005
      71  0.33148E-005
      72  0.33852E-005
      73  0.34558E-005
      74  0.35265E-005
      75  0.35973E-005
      76  0.36681E-005
      77  0.37390E-005
      78  0.38098E-005
      79  0.38805E-005
      80  0.39512E-005
      81  0.40217E-005
      82  0.40920E-005
      83  0.41621E-005
      84  0.42319E-005
      85  0.43015E-005
      86  0.43709E-005
      87  0.44398E-005
      88  0.45085E-005
      89  0.45768E-005
      90  0.46447E-005
      91  0.47122E-005
      92  0.47793E-005
      93  0.48460E-005
      94  0.49122E-005
      95  0.49780E-005
      96  0.50433E-005
      97  0.51081E-005
      98  0.51724E-005
      99  0.52363E-005
     100  0.52997E-005
     101  0.53626E-005
     102  0.54249E-005
     103  0.54867E-005
     104  0.55479E-005
     105  0.56086E-005
     106  0.56687E-005
     107  0.57283E-005
     108  0.57873E-005
     109  0.58457E-005
     110  0.59035E-005
     111  0.59608E-005
     112  0.60175E-005
     113  0.60736E-005
     114  0.61292E-005
     115  0.61842E-005
     116  0.62386E-005
     117  0.62925E-005
     118  0.63458E-005
     119  0.63986E-005
     120  0.64508E-005
     121  0.65025E-005
     122  0.65536E-005
     123  0.66043E-005
     124  0.66544E-005
     125  0.67039E-005
     126  0.67530E-005
     127  0.68016E-005
     128  0.68497E-005
     129  0.68972E-005
     130  0.69443E-005
     131  0.69910E-005
     132  0.70371E-005
     133  0.70828E-005
     134  0.71281E-005
     135  0.71729E-005
     136  0.72172E-005
     137  0.72612E-005
     138  0.73047E-005
     139  0.73477E-005
     140  0.73904E-005
     141  0.74327E-005
     142  0.74745E-005
     143  0.75160E-005
     144  0.75571E-005
     145  0.75978E-005
     146  0.76381E-005
     147  0.76781E-005
    2165   0.0000     
    2185  0.76830E-005
    2186  0.14252E-008
    2187  0.56981E-008
    2188  0.12815E-007
    2189  0.22769E-007
    2190  0.35546E-007
    2191  0.51139E-007
    2192  0.69530E-007
    2193  0.90696E-007
    2194  0.11461E-006
    2195  0.14125E-006
    2196  0.17059E-006
    2197  0.20259E-006
    2198  0.23723E-006
    2199  0.27447E-006
    2200  0.31425E-006
    2201  0.35653E-006
    2202  0.40126E-006
    2203  0.44841E-006
    2204  0.49798E-006
    2205  0.54982E-006
    2206  0.60390E-006
    2207  0.66015E-006
    2208  0.71852E-006
    2209  0.77892E-006
    2210  0.84130E-006
    2211  0.90559E-006
    2212  0.97172E-006
    2213  0.10396E-005
    2214  0.11092E-005
    2215  0.11804E-005
    2216  0.12532E-005
    2217  0.13275E-005
    2218  0.14031E-005
    2219  0.14801E-005
    2220  0.15583E-005
    2221  0.16376E-005
    2222  0.17179E-005
    2223  0.17992E-005
    2224  0.18814E-005
    2225  0.19644E-005
    2226  0.20482E-005
    2227  0.21326E-005
    2228  0.22176E-005
    2229  0.23031E-005
    2230  0.23891E-005
    2231  0.24754E-005
    2232  0.25621E-005
    2233  0.26489E-005
    2234  0.27359E-005
    2235  0.28229E-005
    2236  0.29099E-005
    2237  0.29969E-005
    2238  0.30837E-005
    2239  0.31704E-005
    2240  0.32569E-005
    2241  0.33431E-005
    2242  0.34289E-005
    2243  0.35145E-005
    2244  0.35996E-005
    2245  0.36843E-005
    2246  0.37685E-005
    2247  0.38523E-005
    2248  0.39354E-005
    2249  0.40179E-005
    2250  0.40997E-005
    2251  0.41808E-005
    2252  0.42613E-005
    2253  0.43410E-005
    2254  0.44199E-005
    2255  0.44981E-005
    2256  0.45755E-005
    2257  0.46521E-005
    2258  0.47280E-005
    2259  0.48030E-005
    2260  0.48771E-005
    2261  0.49505E-005
    2262  0.50230E-005
    2263  0.50947E-005
    2264  0.51656E-005
    2265  0.52357E-005
    2266  0.53049E-005
    2267  0.53733E-005
    2268  0.54409E-005
    2269  0.55077E-005
    2270  0.55737E-005
    2271  0.56389E-005
    2272  0.57033E-005
    2273  0.57669E-005
    2274  0.58298E-005
    2275  0.58918E-005
    2276  0.59530E-005
    2277  0.60134E-005
    2278  0.60731E-005
    2279  0.61320E-005
    2280  0.61901E-005
    2281  0.62475E-005
    2282  0.63041E-005
    2283  0.63601E-005
    2284  0.64153E-005
    2285  0.64698E-005
    2286  0.65236E-005
    2287  0.65768E-005
    2288  0.66293E-005
    2289  0.66812E-005
    2290  0.67324E-005
    2291  0.67830E-005
    2292  0.68330E-005
    2293  0.68824E-005
    2294  0.69312E-005
    2295  0.69794E-005
    2296  0.70271E-005
    2297  0.70742E-005
    2298  0.71208E-005
    2299  0.71669E-005
    2300  0.72125E-005
    2301  0.72575E-005
    2302  0.73021E-005
    2303  0.73462E-005
    2304  0.73898E-005
    2305  0.74330E-005
    2306  0.74757E-005
    2307  0.75180E-005
    2308  0.75598E-005
    2309  0.76013E-005
    2310  0.76423E-005
    7768  0.11211E-005
    7769  0.10848E-005
    7770  0.10483E-005
    7771  0.10118E-005
    7772  0.97507E-006
    7773  0.93827E-006
    7774  0.90139E-006
    7775  0.86445E-006
    7776  0.82747E-006
    7777  0.79045E-006
    7778  0.75340E-006
    7779  0.71634E-006
    7780  0.67931E-006
    7781  0.64234E-006
    7782  0.60546E-006
    7783  0.56874E-006
    7784  0.53223E-006
    7785  0.49600E-006
    7786  0.46013E-006
    7787  0.42473E-006
    7788  0.38994E-006
    7789  0.35589E-006
    7790  0.32262E-006
    7791  0.29026E-006
    7792  0.25893E-006
    7793  0.22875E-006
    7794  0.19985E-006
    7795  0.17238E-006
    7796  0.14647E-006
    7797  0.12227E-006
    7798  0.99977E-007
    7799  0.79681E-007
    7800  0.61476E-007
    7801  0.45469E-007
    7802  0.31756E-007
    7803  0.20416E-007
    7804  0.11530E-007
    7805  0.51358E-008
    7806  0.12910E-008
    7807  0.76830E-005
    7808  0.76831E-005
    7809  0.76832E-005
    7810  0.76834E-005
    7811  0.76836E-005
    7812  0.76838E-005
    7813  0.76841E-005
    7814  0.76845E-005
    7815  0.76849E-005
    7816  0.76853E-005
    7817  0.76858E-005
    7818  0.76863E-005
    7819  0.76869E-005
    7820  0.76875E-005
    7821  0.76881E-005
    7822  0.76888E-005
    7823  0.76895E-005
    7824  0.76903E-005
    7825  0.76911E-005
    7826  0.76920E-005
    7827  0.76929E-005
    7828  0.76939E-005
    7829  0.76948E-005
    7830  0.76959E-005
    7831  0.76969E-005
    7832  0.76980E-005
    7833  0.76992E-005
    7834  0.77004E-005
    7835  0.77016E-005
    7836  0.77029E-005
    7837  0.77042E-005
    7838  0.77055E-005
    7839  0.77069E-005
    7840  0.77083E-005
    7841  0.77098E-005
    7842  0.77113E-005
    7843  0.77128E-005
    7844  0.77144E-005
    7845  0.77160E-005
    7846  0.76424E-005
    7847  0.76427E-005
    7848  0.76432E-005
    7849  0.76439E-005
    7850  0.76447E-005
    7851  0.76458E-005
    7852  0.76470E-005
    7853  0.76484E-005
    7854  0.76500E-005
    7855  0.76517E-005
    7856  0.76536E-005
    7857  0.76557E-005
    7858  0.76579E-005
    7859  0.76603E-005
    7860  0.76629E-005
    7861  0.76656E-005
    7862  0.76685E-005
    7863  0.76715E-005
    7864  0.76747E-005
    7865  0.76013E-005
    7866  0.76014E-005
    7867  0.76015E-005
    7868  0.76017E-005
    7869  0.76019E-005
    7870  0.76022E-005
    7871  0.76025E-005
    7872  0.76029E-005
    7873  0.76033E-005
    7874  0.76038E-005
    7875  0.76043E-005
    7876  0.76049E-005
    7877  0.76055E-005
    7878  0.76061E-005
    7879  0.76068E-005
    7880  0.76076E-005
    7881  0.76084E-005
    7882  0.76092E-005
    7883  0.76101E-005
    7884  0.76110E-005
    7885  0.76120E-005
    7886  0.76130E-005
    7887  0.76140E-005
    7888  0.76151E-005
    7889  0.76162E-005
    7890  0.76174E-005
    7891  0.76186E-005
    7892  0.76199E-005
    7893  0.76212E-005
    7894  0.76225E-005
    7895  0.76239E-005
    7896  0.76253E-005
    7897  0.76268E-005
    7898  0.76283E-005
    7899  0.76298E-005
    7900  0.76314E-005
    7901  0.76330E-005
    7902  0.76347E-005
    7903  0.76364E-005
    7904  0.75599E-005
    7905  0.75603E-005
    7906  0.75608E-005
    7907  0.75615E-005
    7908  0.75624E-005
    7909  0.75635E-005
    7910  0.75648E-005
    7911  0.75663E-005
    7912  0.75680E-005
    7913  0.75699E-005
    7914  0.75719E-005
    7915  0.75741E-005
    7916  0.75765E-005
    7917  0.75791E-005
    7918  0.75818E-005
    7919  0.75847E-005
    7920  0.75877E-005
    7921  0.75909E-005
    7922  0.75942E-005
    7923  0.75180E-005
    7924  0.75181E-005
    7925  0.75182E-005
    7926  0.75184E-005
    7927  0.75187E-005
    7928  0.75189E-005
    7929  0.75193E-005
    7930  0.75197E-005
    7931  0.75202E-005
    7932  0.75207E-005
    7933  0.75212E-005
    7934  0.75218E-005
    7935  0.75225E-005
    7936  0.75232E-005
    7937  0.75239E-005
    7938  0.75247E-005
    7939  0.75256E-005
    7940  0.75265E-005
    7941  0.75274E-005
    7942  0.75284E-005
    7943  0.75294E-005
    7944  0.75305E-005
    7945  0.75316E-005
    7946  0.75328E-005
    7947  0.75340E-005
    7948  0.75352E-005
    7949  0.75365E-005
    7950  0.75378E-005
    7951  0.75392E-005
    7952  0.75406E-005
    7953  0.75421E-005
    7954  0.75436E-005
    7955  0.75451E-005
    7956  0.75467E-005
    7957  0.75483E-005
    7958  0.75500E-005
    7959  0.75517E-005
    7960  0.75535E-005
    7961  0.75552E-005
    7962  0.74758E-005
    7963  0.74761E-005
    7964  0.74767E-005
    7965  0.74775E-005
    7966  0.74785E-005
    7967  0.74797E-005
    7968  0.74811E-005
    7969  0.74827E-005
    7970  0.74845E-005
    7971  0.74865E-005
    7972  0.74886E-005
    7973  0.74910E-005
    7974  0.74935E-005
    7975  0.74962E-005
    7976  0.74991E-005
    7977  0.75021E-005
    7978  0.75054E-005
    7979  0.75087E-005
    7980  0.75123E-005
    7981  0.74330E-005
    7982  0.74331E-005
    7983  0.74332E-005
    7984  0.74334E-005
    7985  0.74337E-005
    7986  0.74340E-005
    7987  0.74344E-005
    7988  0.74348E-005
    7989  0.74353E-005
    7990  0.74359E-005
    7991  0.74365E-005
    7992  0.74371E-005
    7993  0.74378E-005
    7994  0.74386E-005
    7995  0.74394E-005
    7996  0.74402E-005
    7997  0.74411E-005
    7998  0.74421E-005
    7999  0.74431E-005
    8000  0.74441E-005
    8001  0.74452E-005
    8002  0.74464E-005
    8003  0.74476E-005
    8004  0.74488E-005
    8005  0.74501E-005
    8006  0.74514E-005
    8007  0.74528E-005
    8008  0.74542E-005
    8009  0.74557E-005
    8010  0.74572E-005
    8011  0.74587E-005
    8012  0.74603E-005
    8013  0.74619E-005
    8014  0.74636E-005
    8015  0.74653E-005
    8016  0.74671E-005
    8017  0.74689E-005
    8018  0.74707E-005
    8019  0.74726E-005
    8020  0.73899E-005
    8021  0.73903E-005
    8022  0.73909E-005
    8023  0.73917E-005
    8024  0.73928E-005
    8025  0.73941E-005
    8026  0.73956E-005
    8027  0.73973E-005
    8028  0.73992E-005
    8029  0.74014E-005
    8030  0.74037E-005
    8031  0.74062E-005
    8032  0.74089E-005
    8033  0.74118E-005
    8034  0.74148E-005
    8035  0.74180E-005
    8036  0.74214E-005
    8037  0.74250E-005
    8038  0.74287E-005
    8039  0.73462E-005
    8040  0.73463E-005
    8041  0.73465E-005
    8042  0.73467E-005
    8043  0.73470E-005
    8044  0.73473E-005
    8045  0.73477E-005
    8046  0.73482E-005
    8047  0.73487E-005
    8048  0.73493E-005
    8049  0.73499E-005
    8050  0.73506E-005
    8051  0.73514E-005
    8052  0.73522E-005
    8053  0.73531E-005
    8054  0.73540E-005
    8055  0.73550E-005
    8056  0.73560E-005
    8057  0.73570E-005
    8058  0.73582E-005
    8059  0.73593E-005
    8060  0.73606E-005
    8061  0.73618E-005
    8062  0.73632E-005
    8063  0.73645E-005
    8064  0.73659E-005
    8065  0.73674E-005
    8066  0.73689E-005
    8067  0.73704E-005
    8068  0.73720E-005
    8069  0.73737E-005
    8070  0.73754E-005
    8071  0.73771E-005
    8072  0.73789E-005
    8073  0.73807E-005
    8074  0.73825E-005
    8075  0.73844E-005
    8076  0.73864E-005
    8077  0.73884E-005
    8078  0.73022E-005
    8079  0.73026E-005
    8080  0.73033E-005
    8081  0.73042E-005
    8082  0.73053E-005
    8083  0.73067E-005
    8084  0.73083E-005
    8085  0.73102E-005
    8086  0.73123E-005
    8087  0.73145E-005
    8088  0.73170E-005
    8089  0.73197E-005
    8090  0.73225E-005
    8091  0.73256E-005
    8092  0.73288E-005
    8093  0.73323E-005
    8094  0.73359E-005
    8095  0.73396E-005
    8096  0.73436E-005
    8097  0.72576E-005
    8098  0.72577E-005
    8099  0.72578E-005
    8100  0.72581E-005
    8101  0.72584E-005
    8102  0.72587E-005
    8103  0.72592E-005
    8104  0.72597E-005
    8105  0.72603E-005
    8106  0.72609E-005
    8107  0.72616E-005
    8108  0.72623E-005
    8109  0.72631E-005
    8110  0.72640E-005
    8111  0.72649E-005
    8112  0.72659E-005
    8113  0.72670E-005
    8114  0.72681E-005
    8115  0.72692E-005
    8116  0.72704E-005
    8117  0.72717E-005
    8118  0.72730E-005
    8119  0.72743E-005
    8120  0.72757E-005
    8121  0.72772E-005
    8122  0.72787E-005
    8123  0.72803E-005
    8124  0.72819E-005
    8125  0.72835E-005
    8126  0.72852E-005
    8127  0.72869E-005
    8128  0.72887E-005
    8129  0.72906E-005
    8130  0.72924E-005
    8131  0.72944E-005
    8132  0.72963E-005
    8133  0.72983E-005
    8134  0.73004E-005
    8135  0.73025E-005
    8136  0.72126E-005
    8137  0.72130E-005
    8138  0.72137E-005
    8139  0.72147E-005
    8140  0.72160E-005
    8141  0.72175E-005
    8142  0.72192E-005
    8143  0.72212E-005
    8144  0.72234E-005
    8145  0.72259E-005
    8146  0.72285E-005
    8147  0.72314E-005
    8148  0.72344E-005
    8149  0.72377E-005
    8150  0.72411E-005
    8151  0.72448E-005
    8152  0.72486E-005
    8153  0.72526E-005
    8154  0.72568E-005
    8155  0.71669E-005
    8156  0.71670E-005
    8157  0.71672E-005
    8158  0.71675E-005
    8159  0.71678E-005
    8160  0.71682E-005
    8161  0.71687E-005
    8162  0.71692E-005
    8163  0.71699E-005
    8164  0.71705E-005
    8165  0.71713E-005
    8166  0.71721E-005
    8167  0.71730E-005
    8168  0.71739E-005
    8169  0.71749E-005
    8170  0.71760E-005
    8171  0.71771E-005
    8172  0.71783E-005
    8173  0.71795E-005
    8174  0.71808E-005
    8175  0.71822E-005
    8176  0.71836E-005
    8177  0.71850E-005
    8178  0.71865E-005
    8179  0.71881E-005
    8180  0.71897E-005
    8181  0.71913E-005
    8182  0.71930E-005
    8183  0.71948E-005
    8184  0.71966E-005
    8185  0.71984E-005
    8186  0.72003E-005
    8187  0.72023E-005
    8188  0.72043E-005
    8189  0.72063E-005
    8190  0.72084E-005
    8191  0.72106E-005
    8192  0.72127E-005
    8193  0.72150E-005
    8194  0.71210E-005
    8195  0.71214E-005
    8196  0.71222E-005
    8197  0.71233E-005
    8198  0.71246E-005
    8199  0.71262E-005
    8200  0.71281E-005
    8201  0.71303E-005
    8202  0.71327E-005
    8203  0.71353E-005
    8204  0.71381E-005
    8205  0.71412E-005
    8206  0.71445E-005
    8207  0.71479E-005
    8208  0.71516E-005
    8209  0.71555E-005
    8210  0.71595E-005
    8211  0.71638E-005
    8212  0.71682E-005
    8213  0.70743E-005
    8214  0.70744E-005
    8215  0.70746E-005
    8216  0.70749E-005
    8217  0.70752E-005
    8218  0.70757E-005
    8219  0.70762E-005
    8220  0.70768E-005
    8221  0.70774E-005
    8222  0.70782E-005
    8223  0.70790E-005
    8224  0.70799E-005
    8225  0.70808E-005
    8226  0.70818E-005
    8227  0.70829E-005
    8228  0.70841E-005
    8229  0.70853E-005
    8230  0.70865E-005
    8231  0.70879E-005
    8232  0.70893E-005
    8233  0.70907E-005
    8234  0.70922E-005
    8235  0.70938E-005
    8236  0.70954E-005
    8237  0.70970E-005
    8238  0.70988E-005
    8239  0.71005E-005
    8240  0.71024E-005
    8241  0.71042E-005
    8242  0.71061E-005
    8243  0.71081E-005
    8244  0.71101E-005
    8245  0.71122E-005
    8246  0.71143E-005
    8247  0.71165E-005
    8248  0.71187E-005
    8249  0.71210E-005
    8250  0.71233E-005
    8251  0.71257E-005
    8252  0.70273E-005
    8253  0.70278E-005
    8254  0.70286E-005
    8255  0.70298E-005
    8256  0.70312E-005
    8257  0.70330E-005
    8258  0.70350E-005
    8259  0.70373E-005
    8260  0.70399E-005
    8261  0.70427E-005
    8262  0.70458E-005
    8263  0.70491E-005
    8264  0.70526E-005
    8265  0.70563E-005
    8266  0.70602E-005
    8267  0.70643E-005
    8268  0.70687E-005
    8269  0.70732E-005
    8270  0.70779E-005
    8271  0.69795E-005
    8272  0.69796E-005
    8273  0.69798E-005
    8274  0.69801E-005
    8275  0.69805E-005
    8276  0.69810E-005
    8277  0.69815E-005
    8278  0.69822E-005
    8279  0.69829E-005
    8280  0.69837E-005
    8281  0.69846E-005
    8282  0.69855E-005
    8283  0.69866E-005
    8284  0.69877E-005
    8285  0.69888E-005
    8286  0.69901E-005
    8287  0.69914E-005
    8288  0.69928E-005
    8289  0.69942E-005
    8290  0.69957E-005
    8291  0.69972E-005
    8292  0.69989E-005
    8293  0.70005E-005
    8294  0.70023E-005
    8295  0.70041E-005
    8296  0.70059E-005
    8297  0.70078E-005
    8298  0.70097E-005
    8299  0.70117E-005
    8300  0.70138E-005
    8301  0.70159E-005
    8302  0.70181E-005
    8303  0.70203E-005
    8304  0.70225E-005
    8305  0.70248E-005
    8306  0.70272E-005
    8307  0.70296E-005
    8308  0.70321E-005
    8309  0.70346E-005
    8310  0.69314E-005
    8311  0.69319E-005
    8312  0.69328E-005
    8313  0.69341E-005
    8314  0.69357E-005
    8315  0.69376E-005
    8316  0.69398E-005
    8317  0.69423E-005
    8318  0.69451E-005
    8319  0.69481E-005
    8320  0.69514E-005
    8321  0.69549E-005
    8322  0.69587E-005
    8323  0.69627E-005
    8324  0.69669E-005
    8325  0.69713E-005
    8326  0.69759E-005
    8327  0.69807E-005
    8328  0.69858E-005
    8329  0.68824E-005
    8330  0.68826E-005
    8331  0.68828E-005
    8332  0.68831E-005
    8333  0.68836E-005
    8334  0.68841E-005
    8335  0.68847E-005
    8336  0.68854E-005
    8337  0.68862E-005
    8338  0.68871E-005
    8339  0.68880E-005
    8340  0.68890E-005
    8341  0.68902E-005
    8342  0.68914E-005
    8343  0.68926E-005
    8344  0.68940E-005
    8345  0.68954E-005
    8346  0.68969E-005
    8347  0.68984E-005
    8348  0.69000E-005
    8349  0.69017E-005
    8350  0.69034E-005
    8351  0.69052E-005
    8352  0.69071E-005
    8353  0.69090E-005
    8354  0.69110E-005
    8355  0.69130E-005
    8356  0.69151E-005
    8357  0.69173E-005
    8358  0.69195E-005
    8359  0.69217E-005
    8360  0.69240E-005
    8361  0.69264E-005
    8362  0.69288E-005
    8363  0.69313E-005
    8364  0.69338E-005
    8365  0.69363E-005
    8366  0.69390E-005
    8367  0.69416E-005
    8368  0.68332E-005
    8369  0.68338E-005
    8370  0.68348E-005
    8371  0.68361E-005
    8372  0.68379E-005
    8373  0.68399E-005
    8374  0.68424E-005
    8375  0.68451E-005
    8376  0.68481E-005
    8377  0.68514E-005
    8378  0.68549E-005
    8379  0.68587E-005
    8380  0.68628E-005
    8381  0.68671E-005
    8382  0.68715E-005
    8383  0.68763E-005
    8384  0.68812E-005
    8385  0.68863E-005
    8386  0.68917E-005
    8387  0.67830E-005
    8388  0.67832E-005
    8389  0.67834E-005
    8390  0.67838E-005
    8391  0.67843E-005
    8392  0.67849E-005
    8393  0.67855E-005
    8394  0.67863E-005
    8395  0.67871E-005
    8396  0.67881E-005
    8397  0.67891E-005
    8398  0.67903E-005
    8399  0.67915E-005
    8400  0.67928E-005
    8401  0.67942E-005
    8402  0.67956E-005
    8403  0.67972E-005
    8404  0.67988E-005
    8405  0.68004E-005
    8406  0.68022E-005
    8407  0.68040E-005
    8408  0.68059E-005
    8409  0.68078E-005
    8410  0.68098E-005
    8411  0.68119E-005
    8412  0.68140E-005
    8413  0.68162E-005
    8414  0.68184E-005
    8415  0.68207E-005
    8416  0.68231E-005
    8417  0.68255E-005
    8418  0.68280E-005
    8419  0.68305E-005
    8420  0.68331E-005
    8421  0.68357E-005
    8422  0.68384E-005
    8423  0.68411E-005
    8424  0.68439E-005
    8425  0.68468E-005
    8426  0.67326E-005
    8427  0.67333E-005
    8428  0.67343E-005
    8429  0.67358E-005
    8430  0.67377E-005
    8431  0.67400E-005
    8432  0.67426E-005
    8433  0.67456E-005
    8434  0.67489E-005
    8435  0.67524E-005
    8436  0.67563E-005
    8437  0.67604E-005
    8438  0.67647E-005
    8439  0.67693E-005
    8440  0.67741E-005
    8441  0.67792E-005
    8442  0.67845E-005
    8443  0.67900E-005
    8444  0.67957E-005
    8445  0.66812E-005
    8446  0.66814E-005
    8447  0.66817E-005
    8448  0.66821E-005
    8449  0.66826E-005
    8450  0.66832E-005
    8451  0.66839E-005
    8452  0.66848E-005
    8453  0.66857E-005
    8454  0.66868E-005
    8455  0.66879E-005
    8456  0.66891E-005
    8457  0.66905E-005
    8458  0.66919E-005
    8459  0.66934E-005
    8460  0.66950E-005
    8461  0.66966E-005
    8462  0.66984E-005
    8463  0.67002E-005
    8464  0.67021E-005
    8465  0.67040E-005
    8466  0.67061E-005
    8467  0.67082E-005
    8468  0.67103E-005
    8469  0.67126E-005
    8470  0.67149E-005
    8471  0.67172E-005
    8472  0.67196E-005
    8473  0.67221E-005
    8474  0.67246E-005
    8475  0.67272E-005
    8476  0.67299E-005
    8477  0.67326E-005
    8478  0.67353E-005
    8479  0.67381E-005
    8480  0.67410E-005
    8481  0.67439E-005
    8482  0.67469E-005
    8483  0.67499E-005
    8484  0.66295E-005
    8485  0.66303E-005
    8486  0.66314E-005
    8487  0.66331E-005
    8488  0.66352E-005
    8489  0.66376E-005
    8490  0.66405E-005
    8491  0.66437E-005
    8492  0.66473E-005
    8493  0.66512E-005
    8494  0.66553E-005
    8495  0.66597E-005
    8496  0.66644E-005
    8497  0.66694E-005
    8498  0.66746E-005
    8499  0.66800E-005
    8500  0.66857E-005
    8501  0.66915E-005
    8502  0.66976E-005
    8503  0.65769E-005
    8504  0.65770E-005
    8505  0.65774E-005
    8506  0.65778E-005
    8507  0.65784E-005
    8508  0.65790E-005
    8509  0.65799E-005
    8510  0.65808E-005
    8511  0.65818E-005
    8512  0.65829E-005
    8513  0.65842E-005
    8514  0.65855E-005
    8515  0.65870E-005
    8516  0.65885E-005
    8517  0.65902E-005
    8518  0.65919E-005
    8519  0.65937E-005
    8520  0.65956E-005
    8521  0.65976E-005
    8522  0.65996E-005
    8523  0.66018E-005
    8524  0.66040E-005
    8525  0.66062E-005
    8526  0.66086E-005
    8527  0.66110E-005
    8528  0.66135E-005
    8529  0.66160E-005
    8530  0.66186E-005
    8531  0.66213E-005
    8532  0.66240E-005
    8533  0.66268E-005
    8534  0.66296E-005
    8535  0.66325E-005
    8536  0.66354E-005
    8537  0.66385E-005
    8538  0.66415E-005
    8539  0.66447E-005
    8540  0.66478E-005
    8541  0.66511E-005
    8542  0.65239E-005
    8543  0.65247E-005
    8544  0.65260E-005
    8545  0.65278E-005
    8546  0.65301E-005
    8547  0.65328E-005
    8548  0.65359E-005
    8549  0.65394E-005
    8550  0.65433E-005
    8551  0.65475E-005
    8552  0.65520E-005
    8553  0.65568E-005
    8554  0.65619E-005
    8555  0.65672E-005
    8556  0.65728E-005
    8557  0.65786E-005
    8558  0.65847E-005
    8559  0.65910E-005
    8560  0.65975E-005
    8561  0.64699E-005
    8562  0.64701E-005
    8563  0.64704E-005
    8564  0.64709E-005
    8565  0.64715E-005
    8566  0.64723E-005
    8567  0.64732E-005
    8568  0.64742E-005
    8569  0.64753E-005
    8570  0.64765E-005
    8571  0.64779E-005
    8572  0.64794E-005
    8573  0.64810E-005
    8574  0.64827E-005
    8575  0.64845E-005
    8576  0.64863E-005
    8577  0.64883E-005
    8578  0.64904E-005
    8579  0.64925E-005
    8580  0.64948E-005
    8581  0.64971E-005
    8582  0.64995E-005
    8583  0.65019E-005
    8584  0.65045E-005
    8585  0.65071E-005
    8586  0.65097E-005
    8587  0.65125E-005
    8588  0.65153E-005
    8589  0.65181E-005
    8590  0.65211E-005
    8591  0.65241E-005
    8592  0.65271E-005
    8593  0.65302E-005
    8594  0.65334E-005
    8595  0.65366E-005
    8596  0.65399E-005
    8597  0.65433E-005
    8598  0.65467E-005
    8599  0.65501E-005
    8600  0.64156E-005
    8601  0.64164E-005
    8602  0.64179E-005
    8603  0.64199E-005
    8604  0.64224E-005
    8605  0.64253E-005
    8606  0.64288E-005
    8607  0.64326E-005
    8608  0.64368E-005
    8609  0.64414E-005
    8610  0.64463E-005
    8611  0.64515E-005
    8612  0.64570E-005
    8613  0.64627E-005
    8614  0.64688E-005
    8615  0.64750E-005
    8616  0.64815E-005
    8617  0.64883E-005
    8618  0.64953E-005
    8619  0.63601E-005
    8620  0.63604E-005
    8621  0.63607E-005
    8622  0.63613E-005
    8623  0.63620E-005
    8624  0.63628E-005
    8625  0.63638E-005
    8626  0.63649E-005
    8627  0.63661E-005
    8628  0.63675E-005
    8629  0.63690E-005
    8630  0.63706E-005
    8631  0.63723E-005
    8632  0.63742E-005
    8633  0.63761E-005
    8634  0.63782E-005
    8635  0.63804E-005
    8636  0.63826E-005
    8637  0.63850E-005
    8638  0.63874E-005
    8639  0.63899E-005
    8640  0.63925E-005
    8641  0.63952E-005
    8642  0.63979E-005
    8643  0.64007E-005
    8644  0.64036E-005
    8645  0.64066E-005
    8646  0.64096E-005
    8647  0.64127E-005
    8648  0.64159E-005
    8649  0.64191E-005
    8650  0.64224E-005
    8651  0.64257E-005
    8652  0.64291E-005
    8653  0.64326E-005
    8654  0.64361E-005
    8655  0.64397E-005
    8656  0.64433E-005
    8657  0.64470E-005
    8658  0.63044E-005
    8659  0.63054E-005
    8660  0.63070E-005
    8661  0.63092E-005
    8662  0.63119E-005
    8663  0.63152E-005
    8664  0.63189E-005
    8665  0.63231E-005
    8666  0.63278E-005
    8667  0.63327E-005
    8668  0.63381E-005
    8669  0.63437E-005
    8670  0.63497E-005
    8671  0.63559E-005
    8672  0.63624E-005
    8673  0.63691E-005
    8674  0.63761E-005
    8675  0.63834E-005
    8676  0.63909E-005
    8677  0.62476E-005
    8678  0.62478E-005
    8679  0.62482E-005
    8680  0.62488E-005
    8681  0.62496E-005
    8682  0.62505E-005
    8683  0.62516E-005
    8684  0.62528E-005
    8685  0.62541E-005
    8686  0.62557E-005
    8687  0.62573E-005
    8688  0.62591E-005
    8689  0.62610E-005
    8690  0.62630E-005
    8691  0.62652E-005
    8692  0.62674E-005
    8693  0.62698E-005
    8694  0.62722E-005
    8695  0.62748E-005
    8696  0.62774E-005
    8697  0.62802E-005
    8698  0.62830E-005
    8699  0.62859E-005
    8700  0.62889E-005
    8701  0.62919E-005
    8702  0.62951E-005
    8703  0.62983E-005
    8704  0.63015E-005
    8705  0.63049E-005
    8706  0.63083E-005
    8707  0.63118E-005
    8708  0.63153E-005
    8709  0.63189E-005
    8710  0.63226E-005
    8711  0.63263E-005
    8712  0.63301E-005
    8713  0.63339E-005
    8714  0.63378E-005
    8715  0.63418E-005
    8716  0.61905E-005
    8717  0.61915E-005
    8718  0.61933E-005
    8719  0.61957E-005
    8720  0.61987E-005
    8721  0.62023E-005
    8722  0.62064E-005
    8723  0.62110E-005
    8724  0.62160E-005
    8725  0.62215E-005
    8726  0.62273E-005
    8727  0.62334E-005
    8728  0.62398E-005
    8729  0.62466E-005
    8730  0.62536E-005
    8731  0.62609E-005
    8732  0.62684E-005
    8733  0.62762E-005
    8734  0.62842E-005
    8735  0.61321E-005
    8736  0.61323E-005
    8737  0.61328E-005
    8738  0.61335E-005
    8739  0.61343E-005
    8740  0.61353E-005
    8741  0.61365E-005
    8742  0.61378E-005
    8743  0.61393E-005
    8744  0.61410E-005
    8745  0.61428E-005
    8746  0.61447E-005
    8747  0.61468E-005
    8748  0.61491E-005
    8749  0.61514E-005
    8750  0.61539E-005
    8751  0.61565E-005
    8752  0.61591E-005
    8753  0.61619E-005
    8754  0.61648E-005
    8755  0.61678E-005
    8756  0.61709E-005
    8757  0.61740E-005
    8758  0.61773E-005
    8759  0.61806E-005
    8760  0.61840E-005
    8761  0.61874E-005
    8762  0.61910E-005
    8763  0.61946E-005
    8764  0.61983E-005
    8765  0.62020E-005
    8766  0.62058E-005
    8767  0.62097E-005
    8768  0.62137E-005
    8769  0.62177E-005
    8770  0.62217E-005
    8771  0.62259E-005
    8772  0.62301E-005
    8773  0.62343E-005
    8774  0.60735E-005
    8775  0.60746E-005
    8776  0.60766E-005
    8777  0.60792E-005
    8778  0.60825E-005
    8779  0.60865E-005
    8780  0.60910E-005
    8781  0.60961E-005
    8782  0.61016E-005
    8783  0.61075E-005
    8784  0.61138E-005
    8785  0.61205E-005
    8786  0.61275E-005
    8787  0.61348E-005
    8788  0.61424E-005
    8789  0.61502E-005
    8790  0.61583E-005
    8791  0.61667E-005
    8792  0.61753E-005
    8793  0.60135E-005
    8794  0.60138E-005
    8795  0.60144E-005
    8796  0.60151E-005
    8797  0.60160E-005
    8798  0.60171E-005
    8799  0.60184E-005
    8800  0.60199E-005
    8801  0.60215E-005
    8802  0.60234E-005
    8803  0.60254E-005
    8804  0.60275E-005
    8805  0.60298E-005
    8806  0.60322E-005
    8807  0.60348E-005
    8808  0.60375E-005
    8809  0.60403E-005
    8810  0.60433E-005
    8811  0.60463E-005
    8812  0.60495E-005
    8813  0.60527E-005
    8814  0.60561E-005
    8815  0.60595E-005
    8816  0.60630E-005
    8817  0.60666E-005
    8818  0.60703E-005
    8819  0.60741E-005
    8820  0.60779E-005
    8821  0.60818E-005
    8822  0.60858E-005
    8823  0.60898E-005
    8824  0.60940E-005
    8825  0.60981E-005
    8826  0.61024E-005
    8827  0.61067E-005
    8828  0.61111E-005
    8829  0.61155E-005
    8830  0.61200E-005
    8831  0.61246E-005
    8832  0.59534E-005
    8833  0.59547E-005
    8834  0.59568E-005
    8835  0.59598E-005
    8836  0.59634E-005
    8837  0.59678E-005
    8838  0.59727E-005
    8839  0.59783E-005
    8840  0.59843E-005
    8841  0.59908E-005
    8842  0.59977E-005
    8843  0.60049E-005
    8844  0.60125E-005
    8845  0.60204E-005
    8846  0.60286E-005
    8847  0.60371E-005
    8848  0.60459E-005
    8849  0.60549E-005
    8850  0.60641E-005
    8851  0.58919E-005
    8852  0.58922E-005
    8853  0.58928E-005
    8854  0.58936E-005
    8855  0.58946E-005
    8856  0.58958E-005
    8857  0.58973E-005
    8858  0.58989E-005
    8859  0.59007E-005
    8860  0.59027E-005
    8861  0.59049E-005
    8862  0.59073E-005
    8863  0.59098E-005
    8864  0.59125E-005
    8865  0.59153E-005
    8866  0.59183E-005
    8867  0.59214E-005
    8868  0.59246E-005
    8869  0.59279E-005
    8870  0.59314E-005
    8871  0.59349E-005
    8872  0.59385E-005
    8873  0.59423E-005
    8874  0.59461E-005
    8875  0.59500E-005
    8876  0.59540E-005
    8877  0.59581E-005
    8878  0.59623E-005
    8879  0.59665E-005
    8880  0.59708E-005
    8881  0.59752E-005
    8882  0.59796E-005
    8883  0.59841E-005
    8884  0.59887E-005
    8885  0.59933E-005
    8886  0.59981E-005
    8887  0.60028E-005
    8888  0.60077E-005
    8889  0.60125E-005
    8890  0.58302E-005
    8891  0.58317E-005
    8892  0.58340E-005
    8893  0.58372E-005
    8894  0.58413E-005
    8895  0.58460E-005
    8896  0.58515E-005
    8897  0.58576E-005
    8898  0.58642E-005
    8899  0.58712E-005
    8900  0.58787E-005
    8901  0.58866E-005
    8902  0.58949E-005
    8903  0.59035E-005
    8904  0.59123E-005
    8905  0.59215E-005
    8906  0.59309E-005
    8907  0.59406E-005
    8908  0.59506E-005
    8909  0.57671E-005
    8910  0.57675E-005
    8911  0.57681E-005
    8912  0.57689E-005
    8913  0.57701E-005
    8914  0.57714E-005
    8915  0.57730E-005
    8916  0.57748E-005
    8917  0.57768E-005
    8918  0.57790E-005
    8919  0.57814E-005
    8920  0.57840E-005
    8921  0.57868E-005
    8922  0.57897E-005
    8923  0.57928E-005
    8924  0.57961E-005
    8925  0.57995E-005
    8926  0.58030E-005
    8927  0.58066E-005
    8928  0.58104E-005
    8929  0.58143E-005
    8930  0.58182E-005
    8931  0.58223E-005
    8932  0.58265E-005
    8933  0.58307E-005
    8934  0.58351E-005
    8935  0.58395E-005
    8936  0.58440E-005
    8937  0.58486E-005
    8938  0.58532E-005
    8939  0.58580E-005
    8940  0.58628E-005
    8941  0.58676E-005
    8942  0.58726E-005
    8943  0.58776E-005
    8944  0.58826E-005
    8945  0.58878E-005
    8946  0.58930E-005
    8947  0.58982E-005
    8948  0.57039E-005
    8949  0.57054E-005
    8950  0.57080E-005
    8951  0.57116E-005
    8952  0.57160E-005
    8953  0.57212E-005
    8954  0.57272E-005
    8955  0.57339E-005
    8956  0.57411E-005
    8957  0.57488E-005
    8958  0.57570E-005
    8959  0.57656E-005
    8960  0.57746E-005
    8961  0.57839E-005
    8962  0.57935E-005
    8963  0.58034E-005
    8964  0.58136E-005
    8965  0.58240E-005
    8966  0.58347E-005
    8967  0.56390E-005
    8968  0.56394E-005
    8969  0.56401E-005
    8970  0.56411E-005
    8971  0.56423E-005
    8972  0.56438E-005
    8973  0.56455E-005
    8974  0.56475E-005
    8975  0.56497E-005
    8976  0.56522E-005
    8977  0.56548E-005
    8978  0.56577E-005
    8979  0.56607E-005
    8980  0.56640E-005
    8981  0.56674E-005
    8982  0.56709E-005
    8983  0.56746E-005
    8984  0.56785E-005
    8985  0.56825E-005
    8986  0.56866E-005
    8987  0.56908E-005
    8988  0.56951E-005
    8989  0.56996E-005
    8990  0.57041E-005
    8991  0.57087E-005
    8992  0.57134E-005
    8993  0.57182E-005
    8994  0.57231E-005
    8995  0.57281E-005
    8996  0.57331E-005
    8997  0.57382E-005
    8998  0.57434E-005
    8999  0.57487E-005
    9000  0.57540E-005
    9001  0.57594E-005
    9002  0.57648E-005
    9003  0.57703E-005
    9004  0.57759E-005
    9005  0.57816E-005
    9006  0.55743E-005
    9007  0.55760E-005
    9008  0.55788E-005
    9009  0.55827E-005
    9010  0.55876E-005
    9011  0.55934E-005
    9012  0.55999E-005
    9013  0.56072E-005
    9014  0.56151E-005
    9015  0.56236E-005
    9016  0.56325E-005
    9017  0.56419E-005
    9018  0.56516E-005
    9019  0.56617E-005
    9020  0.56721E-005
    9021  0.56828E-005
    9022  0.56938E-005
    9023  0.57050E-005
    9024  0.57165E-005
    9025  0.55079E-005
    9026  0.55083E-005
    9027  0.55091E-005
    9028  0.55101E-005
    9029  0.55115E-005
    9030  0.55131E-005
    9031  0.55150E-005
    9032  0.55172E-005
    9033  0.55196E-005
    9034  0.55223E-005
    9035  0.55252E-005
    9036  0.55283E-005
    9037  0.55316E-005
    9038  0.55351E-005
    9039  0.55389E-005
    9040  0.55428E-005
    9041  0.55468E-005
    9042  0.55510E-005
    9043  0.55554E-005
    9044  0.55599E-005
    9045  0.55645E-005
    9046  0.55692E-005
    9047  0.55740E-005
    9048  0.55789E-005
    9049  0.55840E-005
    9050  0.55891E-005
    9051  0.55943E-005
    9052  0.55996E-005
    9053  0.56050E-005
    9054  0.56104E-005
    9055  0.56159E-005
    9056  0.56215E-005
    9057  0.56272E-005
    9058  0.56329E-005
    9059  0.56387E-005
    9060  0.56446E-005
    9061  0.56506E-005
    9062  0.56566E-005
    9063  0.56626E-005
    9064  0.54415E-005
    9065  0.54434E-005
    9066  0.54466E-005
    9067  0.54508E-005
    9068  0.54562E-005
    9069  0.54625E-005
    9070  0.54696E-005
    9071  0.54776E-005
    9072  0.54862E-005
    9073  0.54954E-005
    9074  0.55051E-005
    9075  0.55153E-005
    9076  0.55259E-005
    9077  0.55368E-005
    9078  0.55481E-005
    9079  0.55597E-005
    9080  0.55715E-005
    9081  0.55836E-005
    9082  0.55960E-005
    9083  0.53735E-005
    9084  0.53740E-005
    9085  0.53748E-005
    9086  0.53760E-005
    9087  0.53774E-005
    9088  0.53792E-005
    9089  0.53813E-005
    9090  0.53837E-005
    9091  0.53864E-005
    9092  0.53893E-005
    9093  0.53925E-005
    9094  0.53959E-005
    9095  0.53995E-005
    9096  0.54034E-005
    9097  0.54074E-005
    9098  0.54117E-005
    9099  0.54161E-005
    9100  0.54207E-005
    9101  0.54254E-005
    9102  0.54303E-005
    9103  0.54353E-005
    9104  0.54404E-005
    9105  0.54457E-005
    9106  0.54510E-005
    9107  0.54565E-005
    9108  0.54620E-005
    9109  0.54677E-005
    9110  0.54734E-005
    9111  0.54792E-005
    9112  0.54851E-005
    9113  0.54911E-005
    9114  0.54971E-005
    9115  0.55033E-005
    9116  0.55094E-005
    9117  0.55157E-005
    9118  0.55220E-005
    9119  0.55284E-005
    9120  0.55349E-005
    9121  0.55414E-005
    9122  0.53056E-005
    9123  0.53077E-005
    9124  0.53111E-005
    9125  0.53158E-005
    9126  0.53216E-005
    9127  0.53285E-005
    9128  0.53364E-005
    9129  0.53451E-005
    9130  0.53545E-005
    9131  0.53645E-005
    9132  0.53750E-005
    9133  0.53861E-005
    9134  0.53975E-005
    9135  0.54094E-005
    9136  0.54215E-005
    9137  0.54340E-005
    9138  0.54468E-005
    9139  0.54598E-005
    9140  0.54731E-005
    9141  0.52359E-005
    9142  0.52364E-005
    9143  0.52373E-005
    9144  0.52386E-005
    9145  0.52402E-005
    9146  0.52422E-005
    9147  0.52445E-005
    9148  0.52471E-005
    9149  0.52500E-005
    9150  0.52532E-005
    9151  0.52567E-005
    9152  0.52604E-005
    9153  0.52644E-005
    9154  0.52687E-005
    9155  0.52731E-005
    9156  0.52777E-005
    9157  0.52825E-005
    9158  0.52875E-005
    9159  0.52927E-005
    9160  0.52980E-005
    9161  0.53034E-005
    9162  0.53090E-005
    9163  0.53147E-005
    9164  0.53205E-005
    9165  0.53264E-005
    9166  0.53324E-005
    9167  0.53385E-005
    9168  0.53447E-005
    9169  0.53510E-005
    9170  0.53573E-005
    9171  0.53638E-005
    9172  0.53703E-005
    9173  0.53769E-005
    9174  0.53835E-005
    9175  0.53903E-005
    9176  0.53971E-005
    9177  0.54039E-005
    9178  0.54109E-005
    9179  0.54179E-005
    9180  0.51664E-005
    9181  0.51687E-005
    9182  0.51724E-005
    9183  0.51776E-005
    9184  0.51840E-005
    9185  0.51916E-005
    9186  0.52002E-005
    9187  0.52096E-005
    9188  0.52199E-005
    9189  0.52308E-005
    9190  0.52422E-005
    9191  0.52542E-005
    9192  0.52666E-005
    9193  0.52794E-005
    9194  0.52925E-005
    9195  0.53060E-005
    9196  0.53197E-005
    9197  0.53337E-005
    9198  0.53480E-005
    9199  0.50949E-005
    9200  0.50956E-005
    9201  0.50966E-005
    9202  0.50980E-005
    9203  0.50997E-005
    9204  0.51019E-005
    9205  0.51044E-005
    9206  0.51073E-005
    9207  0.51105E-005
    9208  0.51140E-005
    9209  0.51178E-005
    9210  0.51219E-005
    9211  0.51263E-005
    9212  0.51309E-005
    9213  0.51357E-005
    9214  0.51408E-005
    9215  0.51461E-005
    9216  0.51515E-005
    9217  0.51571E-005
    9218  0.51629E-005
    9219  0.51688E-005
    9220  0.51748E-005
    9221  0.51810E-005
    9222  0.51873E-005
    9223  0.51937E-005
    9224  0.52002E-005
    9225  0.52068E-005
    9226  0.52135E-005
    9227  0.52203E-005
    9228  0.52271E-005
    9229  0.52340E-005
    9230  0.52411E-005
    9231  0.52481E-005
    9232  0.52553E-005
    9233  0.52625E-005
    9234  0.52698E-005
    9235  0.52772E-005
    9236  0.52846E-005
    9237  0.52921E-005
    9238  0.50239E-005
    9239  0.50264E-005
    9240  0.50305E-005
    9241  0.50362E-005
    9242  0.50432E-005
    9243  0.50515E-005
    9244  0.50609E-005
    9245  0.50712E-005
    9246  0.50824E-005
    9247  0.50943E-005
    9248  0.51067E-005
    9249  0.51197E-005
    9250  0.51332E-005
    9251  0.51470E-005
    9252  0.51611E-005
    9253  0.51756E-005
    9254  0.51904E-005
    9255  0.52054E-005
    9256  0.52207E-005
    9257  0.49507E-005
    9258  0.49514E-005
    9259  0.49525E-005
    9260  0.49540E-005
    9261  0.49560E-005
    9262  0.49583E-005
    9263  0.49611E-005
    9264  0.49643E-005
    9265  0.49678E-005
    9266  0.49716E-005
    9267  0.49758E-005
    9268  0.49803E-005
    9269  0.49851E-005
    9270  0.49901E-005
    9271  0.49954E-005
    9272  0.50009E-005
    9273  0.50067E-005
    9274  0.50126E-005
    9275  0.50187E-005
    9276  0.50250E-005
    9277  0.50314E-005
    9278  0.50380E-005
    9279  0.50447E-005
    9280  0.50515E-005
    9281  0.50584E-005
    9282  0.50655E-005
    9283  0.50726E-005
    9284  0.50798E-005
    9285  0.50872E-005
    9286  0.50946E-005
    9287  0.51020E-005
    9288  0.51096E-005
    9289  0.51172E-005
    9290  0.51249E-005
    9291  0.51327E-005
    9292  0.51405E-005
    9293  0.51484E-005
    9294  0.51563E-005
    9295  0.51644E-005
    9296  0.48781E-005
    9297  0.48808E-005
    9298  0.48854E-005
    9299  0.48915E-005
    9300  0.48992E-005
    9301  0.49083E-005
    9302  0.49186E-005
    9303  0.49299E-005
    9304  0.49421E-005
    9305  0.49550E-005
    9306  0.49685E-005
    9307  0.49826E-005
    9308  0.49972E-005
    9309  0.50121E-005
    9310  0.50274E-005
    9311  0.50430E-005
    9312  0.50589E-005
    9313  0.50750E-005
    9314  0.50914E-005
    9315  0.48032E-005
    9316  0.48039E-005
    9317  0.48051E-005
    9318  0.48068E-005
    9319  0.48090E-005
    9320  0.48116E-005
    9321  0.48146E-005
    9322  0.48180E-005
    9323  0.48219E-005
    9324  0.48261E-005
    9325  0.48307E-005
    9326  0.48356E-005
    9327  0.48408E-005
    9328  0.48463E-005
    9329  0.48521E-005
    9330  0.48581E-005
    9331  0.48644E-005
    9332  0.48708E-005
    9333  0.48775E-005
    9334  0.48843E-005
    9335  0.48913E-005
    9336  0.48984E-005
    9337  0.49057E-005
    9338  0.49131E-005
    9339  0.49206E-005
    9340  0.49282E-005
    9341  0.49359E-005
    9342  0.49438E-005
    9343  0.49517E-005
    9344  0.49596E-005
    9345  0.49677E-005
    9346  0.49758E-005
    9347  0.49840E-005
    9348  0.49923E-005
    9349  0.50006E-005
    9350  0.50090E-005
    9351  0.50175E-005
    9352  0.50260E-005
    9353  0.50346E-005
    9354  0.47290E-005
    9355  0.47320E-005
    9356  0.47370E-005
    9357  0.47437E-005
    9358  0.47522E-005
    9359  0.47621E-005
    9360  0.47733E-005
    9361  0.47856E-005
    9362  0.47989E-005
    9363  0.48129E-005
    9364  0.48277E-005
    9365  0.48429E-005
    9366  0.48587E-005
    9367  0.48748E-005
    9368  0.48913E-005
    9369  0.49081E-005
    9370  0.49252E-005
    9371  0.49425E-005
    9372  0.49601E-005
    9373  0.46524E-005
    9374  0.46532E-005
    9375  0.46545E-005
    9376  0.46564E-005
    9377  0.46587E-005
    9378  0.46616E-005
    9379  0.46649E-005
    9380  0.46686E-005
    9381  0.46728E-005
    9382  0.46775E-005
    9383  0.46825E-005
    9384  0.46878E-005
    9385  0.46935E-005
    9386  0.46995E-005
    9387  0.47058E-005
    9388  0.47124E-005
    9389  0.47192E-005
    9390  0.47262E-005
    9391  0.47335E-005
    9392  0.47409E-005
    9393  0.47485E-005
    9394  0.47562E-005
    9395  0.47641E-005
    9396  0.47721E-005
    9397  0.47803E-005
    9398  0.47885E-005
    9399  0.47968E-005
    9400  0.48053E-005
    9401  0.48138E-005
    9402  0.48224E-005
    9403  0.48311E-005
    9404  0.48398E-005
    9405  0.48487E-005
    9406  0.48576E-005
    9407  0.48665E-005
    9408  0.48755E-005
    9409  0.48846E-005
    9410  0.48938E-005
    9411  0.49030E-005
    9412  0.45766E-005
    9413  0.45800E-005
    9414  0.45854E-005
    9415  0.45928E-005
    9416  0.46020E-005
    9417  0.46128E-005
    9418  0.46250E-005
    9419  0.46385E-005
    9420  0.46529E-005
    9421  0.46682E-005
    9422  0.46842E-005
    9423  0.47007E-005
    9424  0.47177E-005
    9425  0.47352E-005
    9426  0.47530E-005
    9427  0.47710E-005
    9428  0.47894E-005
    9429  0.48080E-005
    9430  0.48269E-005
    9431  0.44984E-005
    9432  0.44993E-005
    9433  0.45007E-005
    9434  0.45027E-005
    9435  0.45053E-005
    9436  0.45084E-005
    9437  0.45120E-005
    9438  0.45162E-005
    9439  0.45207E-005
    9440  0.45258E-005
    9441  0.45312E-005
    9442  0.45371E-005
    9443  0.45433E-005
    9444  0.45498E-005
    9445  0.45567E-005
    9446  0.45638E-005
    9447  0.45713E-005
    9448  0.45789E-005
    9449  0.45868E-005
    9450  0.45948E-005
    9451  0.46031E-005
    9452  0.46115E-005
    9453  0.46200E-005
    9454  0.46287E-005
    9455  0.46375E-005
    9456  0.46464E-005
    9457  0.46554E-005
    9458  0.46645E-005
    9459  0.46737E-005
    9460  0.46829E-005
    9461  0.46923E-005
    9462  0.47017E-005
    9463  0.47112E-005
    9464  0.47208E-005
    9465  0.47304E-005
    9466  0.47400E-005
    9467  0.47498E-005
    9468  0.47596E-005
    9469  0.47694E-005
    9470  0.44211E-005
    9471  0.44248E-005
    9472  0.44307E-005
    9473  0.44388E-005
    9474  0.44488E-005
    9475  0.44606E-005
    9476  0.44739E-005
    9477  0.44885E-005
    9478  0.45042E-005
    9479  0.45208E-005
    9480  0.45381E-005
    9481  0.45560E-005
    9482  0.45744E-005
    9483  0.45933E-005
    9484  0.46124E-005
    9485  0.46319E-005
    9486  0.46516E-005
    9487  0.46716E-005
    9488  0.46918E-005
    9489  0.43413E-005
    9490  0.43422E-005
    9491  0.43438E-005
    9492  0.43460E-005
    9493  0.43488E-005
    9494  0.43522E-005
    9495  0.43562E-005
    9496  0.43607E-005
    9497  0.43657E-005
    9498  0.43711E-005
    9499  0.43771E-005
    9500  0.43835E-005
    9501  0.43902E-005
    9502  0.43973E-005
    9503  0.44048E-005
    9504  0.44126E-005
    9505  0.44206E-005
    9506  0.44289E-005
    9507  0.44374E-005
    9508  0.44462E-005
    9509  0.44551E-005
    9510  0.44642E-005
    9511  0.44734E-005
    9512  0.44828E-005
    9513  0.44923E-005
    9514  0.45019E-005
    9515  0.45117E-005
    9516  0.45215E-005
    9517  0.45314E-005
    9518  0.45414E-005
    9519  0.45514E-005
    9520  0.45615E-005
    9521  0.45717E-005
    9522  0.45820E-005
    9523  0.45923E-005
    9524  0.46027E-005
    9525  0.46131E-005
    9526  0.46236E-005
    9527  0.46341E-005
    9528  0.42626E-005
    9529  0.42665E-005
    9530  0.42730E-005
    9531  0.42818E-005
    9532  0.42928E-005
    9533  0.43056E-005
    9534  0.43201E-005
    9535  0.43359E-005
    9536  0.43530E-005
    9537  0.43709E-005
    9538  0.43897E-005
    9539  0.44090E-005
    9540  0.44289E-005
    9541  0.44492E-005
    9542  0.44698E-005
    9543  0.44907E-005
    9544  0.45119E-005
    9545  0.45333E-005
    9546  0.45550E-005
    9547  0.41812E-005
    9548  0.41822E-005
    9549  0.41839E-005
    9550  0.41863E-005
    9551  0.41894E-005
    9552  0.41931E-005
    9553  0.41974E-005
    9554  0.42023E-005
    9555  0.42077E-005
    9556  0.42137E-005
    9557  0.42202E-005
    9558  0.42271E-005
    9559  0.42344E-005
    9560  0.42422E-005
    9561  0.42503E-005
    9562  0.42587E-005
    9563  0.42674E-005
    9564  0.42764E-005
    9565  0.42857E-005
    9566  0.42951E-005
    9567  0.43048E-005
    9568  0.43146E-005
    9569  0.43246E-005
    9570  0.43347E-005
    9571  0.43450E-005
    9572  0.43554E-005
    9573  0.43658E-005
    9574  0.43764E-005
    9575  0.43871E-005
    9576  0.43978E-005
    9577  0.44086E-005
    9578  0.44195E-005
    9579  0.44304E-005
    9580  0.44414E-005
    9581  0.44525E-005
    9582  0.44636E-005
    9583  0.44747E-005
    9584  0.44859E-005
    9585  0.44972E-005
    9586  0.41011E-005
    9587  0.41054E-005
    9588  0.41125E-005
    9589  0.41220E-005
    9590  0.41339E-005
    9591  0.41479E-005
    9592  0.41636E-005
    9593  0.41808E-005
    9594  0.41993E-005
    9595  0.42187E-005
    9596  0.42390E-005
    9597  0.42599E-005
    9598  0.42813E-005
    9599  0.43031E-005
    9600  0.43253E-005
    9601  0.43478E-005
    9602  0.43705E-005
    9603  0.43934E-005
    9604  0.44165E-005
    9605  0.40182E-005
    9606  0.40194E-005
    9607  0.40212E-005
    9608  0.40239E-005
    9609  0.40272E-005
    9610  0.40312E-005
    9611  0.40359E-005
    9612  0.40412E-005
    9613  0.40471E-005
    9614  0.40536E-005
    9615  0.40606E-005
    9616  0.40681E-005
    9617  0.40761E-005
    9618  0.40845E-005
    9619  0.40932E-005
    9620  0.41024E-005
    9621  0.41118E-005
    9622  0.41216E-005
    9623  0.41316E-005
    9624  0.41418E-005
    9625  0.41522E-005
    9626  0.41628E-005
    9627  0.41736E-005
    9628  0.41845E-005
    9629  0.41956E-005
    9630  0.42068E-005
    9631  0.42180E-005
    9632  0.42294E-005
    9633  0.42408E-005
    9634  0.42524E-005
    9635  0.42640E-005
    9636  0.42756E-005
    9637  0.42874E-005
    9638  0.42991E-005
    9639  0.43110E-005
    9640  0.43228E-005
    9641  0.43348E-005
    9642  0.43468E-005
    9643  0.43588E-005
    9644  0.39369E-005
    9645  0.39416E-005
    9646  0.39492E-005
    9647  0.39597E-005
    9648  0.39726E-005
    9649  0.39877E-005
    9650  0.40047E-005
    9651  0.40234E-005
    9652  0.40433E-005
    9653  0.40643E-005
    9654  0.40862E-005
    9655  0.41087E-005
    9656  0.41318E-005
    9657  0.41552E-005
    9658  0.41790E-005
    9659  0.42031E-005
    9660  0.42274E-005
    9661  0.42519E-005
    9662  0.42767E-005
    9663  0.38527E-005
    9664  0.38539E-005
    9665  0.38559E-005
    9666  0.38588E-005
    9667  0.38624E-005
    9668  0.38667E-005
    9669  0.38718E-005
    9670  0.38775E-005
    9671  0.38839E-005
    9672  0.38910E-005
    9673  0.38986E-005
    9674  0.39067E-005
    9675  0.39153E-005
    9676  0.39244E-005
    9677  0.39339E-005
    9678  0.39438E-005
    9679  0.39540E-005
    9680  0.39645E-005
    9681  0.39753E-005
    9682  0.39864E-005
    9683  0.39976E-005
    9684  0.40091E-005
    9685  0.40207E-005
    9686  0.40324E-005
    9687  0.40443E-005
    9688  0.40563E-005
    9689  0.40684E-005
    9690  0.40806E-005
    9691  0.40929E-005
    9692  0.41053E-005
    9693  0.41177E-005
    9694  0.41302E-005
    9695  0.41428E-005
    9696  0.41554E-005
    9697  0.41680E-005
    9698  0.41807E-005
    9699  0.41935E-005
    9700  0.42062E-005
    9701  0.42191E-005
    9702  0.37702E-005
    9703  0.37753E-005
    9704  0.37836E-005
    9705  0.37948E-005
    9706  0.38088E-005
    9707  0.38252E-005
    9708  0.38436E-005
    9709  0.38637E-005
    9710  0.38853E-005
    9711  0.39079E-005
    9712  0.39315E-005
    9713  0.39557E-005
    9714  0.39805E-005
    9715  0.40057E-005
    9716  0.40312E-005
    9717  0.40570E-005
    9718  0.40830E-005
    9719  0.41092E-005
    9720  0.41356E-005
    9721  0.36847E-005
    9722  0.36860E-005
    9723  0.36882E-005
    9724  0.36913E-005
    9725  0.36952E-005
    9726  0.36999E-005
    9727  0.37054E-005
    9728  0.37116E-005
    9729  0.37185E-005
    9730  0.37261E-005
    9731  0.37344E-005
    9732  0.37432E-005
    9733  0.37525E-005
    9734  0.37623E-005
    9735  0.37726E-005
    9736  0.37832E-005
    9737  0.37942E-005
    9738  0.38056E-005
    9739  0.38172E-005
    9740  0.38291E-005
    9741  0.38412E-005
    9742  0.38535E-005
    9743  0.38660E-005
    9744  0.38786E-005
    9745  0.38914E-005
    9746  0.39043E-005
    9747  0.39173E-005
    9748  0.39304E-005
    9749  0.39436E-005
    9750  0.39568E-005
    9751  0.39701E-005
    9752  0.39835E-005
    9753  0.39969E-005
    9754  0.40103E-005
    9755  0.40238E-005
    9756  0.40374E-005
    9757  0.40510E-005
    9758  0.40646E-005
    9759  0.40783E-005
    9760  0.36014E-005
    9761  0.36069E-005
    9762  0.36158E-005
    9763  0.36279E-005
    9764  0.36430E-005
    9765  0.36607E-005
    9766  0.36805E-005
    9767  0.37022E-005
    9768  0.37255E-005
    9769  0.37498E-005
    9770  0.37752E-005
    9771  0.38012E-005
    9772  0.38278E-005
    9773  0.38548E-005
    9774  0.38821E-005
    9775  0.39096E-005
    9776  0.39374E-005
    9777  0.39654E-005
    9778  0.39934E-005
    9779  0.35149E-005
    9780  0.35164E-005
    9781  0.35187E-005
    9782  0.35220E-005
    9783  0.35262E-005
    9784  0.35312E-005
    9785  0.35371E-005
    9786  0.35438E-005
    9787  0.35512E-005
    9788  0.35594E-005
    9789  0.35683E-005
    9790  0.35777E-005
    9791  0.35878E-005
    9792  0.35984E-005
    9793  0.36094E-005
    9794  0.36209E-005
    9795  0.36327E-005
    9796  0.36449E-005
    9797  0.36575E-005
    9798  0.36702E-005
    9799  0.36832E-005
    9800  0.36965E-005
    9801  0.37099E-005
    9802  0.37234E-005
    9803  0.37371E-005
    9804  0.37509E-005
    9805  0.37649E-005
    9806  0.37789E-005
    9807  0.37929E-005
    9808  0.38071E-005
    9809  0.38213E-005
    9810  0.38356E-005
    9811  0.38499E-005
    9812  0.38643E-005
    9813  0.38787E-005
    9814  0.38931E-005
    9815  0.39076E-005
    9816  0.39221E-005
    9817  0.39366E-005
    9818  0.34309E-005
    9819  0.34368E-005
    9820  0.34463E-005
    9821  0.34593E-005
    9822  0.34755E-005
    9823  0.34945E-005
    9824  0.35158E-005
    9825  0.35392E-005
    9826  0.35641E-005
    9827  0.35903E-005
    9828  0.36175E-005
    9829  0.36454E-005
    9830  0.36738E-005
    9831  0.37027E-005
    9832  0.37319E-005
    9833  0.37613E-005
    9834  0.37909E-005
    9835  0.38207E-005
    9836  0.38505E-005
    9837  0.33436E-005
    9838  0.33451E-005
    9839  0.33476E-005
    9840  0.33512E-005
    9841  0.33556E-005
    9842  0.33611E-005
    9843  0.33674E-005
    9844  0.33746E-005
    9845  0.33826E-005
    9846  0.33913E-005
    9847  0.34008E-005
    9848  0.34109E-005
    9849  0.34217E-005
    9850  0.34330E-005
    9851  0.34448E-005
    9852  0.34571E-005
    9853  0.34699E-005
    9854  0.34830E-005
    9855  0.34964E-005
    9856  0.35101E-005
    9857  0.35240E-005
    9858  0.35382E-005
    9859  0.35526E-005
    9860  0.35671E-005
    9861  0.35817E-005
    9862  0.35965E-005
    9863  0.36114E-005
    9864  0.36263E-005
    9865  0.36414E-005
    9866  0.36565E-005
    9867  0.36717E-005
    9868  0.36869E-005
    9869  0.37021E-005
    9870  0.37174E-005
    9871  0.37327E-005
    9872  0.37481E-005
    9873  0.37635E-005
    9874  0.37789E-005
    9875  0.37943E-005
    9876  0.32590E-005
    9877  0.32653E-005
    9878  0.32755E-005
    9879  0.32895E-005
    9880  0.33068E-005
    9881  0.33271E-005
    9882  0.33499E-005
    9883  0.33749E-005
    9884  0.34016E-005
    9885  0.34296E-005
    9886  0.34587E-005
    9887  0.34886E-005
    9888  0.35190E-005
    9889  0.35498E-005
    9890  0.35809E-005
    9891  0.36123E-005
    9892  0.36438E-005
    9893  0.36754E-005
    9894  0.37072E-005
    9895  0.31710E-005
    9896  0.31726E-005
    9897  0.31753E-005
    9898  0.31791E-005
    9899  0.31839E-005
    9900  0.31897E-005
    9901  0.31965E-005
    9902  0.32042E-005
    9903  0.32127E-005
    9904  0.32221E-005
    9905  0.32322E-005
    9906  0.32431E-005
    9907  0.32546E-005
    9908  0.32667E-005
    9909  0.32793E-005
    9910  0.32924E-005
    9911  0.33060E-005
    9912  0.33200E-005
    9913  0.33343E-005
    9914  0.33490E-005
    9915  0.33639E-005
    9916  0.33791E-005
    9917  0.33944E-005
    9918  0.34099E-005
    9919  0.34256E-005
    9920  0.34413E-005
    9921  0.34572E-005
    9922  0.34732E-005
    9923  0.34892E-005
    9924  0.35053E-005
    9925  0.35214E-005
    9926  0.35376E-005
    9927  0.35538E-005
    9928  0.35701E-005
    9929  0.35864E-005
    9930  0.36027E-005
    9931  0.36190E-005
    9932  0.36354E-005
    9933  0.36517E-005
    9934  0.30860E-005
    9935  0.30927E-005
    9936  0.31037E-005
    9937  0.31187E-005
    9938  0.31372E-005
    9939  0.31589E-005
    9940  0.31833E-005
    9941  0.32099E-005
    9942  0.32383E-005
    9943  0.32682E-005
    9944  0.32993E-005
    9945  0.33311E-005
    9946  0.33636E-005
    9947  0.33964E-005
    9948  0.34295E-005
    9949  0.34629E-005
    9950  0.34964E-005
    9951  0.35299E-005
    9952  0.35636E-005
    9953  0.29975E-005
    9954  0.29992E-005
    9955  0.30022E-005
    9956  0.30062E-005
    9957  0.30113E-005
    9958  0.30176E-005
    9959  0.30248E-005
    9960  0.30330E-005
    9961  0.30422E-005
    9962  0.30522E-005
    9963  0.30630E-005
    9964  0.30746E-005
    9965  0.30869E-005
    9966  0.30998E-005
    9967  0.31133E-005
    9968  0.31273E-005
    9969  0.31417E-005
    9970  0.31566E-005
    9971  0.31719E-005
    9972  0.31874E-005
    9973  0.32033E-005
    9974  0.32195E-005
    9975  0.32358E-005
    9976  0.32523E-005
    9977  0.32690E-005
    9978  0.32858E-005
    9979  0.33027E-005
    9980  0.33196E-005
    9981  0.33367E-005
    9982  0.33538E-005
    9983  0.33710E-005
    9984  0.33881E-005
    9985  0.34054E-005
    9986  0.34226E-005
    9987  0.34399E-005
    9988  0.34572E-005
    9989  0.34745E-005
    9990  0.34918E-005
    9991  0.35091E-005
    9992  0.29124E-005
    9993  0.29195E-005
    9994  0.29313E-005
    9995  0.29473E-005
    9996  0.29671E-005
    9997  0.29902E-005
    9998  0.30162E-005
    9999  0.30446E-005
   10000  0.30749E-005
   10001  0.31067E-005
   10002  0.31396E-005
   10003  0.31735E-005
   10004  0.32080E-005
   10005  0.32429E-005
   10006  0.32781E-005
   10007  0.33135E-005
   10008  0.33489E-005
   10009  0.33845E-005
   10010  0.34201E-005
   10011  0.28236E-005
   10012  0.28254E-005
   10013  0.28285E-005
   10014  0.28328E-005
   10015  0.28383E-005
   10016  0.28450E-005
   10017  0.28527E-005
   10018  0.28615E-005
   10019  0.28713E-005
   10020  0.28819E-005
   10021  0.28935E-005
   10022  0.29059E-005
   10023  0.29189E-005
   10024  0.29327E-005
   10025  0.29471E-005
   10026  0.29620E-005
   10027  0.29774E-005
   10028  0.29932E-005
   10029  0.30094E-005
   10030  0.30259E-005
   10031  0.30428E-005
   10032  0.30599E-005
   10033  0.30772E-005
   10034  0.30947E-005
   10035  0.31124E-005
   10036  0.31302E-005
   10037  0.31482E-005
   10038  0.31662E-005
   10039  0.31843E-005
   10040  0.32024E-005
   10041  0.32206E-005
   10042  0.32388E-005
   10043  0.32571E-005
   10044  0.32754E-005
   10045  0.32936E-005
   10046  0.33119E-005
   10047  0.33302E-005
   10048  0.33486E-005
   10049  0.33669E-005
   10050  0.27385E-005
   10051  0.27462E-005
   10052  0.27587E-005
   10053  0.27757E-005
   10054  0.27968E-005
   10055  0.28215E-005
   10056  0.28492E-005
   10057  0.28794E-005
   10058  0.29116E-005
   10059  0.29453E-005
   10060  0.29803E-005
   10061  0.30161E-005
   10062  0.30526E-005
   10063  0.30896E-005
   10064  0.31269E-005
   10065  0.31644E-005
   10066  0.32019E-005
   10067  0.32395E-005
   10068  0.32772E-005
   10069  0.26496E-005
   10070  0.26516E-005
   10071  0.26549E-005
   10072  0.26595E-005
   10073  0.26654E-005
   10074  0.26724E-005
   10075  0.26807E-005
   10076  0.26900E-005
   10077  0.27004E-005
   10078  0.27118E-005
   10079  0.27241E-005
   10080  0.27372E-005
   10081  0.27512E-005
   10082  0.27658E-005
   10083  0.27811E-005
   10084  0.27969E-005
   10085  0.28133E-005
   10086  0.28301E-005
   10087  0.28473E-005
   10088  0.28648E-005
   10089  0.28827E-005
   10090  0.29008E-005
   10091  0.29191E-005
   10092  0.29377E-005
   10093  0.29564E-005
   10094  0.29752E-005
   10095  0.29942E-005
   10096  0.30132E-005
   10097  0.30324E-005
   10098  0.30516E-005
   10099  0.30708E-005
   10100  0.30901E-005
   10101  0.31094E-005
   10102  0.31287E-005
   10103  0.31480E-005
   10104  0.31673E-005
   10105  0.31866E-005
   10106  0.32060E-005
   10107  0.32253E-005
   10108  0.25648E-005
   10109  0.25730E-005
   10110  0.25863E-005
   10111  0.26045E-005
   10112  0.26269E-005
   10113  0.26531E-005
   10114  0.26826E-005
   10115  0.27146E-005
   10116  0.27488E-005
   10117  0.27846E-005
   10118  0.28216E-005
   10119  0.28595E-005
   10120  0.28980E-005
   10121  0.29371E-005
   10122  0.29765E-005
   10123  0.30160E-005
   10124  0.30557E-005
   10125  0.30954E-005
   10126  0.31350E-005
   10127  0.24761E-005
   10128  0.24783E-005
   10129  0.24818E-005
   10130  0.24867E-005
   10131  0.24929E-005
   10132  0.25004E-005
   10133  0.25092E-005
   10134  0.25191E-005
   10135  0.25301E-005
   10136  0.25422E-005
   10137  0.25553E-005
   10138  0.25693E-005
   10139  0.25840E-005
   10140  0.25996E-005
   10141  0.26158E-005
   10142  0.26326E-005
   10143  0.26499E-005
   10144  0.26677E-005
   10145  0.26860E-005
   10146  0.27045E-005
   10147  0.27234E-005
   10148  0.27426E-005
   10149  0.27620E-005
   10150  0.27816E-005
   10151  0.28013E-005
   10152  0.28212E-005
   10153  0.28412E-005
   10154  0.28613E-005
   10155  0.28814E-005
   10156  0.29017E-005
   10157  0.29220E-005
   10158  0.29423E-005
   10159  0.29626E-005
   10160  0.29830E-005
   10161  0.30034E-005
   10162  0.30237E-005
   10163  0.30441E-005
   10164  0.30644E-005
   10165  0.30847E-005
   10166  0.23920E-005
   10167  0.24006E-005
   10168  0.24148E-005
   10169  0.24340E-005
   10170  0.24578E-005
   10171  0.24856E-005
   10172  0.25168E-005
   10173  0.25508E-005
   10174  0.25870E-005
   10175  0.26248E-005
   10176  0.26640E-005
   10177  0.27040E-005
   10178  0.27447E-005
   10179  0.27858E-005
   10180  0.28273E-005
   10181  0.28689E-005
   10182  0.29107E-005
   10183  0.29524E-005
   10184  0.29941E-005
   10185  0.23038E-005
   10186  0.23061E-005
   10187  0.23098E-005
   10188  0.23149E-005
   10189  0.23215E-005
   10190  0.23295E-005
   10191  0.23387E-005
   10192  0.23492E-005
   10193  0.23609E-005
   10194  0.23738E-005
   10195  0.23876E-005
   10196  0.24024E-005
   10197  0.24180E-005
   10198  0.24345E-005
   10199  0.24516E-005
   10200  0.24694E-005
   10201  0.24877E-005
   10202  0.25066E-005
   10203  0.25259E-005
   10204  0.25455E-005
   10205  0.25655E-005
   10206  0.25857E-005
   10207  0.26062E-005
   10208  0.26269E-005
   10209  0.26477E-005
   10210  0.26686E-005
   10211  0.26897E-005
   10212  0.27108E-005
   10213  0.27320E-005
   10214  0.27533E-005
   10215  0.27746E-005
   10216  0.27960E-005
   10217  0.28174E-005
   10218  0.28388E-005
   10219  0.28602E-005
   10220  0.28816E-005
   10221  0.29029E-005
   10222  0.29243E-005
   10223  0.29457E-005
   10224  0.22206E-005
   10225  0.22297E-005
   10226  0.22446E-005
   10227  0.22649E-005
   10228  0.22901E-005
   10229  0.23195E-005
   10230  0.23525E-005
   10231  0.23884E-005
   10232  0.24266E-005
   10233  0.24666E-005
   10234  0.25079E-005
   10235  0.25501E-005
   10236  0.25930E-005
   10237  0.26363E-005
   10238  0.26798E-005
   10239  0.27235E-005
   10240  0.27673E-005
   10241  0.28112E-005
   10242  0.28550E-005
   10243  0.21334E-005
   10244  0.21357E-005
   10245  0.21396E-005
   10246  0.21451E-005
   10247  0.21520E-005
   10248  0.21603E-005
   10249  0.21701E-005
   10250  0.21811E-005
   10251  0.21934E-005
   10252  0.22069E-005
   10253  0.22215E-005
   10254  0.22372E-005
   10255  0.22537E-005
   10256  0.22710E-005
   10257  0.22891E-005
   10258  0.23079E-005
   10259  0.23273E-005
   10260  0.23472E-005
   10261  0.23675E-005
   10262  0.23882E-005
   10263  0.24093E-005
   10264  0.24306E-005
   10265  0.24522E-005
   10266  0.24739E-005
   10267  0.24959E-005
   10268  0.25179E-005
   10269  0.25400E-005
   10270  0.25623E-005
   10271  0.25846E-005
   10272  0.26069E-005
   10273  0.26293E-005
   10274  0.26516E-005
   10275  0.26740E-005
   10276  0.26965E-005
   10277  0.27189E-005
   10278  0.27413E-005
   10279  0.27637E-005
   10280  0.27861E-005
   10281  0.28085E-005
   10282  0.20514E-005
   10283  0.20610E-005
   10284  0.20766E-005
   10285  0.20980E-005
   10286  0.21244E-005
   10287  0.21554E-005
   10288  0.21901E-005
   10289  0.22280E-005
   10290  0.22683E-005
   10291  0.23104E-005
   10292  0.23539E-005
   10293  0.23983E-005
   10294  0.24434E-005
   10295  0.24888E-005
   10296  0.25345E-005
   10297  0.25804E-005
   10298  0.26262E-005
   10299  0.26721E-005
   10300  0.27179E-005
   10301  0.19653E-005
   10302  0.19677E-005
   10303  0.19718E-005
   10304  0.19775E-005
   10305  0.19848E-005
   10306  0.19936E-005
   10307  0.20038E-005
   10308  0.20155E-005
   10309  0.20284E-005
   10310  0.20425E-005
   10311  0.20578E-005
   10312  0.20742E-005
   10313  0.20916E-005
   10314  0.21099E-005
   10315  0.21289E-005
   10316  0.21487E-005
   10317  0.21691E-005
   10318  0.21900E-005
   10319  0.22114E-005
   10320  0.22332E-005
   10321  0.22553E-005
   10322  0.22778E-005
   10323  0.23004E-005
   10324  0.23233E-005
   10325  0.23463E-005
   10326  0.23695E-005
   10327  0.23927E-005
   10328  0.24161E-005
   10329  0.24394E-005
   10330  0.24628E-005
   10331  0.24863E-005
   10332  0.25097E-005
   10333  0.25332E-005
   10334  0.25566E-005
   10335  0.25801E-005
   10336  0.26035E-005
   10337  0.26269E-005
   10338  0.26503E-005
   10339  0.26737E-005
   10340  0.18848E-005
   10341  0.18949E-005
   10342  0.19113E-005
   10343  0.19337E-005
   10344  0.19614E-005
   10345  0.19938E-005
   10346  0.20303E-005
   10347  0.20701E-005
   10348  0.21124E-005
   10349  0.21567E-005
   10350  0.22024E-005
   10351  0.22490E-005
   10352  0.22963E-005
   10353  0.23440E-005
   10354  0.23918E-005
   10355  0.24398E-005
   10356  0.24877E-005
   10357  0.25356E-005
   10358  0.25834E-005
   10359  0.18001E-005
   10360  0.18027E-005
   10361  0.18070E-005
   10362  0.18130E-005
   10363  0.18206E-005
   10364  0.18298E-005
   10365  0.18406E-005
   10366  0.18527E-005
   10367  0.18663E-005
   10368  0.18811E-005
   10369  0.18972E-005
   10370  0.19143E-005
   10371  0.19325E-005
   10372  0.19516E-005
   10373  0.19715E-005
   10374  0.19923E-005
   10375  0.20137E-005
   10376  0.20356E-005
   10377  0.20581E-005
   10378  0.20810E-005
   10379  0.21042E-005
   10380  0.21277E-005
   10381  0.21515E-005
   10382  0.21755E-005
   10383  0.21996E-005
   10384  0.22239E-005
   10385  0.22482E-005
   10386  0.22726E-005
   10387  0.22971E-005
   10388  0.23216E-005
   10389  0.23461E-005
   10390  0.23706E-005
   10391  0.23951E-005
   10392  0.24196E-005
   10393  0.24441E-005
   10394  0.24686E-005
   10395  0.24930E-005
   10396  0.25174E-005
   10397  0.25417E-005
   10398  0.17215E-005
   10399  0.17320E-005
   10400  0.17492E-005
   10401  0.17727E-005
   10402  0.18017E-005
   10403  0.18357E-005
   10404  0.18738E-005
   10405  0.19153E-005
   10406  0.19597E-005
   10407  0.20061E-005
   10408  0.20539E-005
   10409  0.21028E-005
   10410  0.21523E-005
   10411  0.22022E-005
   10412  0.22522E-005
   10413  0.23023E-005
   10414  0.23524E-005
   10415  0.24023E-005
   10416  0.24521E-005
   10417  0.16385E-005
   10418  0.16412E-005
   10419  0.16457E-005
   10420  0.16520E-005
   10421  0.16600E-005
   10422  0.16696E-005
   10423  0.16808E-005
   10424  0.16936E-005
   10425  0.17078E-005
   10426  0.17233E-005
   10427  0.17400E-005
   10428  0.17580E-005
   10429  0.17769E-005
   10430  0.17969E-005
   10431  0.18177E-005
   10432  0.18393E-005
   10433  0.18617E-005
   10434  0.18847E-005
   10435  0.19082E-005
   10436  0.19321E-005
   10437  0.19564E-005
   10438  0.19810E-005
   10439  0.20059E-005
   10440  0.20310E-005
   10441  0.20562E-005
   10442  0.20816E-005
   10443  0.21070E-005
   10444  0.21325E-005
   10445  0.21581E-005
   10446  0.21837E-005
   10447  0.22093E-005
   10448  0.22349E-005
   10449  0.22604E-005
   10450  0.22860E-005
   10451  0.23115E-005
   10452  0.23369E-005
   10453  0.23624E-005
   10454  0.23877E-005
   10455  0.24131E-005
   10456  0.15620E-005
   10457  0.15730E-005
   10458  0.15910E-005
   10459  0.16155E-005
   10460  0.16459E-005
   10461  0.16813E-005
   10462  0.17211E-005
   10463  0.17644E-005
   10464  0.18106E-005
   10465  0.18591E-005
   10466  0.19091E-005
   10467  0.19601E-005
   10468  0.20118E-005
   10469  0.20639E-005
   10470  0.21161E-005
   10471  0.21683E-005
   10472  0.22205E-005
   10473  0.22725E-005
   10474  0.23243E-005
   10475  0.14811E-005
   10476  0.14839E-005
   10477  0.14886E-005
   10478  0.14952E-005
   10479  0.15035E-005
   10480  0.15135E-005
   10481  0.15253E-005
   10482  0.15386E-005
   10483  0.15534E-005
   10484  0.15695E-005
   10485  0.15870E-005
   10486  0.16057E-005
   10487  0.16255E-005
   10488  0.16463E-005
   10489  0.16681E-005
   10490  0.16906E-005
   10491  0.17138E-005
   10492  0.17377E-005
   10493  0.17622E-005
   10494  0.17872E-005
   10495  0.18125E-005
   10496  0.18382E-005
   10497  0.18642E-005
   10498  0.18903E-005
   10499  0.19167E-005
   10500  0.19431E-005
   10501  0.19697E-005
   10502  0.19963E-005
   10503  0.20229E-005
   10504  0.20495E-005
   10505  0.20762E-005
   10506  0.21028E-005
   10507  0.21294E-005
   10508  0.21560E-005
   10509  0.21826E-005
   10510  0.22090E-005
   10511  0.22355E-005
   10512  0.22619E-005
   10513  0.22882E-005
   10514  0.14070E-005
   10515  0.14185E-005
   10516  0.14373E-005
   10517  0.14628E-005
   10518  0.14944E-005
   10519  0.15314E-005
   10520  0.15728E-005
   10521  0.16179E-005
   10522  0.16660E-005
   10523  0.17164E-005
   10524  0.17685E-005
   10525  0.18216E-005
   10526  0.18755E-005
   10527  0.19297E-005
   10528  0.19841E-005
   10529  0.20384E-005
   10530  0.20926E-005
   10531  0.21466E-005
   10532  0.22005E-005
   10533  0.13284E-005
   10534  0.13314E-005
   10535  0.13363E-005
   10536  0.13431E-005
   10537  0.13518E-005
   10538  0.13623E-005
   10539  0.13745E-005
   10540  0.13883E-005
   10541  0.14037E-005
   10542  0.14206E-005
   10543  0.14388E-005
   10544  0.14582E-005
   10545  0.14788E-005
   10546  0.15005E-005
   10547  0.15231E-005
   10548  0.15465E-005
   10549  0.15707E-005
   10550  0.15955E-005
   10551  0.16209E-005
   10552  0.16468E-005
   10553  0.16732E-005
   10554  0.16999E-005
   10555  0.17269E-005
   10556  0.17541E-005
   10557  0.17815E-005
   10558  0.18090E-005
   10559  0.18366E-005
   10560  0.18643E-005
   10561  0.18920E-005
   10562  0.19197E-005
   10563  0.19474E-005
   10564  0.19751E-005
   10565  0.20027E-005
   10566  0.20303E-005
   10567  0.20578E-005
   10568  0.20853E-005
   10569  0.21128E-005
   10570  0.21401E-005
   10571  0.21674E-005
   10572  0.12572E-005
   10573  0.12691E-005
   10574  0.12886E-005
   10575  0.13151E-005
   10576  0.13480E-005
   10577  0.13864E-005
   10578  0.14295E-005
   10579  0.14764E-005
   10580  0.15263E-005
   10581  0.15785E-005
   10582  0.16326E-005
   10583  0.16878E-005
   10584  0.17438E-005
   10585  0.18001E-005
   10586  0.18565E-005
   10587  0.19129E-005
   10588  0.19692E-005
   10589  0.20252E-005
   10590  0.20810E-005
   10591  0.11815E-005
   10592  0.11845E-005
   10593  0.11896E-005
   10594  0.11966E-005
   10595  0.12056E-005
   10596  0.12164E-005
   10597  0.12290E-005
   10598  0.12434E-005
   10599  0.12594E-005
   10600  0.12769E-005
   10601  0.12958E-005
   10602  0.13160E-005
   10603  0.13374E-005
   10604  0.13599E-005
   10605  0.13833E-005
   10606  0.14076E-005
   10607  0.14327E-005
   10608  0.14585E-005
   10609  0.14848E-005
   10610  0.15117E-005
   10611  0.15389E-005
   10612  0.15666E-005
   10613  0.15946E-005
   10614  0.16229E-005
   10615  0.16513E-005
   10616  0.16798E-005
   10617  0.17085E-005
   10618  0.17372E-005
   10619  0.17659E-005
   10620  0.17946E-005
   10621  0.18233E-005
   10622  0.18520E-005
   10623  0.18807E-005
   10624  0.19093E-005
   10625  0.19378E-005
   10626  0.19663E-005
   10627  0.19947E-005
   10628  0.20230E-005
   10629  0.20513E-005
   10630  0.11133E-005
   10631  0.11256E-005
   10632  0.11458E-005
   10633  0.11732E-005
   10634  0.12073E-005
   10635  0.12471E-005
   10636  0.12917E-005
   10637  0.13404E-005
   10638  0.13921E-005
   10639  0.14462E-005
   10640  0.15021E-005
   10641  0.15593E-005
   10642  0.16172E-005
   10643  0.16756E-005
   10644  0.17341E-005
   10645  0.17925E-005
   10646  0.18507E-005
   10647  0.19087E-005
   10648  0.19663E-005
   10649  0.10407E-005
   10650  0.10438E-005
   10651  0.10491E-005
   10652  0.10563E-005
   10653  0.10656E-005
   10654  0.10768E-005
   10655  0.10898E-005
   10656  0.11046E-005
   10657  0.11211E-005
   10658  0.11392E-005
   10659  0.11588E-005
   10660  0.11797E-005
   10661  0.12019E-005
   10662  0.12251E-005
   10663  0.12494E-005
   10664  0.12746E-005
   10665  0.13005E-005
   10666  0.13272E-005
   10667  0.13544E-005
   10668  0.13822E-005
   10669  0.14104E-005
   10670  0.14390E-005
   10671  0.14679E-005
   10672  0.14971E-005
   10673  0.15265E-005
   10674  0.15561E-005
   10675  0.15857E-005
   10676  0.16154E-005
   10677  0.16451E-005
   10678  0.16749E-005
   10679  0.17046E-005
   10680  0.17342E-005
   10681  0.17639E-005
   10682  0.17934E-005
   10683  0.18229E-005
   10684  0.18523E-005
   10685  0.18817E-005
   10686  0.19110E-005
   10687  0.19401E-005
   10688  0.97599E-006
   10689  0.98867E-006
   10690  0.10094E-005
   10691  0.10377E-005
   10692  0.10728E-005
   10693  0.11140E-005
   10694  0.11601E-005
   10695  0.12104E-005
   10696  0.12639E-005
   10697  0.13198E-005
   10698  0.13775E-005
   10699  0.14365E-005
   10700  0.14964E-005
   10701  0.15567E-005
   10702  0.16171E-005
   10703  0.16775E-005
   10704  0.17376E-005
   10705  0.17974E-005
   10706  0.18570E-005
   10707  0.90668E-006
   10708  0.90992E-006
   10709  0.91531E-006
   10710  0.92279E-006
   10711  0.93233E-006
   10712  0.94385E-006
   10713  0.95728E-006
   10714  0.97254E-006
   10715  0.98952E-006
   10716  0.10081E-005
   10717  0.10283E-005
   10718  0.10499E-005
   10719  0.10728E-005
   10720  0.10968E-005
   10721  0.11219E-005
   10722  0.11479E-005
   10723  0.11747E-005
   10724  0.12022E-005
   10725  0.12303E-005
   10726  0.12590E-005
   10727  0.12881E-005
   10728  0.13176E-005
   10729  0.13474E-005
   10730  0.13775E-005
   10731  0.14078E-005
   10732  0.14383E-005
   10733  0.14689E-005
   10734  0.14995E-005
   10735  0.15302E-005
   10736  0.15609E-005
   10737  0.15915E-005
   10738  0.16222E-005
   10739  0.16527E-005
   10740  0.16832E-005
   10741  0.17136E-005
   10742  0.17440E-005
   10743  0.17742E-005
   10744  0.18044E-005
   10745  0.18345E-005
   10746  0.84569E-006
   10747  0.85874E-006
   10748  0.88010E-006
   10749  0.90920E-006
   10750  0.94530E-006
   10751  0.98761E-006
   10752  0.10352E-005
   10753  0.10871E-005
   10754  0.11422E-005
   10755  0.11999E-005
   10756  0.12594E-005
   10757  0.13201E-005
   10758  0.13818E-005
   10759  0.14439E-005
   10760  0.15062E-005
   10761  0.15684E-005
   10762  0.16304E-005
   10763  0.16920E-005
   10764  0.17533E-005
   10765  0.78004E-006
   10766  0.78337E-006
   10767  0.78891E-006
   10768  0.79660E-006
   10769  0.80641E-006
   10770  0.81825E-006
   10771  0.83206E-006
   10772  0.84774E-006
   10773  0.86520E-006
   10774  0.88434E-006
   10775  0.90504E-006
   10776  0.92719E-006
   10777  0.95072E-006
   10778  0.97548E-006
   10779  0.10013E-005
   10780  0.10281E-005
   10781  0.10557E-005
   10782  0.10841E-005
   10783  0.11130E-005
   10784  0.11426E-005
   10785  0.11725E-005
   10786  0.12029E-005
   10787  0.12336E-005
   10788  0.12645E-005
   10789  0.12957E-005
   10790  0.13270E-005
   10791  0.13585E-005
   10792  0.13900E-005
   10793  0.14216E-005
   10794  0.14532E-005
   10795  0.14847E-005
   10796  0.15162E-005
   10797  0.15477E-005
   10798  0.15791E-005
   10799  0.16104E-005
   10800  0.16416E-005
   10801  0.16727E-005
   10802  0.17037E-005
   10803  0.17346E-005
   10804  0.72303E-006
   10805  0.73643E-006
   10806  0.75836E-006
   10807  0.78823E-006
   10808  0.82531E-006
   10809  0.86872E-006
   10810  0.91760E-006
   10811  0.97094E-006
   10812  0.10277E-005
   10813  0.10870E-005
   10814  0.11482E-005
   10815  0.12106E-005
   10816  0.12739E-005
   10817  0.13378E-005
   10818  0.14018E-005
   10819  0.14657E-005
   10820  0.15294E-005
   10821  0.15928E-005
   10822  0.16557E-005
   10823  0.66130E-006
   10824  0.66472E-006
   10825  0.67040E-006
   10826  0.67829E-006
   10827  0.68835E-006
   10828  0.70050E-006
   10829  0.71467E-006
   10830  0.73075E-006
   10831  0.74866E-006
   10832  0.76828E-006
   10833  0.78951E-006
   10834  0.81223E-006
   10835  0.83632E-006
   10836  0.86168E-006
   10837  0.88821E-006
   10838  0.91573E-006
   10839  0.94411E-006
   10840  0.97324E-006
   10841  0.10030E-005
   10842  0.10334E-005
   10843  0.10641E-005
   10844  0.10953E-005
   10845  0.11268E-005
   10846  0.11586E-005
   10847  0.11906E-005
   10848  0.12227E-005
   10849  0.12550E-005
   10850  0.12873E-005
   10851  0.13198E-005
   10852  0.13522E-005
   10853  0.13846E-005
   10854  0.14170E-005
   10855  0.14492E-005
   10856  0.14815E-005
   10857  0.15136E-005
   10858  0.15456E-005
   10859  0.15776E-005
   10860  0.16094E-005
   10861  0.16411E-005
   10862  0.60853E-006
   10863  0.62226E-006
   10864  0.64473E-006
   10865  0.67534E-006
   10866  0.71332E-006
   10867  0.75779E-006
   10868  0.80780E-006
   10869  0.86249E-006
   10870  0.92074E-006
   10871  0.98162E-006
   10872  0.10444E-005
   10873  0.11084E-005
   10874  0.11733E-005
   10875  0.12387E-005
   10876  0.13044E-005
   10877  0.13699E-005
   10878  0.14352E-005
   10879  0.15002E-005
   10880  0.15647E-005
   10881  0.55100E-006
   10882  0.55450E-006
   10883  0.56031E-006
   10884  0.56839E-006
   10885  0.57868E-006
   10886  0.59112E-006
   10887  0.60561E-006
   10888  0.62208E-006
   10889  0.64041E-006
   10890  0.66049E-006
   10891  0.68221E-006
   10892  0.70546E-006
   10893  0.73010E-006
   10894  0.75602E-006
   10895  0.78314E-006
   10896  0.81131E-006
   10897  0.84040E-006
   10898  0.87026E-006
   10899  0.90078E-006
   10900  0.93188E-006
   10901  0.96344E-006
   10902  0.99540E-006
   10903  0.10277E-005
   10904  0.10602E-005
   10905  0.10930E-005
   10906  0.11259E-005
   10907  0.11589E-005
   10908  0.11920E-005
   10909  0.12252E-005
   10910  0.12584E-005
   10911  0.12916E-005
   10912  0.13247E-005
   10913  0.13578E-005
   10914  0.13908E-005
   10915  0.14237E-005
   10916  0.14565E-005
   10917  0.14892E-005
   10918  0.15218E-005
   10919  0.15543E-005
   10920  0.50270E-006
   10921  0.51674E-006
   10922  0.53971E-006
   10923  0.57101E-006
   10924  0.60983E-006
   10925  0.65528E-006
   10926  0.70639E-006
   10927  0.76224E-006
   10928  0.82186E-006
   10929  0.88418E-006
   10930  0.94843E-006
   10931  0.10140E-005
   10932  0.10804E-005
   10933  0.11472E-005
   10934  0.12143E-005
   10935  0.12814E-005
   10936  0.13482E-005
   10937  0.14147E-005
   10938  0.14807E-005
   10939  0.44961E-006
   10940  0.45318E-006
   10941  0.45913E-006
   10942  0.46738E-006
   10943  0.47789E-006
   10944  0.49058E-006
   10945  0.50539E-006
   10946  0.52220E-006
   10947  0.54091E-006
   10948  0.56142E-006
   10949  0.58360E-006
   10950  0.60733E-006
   10951  0.63249E-006
   10952  0.65896E-006
   10953  0.68660E-006
   10954  0.71534E-006
   10955  0.74506E-006
   10956  0.77559E-006
   10957  0.80680E-006
   10958  0.83859E-006
   10959  0.87086E-006
   10960  0.90354E-006
   10961  0.93654E-006
   10962  0.96980E-006
   10963  0.10033E-005
   10964  0.10369E-005
   10965  0.10706E-005
   10966  0.11044E-005
   10967  0.11383E-005
   10968  0.11722E-005
   10969  0.12061E-005
   10970  0.12400E-005
   10971  0.12738E-005
   10972  0.13075E-005
   10973  0.13411E-005
   10974  0.13746E-005
   10975  0.14080E-005
   10976  0.14413E-005
   10977  0.14745E-005
   10978  0.40606E-006
   10979  0.42035E-006
   10980  0.44378E-006
   10981  0.47570E-006
   10982  0.51530E-006
   10983  0.56165E-006
   10984  0.61378E-006
   10985  0.67068E-006
   10986  0.73150E-006
   10987  0.79515E-006
   10988  0.86076E-006
   10989  0.92770E-006
   10990  0.99545E-006
   10991  0.10637E-005
   10992  0.11321E-005
   10993  0.12005E-005
   10994  0.12687E-005
   10995  0.13365E-005
   10996  0.14039E-005
   10997  0.35775E-006
   10998  0.36136E-006
   10999  0.36737E-006
   11000  0.37573E-006
   11001  0.38642E-006
   11002  0.39936E-006
   11003  0.41444E-006
   11004  0.43156E-006
   11005  0.45063E-006
   11006  0.47152E-006
   11007  0.49412E-006
   11008  0.51830E-006
   11009  0.54393E-006
   11010  0.57089E-006
   11011  0.59904E-006
   11012  0.62829E-006
   11013  0.65854E-006
   11014  0.68966E-006
   11015  0.72149E-006
   11016  0.75391E-006
   11017  0.78683E-006
   11018  0.82016E-006
   11019  0.85382E-006
   11020  0.88774E-006
   11021  0.92186E-006
   11022  0.95614E-006
   11023  0.99052E-006
   11024  0.10250E-005
   11025  0.10595E-005
   11026  0.10940E-005
   11027  0.11286E-005
   11028  0.11631E-005
   11029  0.11975E-005
   11030  0.12319E-005
   11031  0.12662E-005
   11032  0.13004E-005
   11033  0.13344E-005
   11034  0.13683E-005
   11035  0.14022E-005
   11036  0.31912E-006
   11037  0.33360E-006
   11038  0.35736E-006
   11039  0.38985E-006
   11040  0.43015E-006
   11041  0.47732E-006
   11042  0.53036E-006
   11043  0.58824E-006
   11044  0.65010E-006
   11045  0.71493E-006
   11046  0.78178E-006
   11047  0.84997E-006
   11048  0.91897E-006
   11049  0.98841E-006
   11050  0.10580E-005
   11051  0.11277E-005
   11052  0.11971E-005
   11053  0.12662E-005
   11054  0.13347E-005
   11055  0.27570E-006
   11056  0.27938E-006
   11057  0.28548E-006
   11058  0.29396E-006
   11059  0.30478E-006
   11060  0.31786E-006
   11061  0.33318E-006
   11062  0.35059E-006
   11063  0.36997E-006
   11064  0.39121E-006
   11065  0.41418E-006
   11066  0.43876E-006
   11067  0.46481E-006
   11068  0.49221E-006
   11069  0.52083E-006
   11070  0.55056E-006
   11071  0.58127E-006
   11072  0.61288E-006
   11073  0.64525E-006
   11074  0.67824E-006
   11075  0.71174E-006
   11076  0.74565E-006
   11077  0.77990E-006
   11078  0.81442E-006
   11079  0.84913E-006
   11080  0.88400E-006
   11081  0.91897E-006
   11082  0.95401E-006
   11083  0.98908E-006
   11084  0.10242E-005
   11085  0.10593E-005
   11086  0.10944E-005
   11087  0.11294E-005
   11088  0.11644E-005
   11089  0.11992E-005
   11090  0.12340E-005
   11091  0.12686E-005
   11092  0.13031E-005
   11093  0.13375E-005
   11094  0.24217E-006
   11095  0.25687E-006
   11096  0.28092E-006
   11097  0.31384E-006
   11098  0.35476E-006
   11099  0.40266E-006
   11100  0.45651E-006
   11101  0.51528E-006
   11102  0.57804E-006
   11103  0.64390E-006
   11104  0.71184E-006
   11105  0.78114E-006
   11106  0.85126E-006
   11107  0.92180E-006
   11108  0.99250E-006
   11109  0.10632E-005
   11110  0.11337E-005
   11111  0.12039E-005
   11112  0.12735E-005
   11113  0.20384E-006
   11114  0.20756E-006
   11115  0.21375E-006
   11116  0.22235E-006
   11117  0.23331E-006
   11118  0.24655E-006
   11119  0.26203E-006
   11120  0.27965E-006
   11121  0.29930E-006
   11122  0.32084E-006
   11123  0.34414E-006
   11124  0.36907E-006
   11125  0.39549E-006
   11126  0.42329E-006
   11127  0.45231E-006
   11128  0.48246E-006
   11129  0.51358E-006
   11130  0.54562E-006
   11131  0.57845E-006
   11132  0.61193E-006
   11133  0.64593E-006
   11134  0.68036E-006
   11135  0.71512E-006
   11136  0.75016E-006
   11137  0.78540E-006
   11138  0.82079E-006
   11139  0.85628E-006
   11140  0.89184E-006
   11141  0.92742E-006
   11142  0.96303E-006
   11143  0.99862E-006
   11144  0.10342E-005
   11145  0.10698E-005
   11146  0.11052E-005
   11147  0.11406E-005
   11148  0.11759E-005
   11149  0.12110E-005
   11150  0.12460E-005
   11151  0.12809E-005
   11152  0.17558E-006
   11153  0.19045E-006
   11154  0.21479E-006
   11155  0.24805E-006
   11156  0.28949E-006
   11157  0.33802E-006
   11158  0.39258E-006
   11159  0.45212E-006
   11160  0.51566E-006
   11161  0.58238E-006
   11162  0.65127E-006
   11163  0.72153E-006
   11164  0.79262E-006
   11165  0.86414E-006
   11166  0.93578E-006
   11167  0.10074E-005
   11168  0.10789E-005
   11169  0.11500E-005
   11170  0.12206E-005
   11171  0.14252E-006
   11172  0.14627E-006
   11173  0.15252E-006
   11174  0.16121E-006
   11175  0.17228E-006
   11176  0.18568E-006
   11177  0.20131E-006
   11178  0.21908E-006
   11179  0.23895E-006
   11180  0.26074E-006
   11181  0.28432E-006
   11182  0.30955E-006
   11183  0.33629E-006
   11184  0.36442E-006
   11185  0.39379E-006
   11186  0.42430E-006
   11187  0.45579E-006
   11188  0.48818E-006
   11189  0.52139E-006
   11190  0.55529E-006
   11191  0.58972E-006
   11192  0.62458E-006
   11193  0.65979E-006
   11194  0.69527E-006
   11195  0.73096E-006
   11196  0.76680E-006
   11197  0.80273E-006
   11198  0.83874E-006
   11199  0.87477E-006
   11200  0.91080E-006
   11201  0.94682E-006
   11202  0.98282E-006
   11203  0.10188E-005
   11204  0.10547E-005
   11205  0.10905E-005
   11206  0.11262E-005
   11207  0.11618E-005
   11208  0.11972E-005
   11209  0.12325E-005
   11210  0.11965E-006
   11211  0.13465E-006
   11212  0.15923E-006
   11213  0.19279E-006
   11214  0.23463E-006
   11215  0.28369E-006
   11216  0.33884E-006
   11217  0.39903E-006
   11218  0.46324E-006
   11219  0.53068E-006
   11220  0.60035E-006
   11221  0.67143E-006
   11222  0.74334E-006
   11223  0.81567E-006
   11224  0.88811E-006
   11225  0.96051E-006
   11226  0.10328E-005
   11227  0.11046E-005
   11228  0.11760E-005
   11229  0.91968E-007
   11230  0.95758E-007
   11231  0.10206E-006
   11232  0.11082E-006
   11233  0.12199E-006
   11234  0.13550E-006
   11235  0.15126E-006
   11236  0.16918E-006
   11237  0.18921E-006
   11238  0.21119E-006
   11239  0.23500E-006
   11240  0.26047E-006
   11241  0.28748E-006
   11242  0.31588E-006
   11243  0.34554E-006
   11244  0.37634E-006
   11245  0.40814E-006
   11246  0.44085E-006
   11247  0.47436E-006
   11248  0.50858E-006
   11249  0.54336E-006
   11250  0.57859E-006
   11251  0.61416E-006
   11252  0.65001E-006
   11253  0.68606E-006
   11254  0.72227E-006
   11255  0.75858E-006
   11256  0.79495E-006
   11257  0.83135E-006
   11258  0.86774E-006
   11259  0.90412E-006
   11260  0.94047E-006
   11261  0.97679E-006
   11262  0.10130E-005
   11263  0.10492E-005
   11264  0.10853E-005
   11265  0.11212E-005
   11266  0.11570E-005
   11267  0.11927E-005
   11268  0.74609E-007
   11269  0.89720E-007
   11270  0.11449E-006
   11271  0.14830E-006
   11272  0.19044E-006
   11273  0.23992E-006
   11274  0.29555E-006
   11275  0.35626E-006
   11276  0.42103E-006
   11277  0.48902E-006
   11278  0.55932E-006
   11279  0.63105E-006
   11280  0.70363E-006
   11281  0.77662E-006
   11282  0.84971E-006
   11283  0.92273E-006
   11284  0.99560E-006
   11285  0.10681E-005
   11286  0.11401E-005
   11287  0.52419E-007
   11288  0.56235E-007
   11289  0.62577E-007
   11290  0.71391E-007
   11291  0.82638E-007
   11292  0.96238E-007
   11293  0.11211E-006
   11294  0.13016E-006
   11295  0.15030E-006
   11296  0.17241E-006
   11297  0.19640E-006
   11298  0.22206E-006
   11299  0.24927E-006
   11300  0.27789E-006
   11301  0.30778E-006
   11302  0.33881E-006
   11303  0.37085E-006
   11304  0.40381E-006
   11305  0.43756E-006
   11306  0.47203E-006
   11307  0.50708E-006
   11308  0.54258E-006
   11309  0.57844E-006
   11310  0.61458E-006
   11311  0.65093E-006
   11312  0.68743E-006
   11313  0.72402E-006
   11314  0.76068E-006
   11315  0.79736E-006
   11316  0.83405E-006
   11317  0.87070E-006
   11318  0.90732E-006
   11319  0.94391E-006
   11320  0.98045E-006
   11321  0.10169E-005
   11322  0.10532E-005
   11323  0.10894E-005
   11324  0.11255E-005
   11325  0.11614E-005
   11326  0.40655E-007
   11327  0.55849E-007
   11328  0.80759E-007
   11329  0.11477E-006
   11330  0.15712E-006
   11331  0.20692E-006
   11332  0.26291E-006
   11333  0.32401E-006
   11334  0.38920E-006
   11335  0.45761E-006
   11336  0.52839E-006
   11337  0.60061E-006
   11338  0.67368E-006
   11339  0.74717E-006
   11340  0.82076E-006
   11341  0.89425E-006
   11342  0.96759E-006
   11343  0.10406E-005
   11344  0.11131E-005
   11345  0.24054E-007
   11346  0.27886E-007
   11347  0.34257E-007
   11348  0.43111E-007
   11349  0.54411E-007
   11350  0.68075E-007
   11351  0.84021E-007
   11352  0.10216E-006
   11353  0.12238E-006
   11354  0.14459E-006
   11355  0.16870E-006
   11356  0.19450E-006
   11357  0.22186E-006
   11358  0.25063E-006
   11359  0.28068E-006
   11360  0.31188E-006
   11361  0.34410E-006
   11362  0.37723E-006
   11363  0.41115E-006
   11364  0.44579E-006
   11365  0.48104E-006
   11366  0.51675E-006
   11367  0.55281E-006
   11368  0.58915E-006
   11369  0.62571E-006
   11370  0.66242E-006
   11371  0.69922E-006
   11372  0.73609E-006
   11373  0.77298E-006
   11374  0.80986E-006
   11375  0.84672E-006
   11376  0.88354E-006
   11377  0.92032E-006
   11378  0.95705E-006
   11379  0.99369E-006
   11380  0.10302E-005
   11381  0.10666E-005
   11382  0.11029E-005
   11383  0.11390E-005
   11384  0.17941E-007
   11385  0.33190E-007
   11386  0.58193E-007
   11387  0.92331E-007
   11388  0.13483E-006
   11389  0.18483E-006
   11390  0.24107E-006
   11391  0.30243E-006
   11392  0.36790E-006
   11393  0.43659E-006
   11394  0.50768E-006
   11395  0.58023E-006
   11396  0.65364E-006
   11397  0.72746E-006
   11398  0.80138E-006
   11399  0.87520E-006
   11400  0.94884E-006
   11401  0.10221E-005
   11402  0.10950E-005
   11403  0.69881E-008
   11404  0.10829E-007
   11405  0.17218E-007
   11406  0.26096E-007
   11407  0.37425E-007
   11408  0.51127E-007
   11409  0.67118E-007
   11410  0.85306E-007
   11411  0.10558E-006
   11412  0.12785E-006
   11413  0.15203E-006
   11414  0.17792E-006
   11415  0.20536E-006
   11416  0.23423E-006
   11417  0.26437E-006
   11418  0.29567E-006
   11419  0.32800E-006
   11420  0.36123E-006
   11421  0.39525E-006
   11422  0.43000E-006
   11423  0.46536E-006
   11424  0.50119E-006
   11425  0.53738E-006
   11426  0.57385E-006
   11427  0.61053E-006
   11428  0.64736E-006
   11429  0.68429E-006
   11430  0.72129E-006
   11431  0.75830E-006
   11432  0.79531E-006
   11433  0.83229E-006
   11434  0.86923E-006
   11435  0.90612E-006
   11436  0.94297E-006
   11437  0.97973E-006
   11438  0.10164E-005
   11439  0.10529E-005
   11440  0.10893E-005
   11441  0.11256E-005
   11442  0.65597E-008
   11443  0.21837E-007
   11444  0.46884E-007
   11445  0.81087E-007
   11446  0.12366E-006
   11447  0.17376E-006
   11448  0.23012E-006
   11449  0.29162E-006
   11450  0.35722E-006
   11451  0.42605E-006
   11452  0.49730E-006
   11453  0.57002E-006
   11454  0.64359E-006
   11455  0.71758E-006
   11456  0.79167E-006
   11457  0.86565E-006
   11458  0.93944E-006
   11459  0.10129E-005
   11460  0.10859E-005
