       1  0.18882E-006
      20  0.12201E-006
      21  0.12207E-006
      22  0.12225E-006
      23  0.12254E-006
      24  0.12295E-006
      25  0.12347E-006
      26  0.12411E-006
      27  0.12486E-006
      28  0.12572E-006
      29  0.12668E-006
      30  0.12775E-006
      31  0.12892E-006
      32  0.13019E-006
      33  0.13154E-006
      34  0.13299E-006
      35  0.13453E-006
      36  0.13615E-006
      37  0.13784E-006
      38  0.13961E-006
      39  0.14145E-006
      40  0.14336E-006
      41  0.14532E-006
      42  0.14734E-006
      43  0.14941E-006
      44  0.15153E-006
      45  0.15370E-006
      46  0.15590E-006
      47  0.15814E-006
      48  0.16041E-006
      49  0.16271E-006
      50  0.16503E-006
      51  0.16737E-006
      52  0.16973E-006
      53  0.17210E-006
      54  0.17448E-006
      55  0.17687E-006
      56  0.17926E-006
      57  0.18165E-006
      58  0.18405E-006
      59  0.18644E-006
     641   0.0000     
     659  0.15374E-006
     660  0.17520E-009
     661  0.69781E-009
     662  0.15668E-008
     663  0.27752E-008
     664  0.43179E-008
     665  0.61845E-008
     666  0.83661E-008
     667  0.10849E-007
     668  0.13622E-007
     669  0.16667E-007
     670  0.19971E-007
     671  0.23516E-007
     672  0.27284E-007
     673  0.31256E-007
     674  0.35416E-007
     675  0.39742E-007
     676  0.44217E-007
     677  0.48821E-007
     678  0.53537E-007
     679  0.58345E-007
     680  0.63229E-007
     681  0.68171E-007
     682  0.73156E-007
     683  0.78169E-007
     684  0.83194E-007
     685  0.88220E-007
     686  0.93233E-007
     687  0.98224E-007
     688  0.10318E-006
     689  0.10810E-006
     690  0.11296E-006
     691  0.11777E-006
     692  0.12252E-006
     693  0.12720E-006
     694  0.13181E-006
     695  0.13635E-006
     696  0.14081E-006
     697  0.14519E-006
     698  0.14951E-006
    2274  0.11870E-006
    2275  0.11532E-006
    2276  0.11187E-006
    2277  0.10836E-006
    2278  0.10477E-006
    2279  0.10111E-006
    2280  0.97382E-007
    2281  0.93579E-007
    2282  0.89702E-007
    2283  0.85755E-007
    2284  0.81737E-007
    2285  0.77653E-007
    2286  0.73505E-007
    2287  0.69302E-007
    2288  0.65048E-007
    2289  0.60757E-007
    2290  0.56437E-007
    2291  0.52105E-007
    2292  0.47775E-007
    2293  0.43470E-007
    2294  0.39207E-007
    2295  0.35015E-007
    2296  0.30917E-007
    2297  0.26944E-007
    2298  0.23125E-007
    2299  0.19493E-007
    2300  0.16080E-007
    2301  0.12917E-007
    2302  0.10038E-007
    2303  0.74714E-008
    2304  0.52478E-008
    2305  0.33890E-008
    2306  0.19215E-008
    2307  0.85784E-009
    2308  0.21667E-009
    2309  0.15378E-006
    2310  0.15390E-006
    2311  0.15410E-006
    2312  0.15438E-006
    2313  0.15474E-006
    2314  0.15517E-006
    2315  0.15567E-006
    2316  0.15625E-006
    2317  0.15689E-006
    2318  0.15760E-006
    2319  0.15836E-006
    2320  0.15919E-006
    2321  0.16007E-006
    2322  0.16100E-006
    2323  0.16198E-006
    2324  0.16300E-006
    2325  0.16406E-006
    2326  0.16516E-006
    2327  0.16630E-006
    2328  0.16747E-006
    2329  0.16867E-006
    2330  0.16989E-006
    2331  0.17114E-006
    2332  0.17241E-006
    2333  0.17371E-006
    2334  0.17502E-006
    2335  0.17635E-006
    2336  0.17769E-006
    2337  0.17905E-006
    2338  0.18042E-006
    2339  0.18180E-006
    2340  0.18319E-006
    2341  0.18459E-006
    2342  0.18599E-006
    2343  0.18741E-006
    2344  0.14968E-006
    2345  0.15020E-006
    2346  0.15105E-006
    2347  0.15221E-006
    2348  0.15366E-006
    2349  0.15536E-006
    2350  0.15730E-006
    2351  0.15942E-006
    2352  0.16172E-006
    2353  0.16416E-006
    2354  0.16671E-006
    2355  0.16936E-006
    2356  0.17209E-006
    2357  0.17488E-006
    2358  0.17772E-006
    2359  0.18060E-006
    2360  0.18351E-006
    2361  0.14524E-006
    2362  0.14538E-006
    2363  0.14561E-006
    2364  0.14594E-006
    2365  0.14635E-006
    2366  0.14685E-006
    2367  0.14744E-006
    2368  0.14810E-006
    2369  0.14884E-006
    2370  0.14965E-006
    2371  0.15053E-006
    2372  0.15148E-006
    2373  0.15248E-006
    2374  0.15354E-006
    2375  0.15465E-006
    2376  0.15580E-006
    2377  0.15700E-006
    2378  0.15823E-006
    2379  0.15950E-006
    2380  0.16081E-006
    2381  0.16214E-006
    2382  0.16350E-006
    2383  0.16488E-006
    2384  0.16628E-006
    2385  0.16770E-006
    2386  0.16913E-006
    2387  0.17058E-006
    2388  0.17205E-006
    2389  0.17352E-006
    2390  0.17501E-006
    2391  0.17650E-006
    2392  0.17800E-006
    2393  0.17950E-006
    2394  0.18101E-006
    2395  0.18253E-006
    2396  0.14101E-006
    2397  0.14161E-006
    2398  0.14259E-006
    2399  0.14393E-006
    2400  0.14559E-006
    2401  0.14753E-006
    2402  0.14973E-006
    2403  0.15213E-006
    2404  0.15470E-006
    2405  0.15742E-006
    2406  0.16025E-006
    2407  0.16317E-006
    2408  0.16615E-006
    2409  0.16920E-006
    2410  0.17228E-006
    2411  0.17539E-006
    2412  0.17851E-006
    2413  0.13640E-006
    2414  0.13656E-006
    2415  0.13683E-006
    2416  0.13720E-006
    2417  0.13768E-006
    2418  0.13826E-006
    2419  0.13893E-006
    2420  0.13969E-006
    2421  0.14053E-006
    2422  0.14146E-006
    2423  0.14246E-006
    2424  0.14353E-006
    2425  0.14467E-006
    2426  0.14586E-006
    2427  0.14711E-006
    2428  0.14841E-006
    2429  0.14975E-006
    2430  0.15113E-006
    2431  0.15255E-006
    2432  0.15400E-006
    2433  0.15547E-006
    2434  0.15697E-006
    2435  0.15849E-006
    2436  0.16003E-006
    2437  0.16159E-006
    2438  0.16316E-006
    2439  0.16474E-006
    2440  0.16633E-006
    2441  0.16793E-006
    2442  0.16954E-006
    2443  0.17115E-006
    2444  0.17277E-006
    2445  0.17439E-006
    2446  0.17601E-006
    2447  0.17763E-006
    2448  0.13204E-006
    2449  0.13273E-006
    2450  0.13385E-006
    2451  0.13538E-006
    2452  0.13727E-006
    2453  0.13947E-006
    2454  0.14195E-006
    2455  0.14465E-006
    2456  0.14752E-006
    2457  0.15054E-006
    2458  0.15367E-006
    2459  0.15688E-006
    2460  0.16015E-006
    2461  0.16346E-006
    2462  0.16679E-006
    2463  0.17015E-006
    2464  0.17351E-006
    2465  0.12726E-006
    2466  0.12745E-006
    2467  0.12775E-006
    2468  0.12818E-006
    2469  0.12873E-006
    2470  0.12938E-006
    2471  0.13014E-006
    2472  0.13101E-006
    2473  0.13197E-006
    2474  0.13302E-006
    2475  0.13416E-006
    2476  0.13537E-006
    2477  0.13665E-006
    2478  0.13799E-006
    2479  0.13939E-006
    2480  0.14085E-006
    2481  0.14234E-006
    2482  0.14388E-006
    2483  0.14546E-006
    2484  0.14706E-006
    2485  0.14869E-006
    2486  0.15034E-006
    2487  0.15202E-006
    2488  0.15371E-006
    2489  0.15541E-006
    2490  0.15712E-006
    2491  0.15884E-006
    2492  0.16057E-006
    2493  0.16230E-006
    2494  0.16404E-006
    2495  0.16578E-006
    2496  0.16752E-006
    2497  0.16926E-006
    2498  0.17100E-006
    2499  0.17274E-006
    2500  0.12278E-006
    2501  0.12357E-006
    2502  0.12485E-006
    2503  0.12658E-006
    2504  0.12872E-006
    2505  0.13121E-006
    2506  0.13399E-006
    2507  0.13701E-006
    2508  0.14021E-006
    2509  0.14355E-006
    2510  0.14700E-006
    2511  0.15052E-006
    2512  0.15409E-006
    2513  0.15768E-006
    2514  0.16129E-006
    2515  0.16490E-006
    2516  0.16851E-006
    2517  0.11784E-006
    2518  0.11805E-006
    2519  0.11840E-006
    2520  0.11889E-006
    2521  0.11951E-006
    2522  0.12025E-006
    2523  0.12112E-006
    2524  0.12209E-006
    2525  0.12318E-006
    2526  0.12437E-006
    2527  0.12564E-006
    2528  0.12701E-006
    2529  0.12844E-006
    2530  0.12995E-006
    2531  0.13152E-006
    2532  0.13314E-006
    2533  0.13480E-006
    2534  0.13651E-006
    2535  0.13825E-006
    2536  0.14003E-006
    2537  0.14182E-006
    2538  0.14364E-006
    2539  0.14548E-006
    2540  0.14732E-006
    2541  0.14918E-006
    2542  0.15105E-006
    2543  0.15292E-006
    2544  0.15479E-006
    2545  0.15667E-006
    2546  0.15854E-006
    2547  0.16042E-006
    2548  0.16229E-006
    2549  0.16415E-006
    2550  0.16602E-006
    2551  0.16787E-006
    2552  0.11326E-006
    2553  0.11415E-006
    2554  0.11560E-006
    2555  0.11756E-006
    2556  0.11997E-006
    2557  0.12276E-006
    2558  0.12588E-006
    2559  0.12924E-006
    2560  0.13279E-006
    2561  0.13648E-006
    2562  0.14027E-006
    2563  0.14412E-006
    2564  0.14801E-006
    2565  0.15190E-006
    2566  0.15580E-006
    2567  0.15968E-006
    2568  0.16354E-006
    2569  0.10818E-006
    2570  0.10841E-006
    2571  0.10881E-006
    2572  0.10936E-006
    2573  0.11006E-006
    2574  0.11090E-006
    2575  0.11187E-006
    2576  0.11298E-006
    2577  0.11420E-006
    2578  0.11553E-006
    2579  0.11696E-006
    2580  0.11849E-006
    2581  0.12009E-006
    2582  0.12177E-006
    2583  0.12352E-006
    2584  0.12532E-006
    2585  0.12717E-006
    2586  0.12906E-006
    2587  0.13098E-006
    2588  0.13293E-006
    2589  0.13491E-006
    2590  0.13690E-006
    2591  0.13891E-006
    2592  0.14092E-006
    2593  0.14294E-006
    2594  0.14497E-006
    2595  0.14700E-006
    2596  0.14902E-006
    2597  0.15105E-006
    2598  0.15307E-006
    2599  0.15508E-006
    2600  0.15709E-006
    2601  0.15908E-006
    2602  0.16107E-006
    2603  0.16306E-006
    2604  0.10352E-006
    2605  0.10452E-006
    2606  0.10615E-006
    2607  0.10835E-006
    2608  0.11106E-006
    2609  0.11418E-006
    2610  0.11765E-006
    2611  0.12138E-006
    2612  0.12531E-006
    2613  0.12937E-006
    2614  0.13353E-006
    2615  0.13772E-006
    2616  0.14194E-006
    2617  0.14615E-006
    2618  0.15035E-006
    2619  0.15451E-006
    2620  0.15863E-006
    2621  0.98314E-007
    2622  0.98582E-007
    2623  0.99028E-007
    2624  0.99645E-007
    2625  0.10043E-006
    2626  0.10137E-006
    2627  0.10247E-006
    2628  0.10370E-006
    2629  0.10507E-006
    2630  0.10656E-006
    2631  0.10816E-006
    2632  0.10986E-006
    2633  0.11165E-006
    2634  0.11351E-006
    2635  0.11545E-006
    2636  0.11744E-006
    2637  0.11948E-006
    2638  0.12156E-006
    2639  0.12368E-006
    2640  0.12582E-006
    2641  0.12798E-006
    2642  0.13016E-006
    2643  0.13234E-006
    2644  0.13454E-006
    2645  0.13673E-006
    2646  0.13892E-006
    2647  0.14111E-006
    2648  0.14330E-006
    2649  0.14548E-006
    2650  0.14765E-006
    2651  0.14980E-006
    2652  0.15195E-006
    2653  0.15409E-006
    2654  0.15621E-006
    2655  0.15832E-006
    2656  0.93613E-007
    2657  0.94737E-007
    2658  0.96563E-007
    2659  0.99026E-007
    2660  0.10204E-006
    2661  0.10552E-006
    2662  0.10937E-006
    2663  0.11349E-006
    2664  0.11781E-006
    2665  0.12227E-006
    2666  0.12680E-006
    2667  0.13136E-006
    2668  0.13593E-006
    2669  0.14047E-006
    2670  0.14497E-006
    2671  0.14942E-006
    2672  0.15381E-006
    2673  0.88321E-007
    2674  0.88621E-007
    2675  0.89119E-007
    2676  0.89809E-007
    2677  0.90685E-007
    2678  0.91738E-007
    2679  0.92959E-007
    2680  0.94336E-007
    2681  0.95860E-007
    2682  0.97516E-007
    2683  0.99292E-007
    2684  0.10118E-006
    2685  0.10316E-006
    2686  0.10522E-006
    2687  0.10735E-006
    2688  0.10955E-006
    2689  0.11179E-006
    2690  0.11408E-006
    2691  0.11639E-006
    2692  0.11873E-006
    2693  0.12109E-006
    2694  0.12346E-006
    2695  0.12583E-006
    2696  0.12821E-006
    2697  0.13058E-006
    2698  0.13295E-006
    2699  0.13531E-006
    2700  0.13766E-006
    2701  0.14000E-006
    2702  0.14232E-006
    2703  0.14462E-006
    2704  0.14692E-006
    2705  0.14919E-006
    2706  0.15144E-006
    2707  0.15368E-006
    2708  0.83618E-007
    2709  0.84871E-007
    2710  0.86905E-007
    2711  0.89643E-007
    2712  0.92990E-007
    2713  0.96839E-007
    2714  0.10108E-006
    2715  0.10562E-006
    2716  0.11036E-006
    2717  0.11522E-006
    2718  0.12015E-006
    2719  0.12509E-006
    2720  0.13001E-006
    2721  0.13489E-006
    2722  0.13970E-006
    2723  0.14445E-006
    2724  0.14911E-006
    2725  0.78281E-007
    2726  0.78615E-007
    2727  0.79169E-007
    2728  0.79935E-007
    2729  0.80908E-007
    2730  0.82077E-007
    2731  0.83431E-007
    2732  0.84958E-007
    2733  0.86644E-007
    2734  0.88475E-007
    2735  0.90437E-007
    2736  0.92516E-007
    2737  0.94697E-007
    2738  0.96965E-007
    2739  0.99308E-007
    2740  0.10171E-006
    2741  0.10417E-006
    2742  0.10666E-006
    2743  0.10919E-006
    2744  0.11174E-006
    2745  0.11430E-006
    2746  0.11686E-006
    2747  0.11943E-006
    2748  0.12200E-006
    2749  0.12455E-006
    2750  0.12710E-006
    2751  0.12963E-006
    2752  0.13215E-006
    2753  0.13465E-006
    2754  0.13712E-006
    2755  0.13958E-006
    2756  0.14202E-006
    2757  0.14443E-006
    2758  0.14682E-006
    2759  0.14919E-006
    2760  0.73625E-007
    2761  0.75014E-007
    2762  0.77265E-007
    2763  0.80291E-007
    2764  0.83983E-007
    2765  0.88219E-007
    2766  0.92877E-007
    2767  0.97840E-007
    2768  0.10301E-006
    2769  0.10829E-006
    2770  0.11362E-006
    2771  0.11895E-006
    2772  0.12424E-006
    2773  0.12945E-006
    2774  0.13459E-006
    2775  0.13963E-006
    2776  0.14457E-006
    2777  0.68296E-007
    2778  0.68664E-007
    2779  0.69276E-007
    2780  0.70122E-007
    2781  0.71196E-007
    2782  0.72485E-007
    2783  0.73977E-007
    2784  0.75658E-007
    2785  0.77513E-007
    2786  0.79526E-007
    2787  0.81681E-007
    2788  0.83960E-007
    2789  0.86348E-007
    2790  0.88829E-007
    2791  0.91387E-007
    2792  0.94009E-007
    2793  0.96682E-007
    2794  0.99393E-007
    2795  0.10213E-006
    2796  0.10489E-006
    2797  0.10766E-006
    2798  0.11043E-006
    2799  0.11319E-006
    2800  0.11595E-006
    2801  0.11869E-006
    2802  0.12142E-006
    2803  0.12412E-006
    2804  0.12681E-006
    2805  0.12947E-006
    2806  0.13210E-006
    2807  0.13471E-006
    2808  0.13729E-006
    2809  0.13985E-006
    2810  0.14237E-006
    2811  0.14487E-006
    2812  0.63745E-007
    2813  0.65273E-007
    2814  0.67748E-007
    2815  0.71071E-007
    2816  0.75117E-007
    2817  0.79750E-007
    2818  0.84832E-007
    2819  0.90231E-007
    2820  0.95834E-007
    2821  0.10154E-006
    2822  0.10729E-006
    2823  0.11301E-006
    2824  0.11866E-006
    2825  0.12422E-006
    2826  0.12967E-006
    2827  0.13501E-006
    2828  0.14023E-006
    2829  0.58481E-007
    2830  0.58886E-007
    2831  0.59557E-007
    2832  0.60484E-007
    2833  0.61661E-007
    2834  0.63072E-007
    2835  0.64706E-007
    2836  0.66545E-007
    2837  0.68573E-007
    2838  0.70770E-007
    2839  0.73120E-007
    2840  0.75604E-007
    2841  0.78202E-007
    2842  0.80899E-007
    2843  0.83676E-007
    2844  0.86518E-007
    2845  0.89410E-007
    2846  0.92340E-007
    2847  0.95295E-007
    2848  0.98265E-007
    2849  0.10124E-006
    2850  0.10421E-006
    2851  0.10718E-006
    2852  0.11013E-006
    2853  0.11305E-006
    2854  0.11596E-006
    2855  0.11884E-006
    2856  0.12169E-006
    2857  0.12451E-006
    2858  0.12730E-006
    2859  0.13006E-006
    2860  0.13279E-006
    2861  0.13548E-006
    2862  0.13814E-006
    2863  0.14076E-006
    2864  0.54101E-007
    2865  0.55771E-007
    2866  0.58472E-007
    2867  0.62095E-007
    2868  0.66500E-007
    2869  0.71534E-007
    2870  0.77042E-007
    2871  0.82880E-007
    2872  0.88921E-007
    2873  0.95059E-007
    2874  0.10121E-006
    2875  0.10732E-006
    2876  0.11333E-006
    2877  0.11923E-006
    2878  0.12500E-006
    2879  0.13063E-006
    2880  0.13611E-006
    2881  0.48970E-007
    2882  0.49410E-007
    2883  0.50140E-007
    2884  0.51150E-007
    2885  0.52430E-007
    2886  0.53964E-007
    2887  0.55740E-007
    2888  0.57737E-007
    2889  0.59937E-007
    2890  0.62320E-007
    2891  0.64866E-007
    2892  0.67553E-007
    2893  0.70362E-007
    2894  0.73274E-007
    2895  0.76268E-007
    2896  0.79330E-007
    2897  0.82440E-007
    2898  0.85587E-007
    2899  0.88756E-007
    2900  0.91937E-007
    2901  0.95117E-007
    2902  0.98291E-007
    2903  0.10145E-006
    2904  0.10459E-006
    2905  0.10770E-006
    2906  0.11078E-006
    2907  0.11383E-006
    2908  0.11685E-006
    2909  0.11983E-006
    2910  0.12277E-006
    2911  0.12567E-006
    2912  0.12854E-006
    2913  0.13136E-006
    2914  0.13415E-006
    2915  0.13690E-006
    2916  0.44829E-007
    2917  0.46639E-007
    2918  0.49566E-007
    2919  0.53486E-007
    2920  0.58247E-007
    2921  0.63678E-007
    2922  0.69608E-007
    2923  0.75879E-007
    2924  0.82351E-007
    2925  0.88909E-007
    2926  0.95462E-007
    2927  0.10195E-006
    2928  0.10832E-006
    2929  0.11455E-006
    2930  0.12062E-006
    2931  0.12653E-006
    2932  0.13227E-006
    2933  0.39902E-007
    2934  0.40378E-007
    2935  0.41167E-007
    2936  0.42257E-007
    2937  0.43638E-007
    2938  0.45294E-007
    2939  0.47209E-007
    2940  0.49361E-007
    2941  0.51731E-007
    2942  0.54296E-007
    2943  0.57033E-007
    2944  0.59921E-007
    2945  0.62936E-007
    2946  0.66058E-007
    2947  0.69265E-007
    2948  0.72540E-007
    2949  0.75864E-007
    2950  0.79222E-007
    2951  0.82599E-007
    2952  0.85985E-007
    2953  0.89365E-007
    2954  0.92734E-007
    2955  0.96081E-007
    2956  0.99402E-007
    2957  0.10269E-006
    2958  0.10595E-006
    2959  0.10916E-006
    2960  0.11233E-006
    2961  0.11546E-006
    2962  0.11855E-006
    2963  0.12159E-006
    2964  0.12459E-006
    2965  0.12755E-006
    2966  0.13046E-006
    2967  0.13332E-006
    2968  0.36074E-007
    2969  0.38021E-007
    2970  0.41167E-007
    2971  0.45377E-007
    2972  0.50482E-007
    2973  0.56297E-007
    2974  0.62637E-007
    2975  0.69326E-007
    2976  0.76213E-007
    2977  0.83175E-007
    2978  0.90114E-007
    2979  0.96962E-007
    2980  0.10367E-006
    2981  0.11021E-006
    2982  0.11657E-006
    2983  0.12274E-006
    2984  0.12873E-006
    2985  0.31428E-007
    2986  0.31938E-007
    2987  0.32783E-007
    2988  0.33950E-007
    2989  0.35429E-007
    2990  0.37201E-007
    2991  0.39249E-007
    2992  0.41550E-007
    2993  0.44083E-007
    2994  0.46822E-007
    2995  0.49743E-007
    2996  0.52822E-007
    2997  0.56035E-007
    2998  0.59358E-007
    2999  0.62768E-007
    3000  0.66248E-007
    3001  0.69775E-007
    3002  0.73334E-007
    3003  0.76910E-007
    3004  0.80489E-007
    3005  0.84059E-007
    3006  0.87613E-007
    3007  0.91139E-007
    3008  0.94634E-007
    3009  0.98089E-007
    3010  0.10150E-006
    3011  0.10487E-006
    3012  0.10819E-006
    3013  0.11147E-006
    3014  0.11469E-006
    3015  0.11787E-006
    3016  0.12099E-006
    3017  0.12406E-006
    3018  0.12709E-006
    3019  0.13006E-006
    3020  0.27987E-007
    3021  0.30062E-007
    3022  0.33416E-007
    3023  0.37900E-007
    3024  0.43331E-007
    3025  0.49510E-007
    3026  0.56235E-007
    3027  0.63318E-007
    3028  0.70597E-007
    3029  0.77938E-007
    3030  0.85238E-007
    3031  0.92426E-007
    3032  0.99450E-007
    3033  0.10628E-006
    3034  0.11291E-006
    3035  0.11933E-006
    3036  0.12554E-006
    3037  0.23698E-007
    3038  0.24239E-007
    3039  0.25137E-007
    3040  0.26376E-007
    3041  0.27947E-007
    3042  0.29827E-007
    3043  0.32000E-007
    3044  0.34440E-007
    3045  0.37124E-007
    3046  0.40025E-007
    3047  0.43118E-007
    3048  0.46375E-007
    3049  0.49771E-007
    3050  0.53281E-007
    3051  0.56881E-007
    3052  0.60550E-007
    3053  0.64265E-007
    3054  0.68012E-007
    3055  0.71770E-007
    3056  0.75530E-007
    3057  0.79276E-007
    3058  0.83000E-007
    3059  0.86691E-007
    3060  0.90345E-007
    3061  0.93955E-007
    3062  0.97517E-007
    3063  0.10103E-006
    3064  0.10449E-006
    3065  0.10789E-006
    3066  0.11124E-006
    3067  0.11453E-006
    3068  0.11777E-006
    3069  0.12095E-006
    3070  0.12408E-006
    3071  0.12716E-006
    3072  0.20715E-007
    3073  0.22909E-007
    3074  0.26453E-007
    3075  0.31189E-007
    3076  0.36920E-007
    3077  0.43432E-007
    3078  0.50510E-007
    3079  0.57953E-007
    3080  0.65589E-007
    3081  0.73276E-007
    3082  0.80905E-007
    3083  0.88401E-007
    3084  0.95712E-007
    3085  0.10281E-006
    3086  0.10968E-006
    3087  0.11632E-006
    3088  0.12273E-006
    3089  0.16860E-007
    3090  0.17429E-007
    3091  0.18374E-007
    3092  0.19678E-007
    3093  0.21331E-007
    3094  0.23310E-007
    3095  0.25595E-007
    3096  0.28160E-007
    3097  0.30981E-007
    3098  0.34029E-007
    3099  0.37275E-007
    3100  0.40693E-007
    3101  0.44254E-007
    3102  0.47932E-007
    3103  0.51702E-007
    3104  0.55541E-007
    3105  0.59425E-007
    3106  0.63339E-007
    3107  0.67263E-007
    3108  0.71184E-007
    3109  0.75086E-007
    3110  0.78963E-007
    3111  0.82802E-007
    3112  0.86598E-007
    3113  0.90345E-007
    3114  0.94039E-007
    3115  0.97677E-007
    3116  0.10126E-006
    3117  0.10478E-006
    3118  0.10823E-006
    3119  0.11163E-006
    3120  0.11497E-006
    3121  0.11825E-006
    3122  0.12148E-006
    3123  0.12464E-006
    3124  0.14401E-007
    3125  0.16701E-007
    3126  0.20413E-007
    3127  0.25371E-007
    3128  0.31366E-007
    3129  0.38172E-007
    3130  0.45562E-007
    3131  0.53322E-007
    3132  0.61272E-007
    3133  0.69263E-007
    3134  0.77180E-007
    3135  0.84946E-007
    3136  0.92507E-007
    3137  0.99834E-007
    3138  0.10691E-006
    3139  0.11374E-006
    3140  0.12033E-006
    3141  0.11050E-007
    3142  0.11644E-007
    3143  0.12630E-007
    3144  0.13991E-007
    3145  0.15714E-007
    3146  0.17777E-007
    3147  0.20160E-007
    3148  0.22833E-007
    3149  0.25772E-007
    3150  0.28945E-007
    3151  0.32325E-007
    3152  0.35881E-007
    3153  0.39584E-007
    3154  0.43408E-007
    3155  0.47323E-007
    3156  0.51308E-007
    3157  0.55339E-007
    3158  0.59396E-007
    3159  0.63461E-007
    3160  0.67520E-007
    3161  0.71558E-007
    3162  0.75565E-007
    3163  0.79530E-007
    3164  0.83449E-007
    3165  0.87312E-007
    3166  0.91119E-007
    3167  0.94864E-007
    3168  0.98547E-007
    3169  0.10217E-006
    3170  0.10572E-006
    3171  0.10921E-006
    3172  0.11263E-006
    3173  0.11600E-006
    3174  0.11930E-006
    3175  0.12254E-006
    3176  0.91754E-008
    3177  0.11564E-007
    3178  0.15417E-007
    3179  0.20561E-007
    3180  0.26779E-007
    3181  0.33832E-007
    3182  0.41482E-007
    3183  0.49508E-007
    3184  0.57721E-007
    3185  0.65965E-007
    3186  0.74123E-007
    3187  0.82113E-007
    3188  0.89882E-007
    3189  0.97401E-007
    3190  0.10466E-006
    3191  0.11164E-006
    3192  0.11838E-006
    3193  0.63921E-008
    3194  0.70063E-008
    3195  0.80254E-008
    3196  0.94315E-008
    3197  0.11213E-007
    3198  0.13344E-007
    3199  0.15806E-007
    3200  0.18567E-007
    3201  0.21601E-007
    3202  0.24877E-007
    3203  0.28365E-007
    3204  0.32033E-007
    3205  0.35851E-007
    3206  0.39792E-007
    3207  0.43826E-007
    3208  0.47930E-007
    3209  0.52078E-007
    3210  0.56252E-007
    3211  0.60431E-007
    3212  0.64602E-007
    3213  0.68748E-007
    3214  0.72860E-007
    3215  0.76928E-007
    3216  0.80944E-007
    3217  0.84903E-007
    3218  0.88800E-007
    3219  0.92632E-007
    3220  0.96398E-007
    3221  0.10010E-006
    3222  0.10373E-006
    3223  0.10729E-006
    3224  0.11078E-006
    3225  0.11421E-006
    3226  0.11757E-006
    3227  0.12087E-006
    3228  0.51505E-008
    3229  0.76076E-008
    3230  0.11571E-007
    3231  0.16861E-007
    3232  0.23251E-007
    3233  0.30496E-007
    3234  0.38348E-007
    3235  0.46581E-007
    3236  0.54998E-007
    3237  0.63438E-007
    3238  0.71783E-007
    3239  0.79947E-007
    3240  0.87877E-007
    3241  0.95543E-007
    3242  0.10293E-006
    3243  0.11005E-006
    3244  0.11689E-006
    3245  0.29877E-008
    3246  0.36168E-008
    3247  0.46603E-008
    3248  0.61002E-008
    3249  0.79241E-008
    3250  0.10106E-007
    3251  0.12626E-007
    3252  0.15451E-007
    3253  0.18556E-007
    3254  0.21908E-007
    3255  0.25475E-007
    3256  0.29226E-007
    3257  0.33129E-007
    3258  0.37156E-007
    3259  0.41277E-007
    3260  0.45468E-007
    3261  0.49703E-007
    3262  0.53963E-007
    3263  0.58226E-007
    3264  0.62479E-007
    3265  0.66705E-007
    3266  0.70895E-007
    3267  0.75037E-007
    3268  0.79126E-007
    3269  0.83153E-007
    3270  0.87117E-007
    3271  0.91013E-007
    3272  0.94840E-007
    3273  0.98595E-007
    3274  0.10228E-006
    3275  0.10589E-006
    3276  0.10944E-006
    3277  0.11292E-006
    3278  0.11633E-006
    3279  0.11967E-006
    3280  0.24154E-008
    3281  0.49196E-008
    3282  0.89589E-008
    3283  0.14348E-007
    3284  0.20856E-007
    3285  0.28232E-007
    3286  0.36223E-007
    3287  0.44597E-007
    3288  0.53153E-007
    3289  0.61728E-007
    3290  0.70200E-007
    3291  0.78483E-007
    3292  0.86523E-007
    3293  0.94290E-007
    3294  0.10177E-006
    3295  0.10897E-006
    3296  0.11589E-006
    3297  0.91345E-009
    3298  0.15516E-008
    3299  0.26102E-008
    3300  0.40707E-008
    3301  0.59207E-008
    3302  0.81339E-008
    3303  0.10689E-007
    3304  0.13554E-007
    3305  0.16703E-007
    3306  0.20100E-007
    3307  0.23716E-007
    3308  0.27518E-007
    3309  0.31473E-007
    3310  0.35553E-007
    3311  0.39727E-007
    3312  0.43972E-007
    3313  0.48260E-007
    3314  0.52572E-007
    3315  0.56886E-007
    3316  0.61190E-007
    3317  0.65464E-007
    3318  0.69702E-007
    3319  0.73890E-007
    3320  0.78023E-007
    3321  0.82092E-007
    3322  0.86097E-007
    3323  0.90031E-007
    3324  0.93895E-007
    3325  0.97686E-007
    3326  0.10141E-006
    3327  0.10505E-006
    3328  0.10863E-006
    3329  0.11213E-006
    3330  0.11557E-006
    3331  0.11894E-006
    3332  0.10320E-008
    3333  0.35601E-008
    3334  0.76377E-008
    3335  0.13077E-007
    3336  0.19646E-007
    3337  0.27088E-007
    3338  0.35150E-007
    3339  0.43596E-007
    3340  0.52222E-007
    3341  0.60866E-007
    3342  0.69402E-007
    3343  0.77745E-007
    3344  0.85841E-007
    3345  0.93658E-007
    3346  0.10119E-006
    3347  0.10842E-006
    3348  0.11538E-006
