       1  0.13063E-008
      20  0.84421E-009
      21  0.84459E-009
      22  0.84581E-009
      23  0.84784E-009
      24  0.85068E-009
      25  0.85430E-009
      26  0.85872E-009
      27  0.86390E-009
      28  0.86983E-009
      29  0.87650E-009
      30  0.88389E-009
      31  0.89197E-009
      32  0.90073E-009
      33  0.91014E-009
      34  0.92017E-009
      35  0.93079E-009
      36  0.94198E-009
      37  0.95371E-009
      38  0.96595E-009
      39  0.97868E-009
      40  0.99185E-009
      41  0.10054E-008
      42  0.10194E-008
      43  0.10338E-008
      44  0.10484E-008
      45  0.10634E-008
      46  0.10786E-008
      47  0.10941E-008
      48  0.11098E-008
      49  0.11257E-008
      50  0.11417E-008
      51  0.11579E-008
      52  0.11742E-008
      53  0.11906E-008
      54  0.12071E-008
      55  0.12236E-008
      56  0.12402E-008
      57  0.12568E-008
      58  0.12733E-008
      59  0.12898E-008
     641   0.0000     
     659  0.10637E-008
     660  0.12124E-011
     661  0.48289E-011
     662  0.10842E-010
     663  0.19204E-010
     664  0.29880E-010
     665  0.42797E-010
     666  0.57894E-010
     667  0.75076E-010
     668  0.94261E-010
     669  0.11534E-009
     670  0.13820E-009
     671  0.16272E-009
     672  0.18880E-009
     673  0.21629E-009
     674  0.24506E-009
     675  0.27500E-009
     676  0.30596E-009
     677  0.33782E-009
     678  0.37045E-009
     679  0.40372E-009
     680  0.43751E-009
     681  0.47170E-009
     682  0.50619E-009
     683  0.54087E-009
     684  0.57564E-009
     685  0.61041E-009
     686  0.64509E-009
     687  0.67962E-009
     688  0.71391E-009
     689  0.74792E-009
     690  0.78158E-009
     691  0.81485E-009
     692  0.84768E-009
     693  0.88006E-009
     694  0.91196E-009
     695  0.94334E-009
     696  0.97420E-009
     697  0.10045E-008
     698  0.10344E-008
    2274  0.82127E-009
    2275  0.79788E-009
    2276  0.77404E-009
    2277  0.74972E-009
    2278  0.72491E-009
    2279  0.69961E-009
    2280  0.67380E-009
    2281  0.64749E-009
    2282  0.62068E-009
    2283  0.59337E-009
    2284  0.56557E-009
    2285  0.53731E-009
    2286  0.50862E-009
    2287  0.47954E-009
    2288  0.45011E-009
    2289  0.42042E-009
    2290  0.39053E-009
    2291  0.36056E-009
    2292  0.33060E-009
    2293  0.30080E-009
    2294  0.27131E-009
    2295  0.24230E-009
    2296  0.21395E-009
    2297  0.18646E-009
    2298  0.16003E-009
    2299  0.13490E-009
    2300  0.11128E-009
    2301  0.89392E-010
    2302  0.69470E-010
    2303  0.51706E-010
    2304  0.36317E-010
    2305  0.23454E-010
    2306  0.13298E-010
    2307  0.59367E-011
    2308  0.14995E-011
    2309  0.10640E-008
    2310  0.10648E-008
    2311  0.10662E-008
    2312  0.10681E-008
    2313  0.10706E-008
    2314  0.10736E-008
    2315  0.10770E-008
    2316  0.10810E-008
    2317  0.10855E-008
    2318  0.10903E-008
    2319  0.10956E-008
    2320  0.11013E-008
    2321  0.11074E-008
    2322  0.11139E-008
    2323  0.11206E-008
    2324  0.11277E-008
    2325  0.11351E-008
    2326  0.11427E-008
    2327  0.11505E-008
    2328  0.11586E-008
    2329  0.11669E-008
    2330  0.11754E-008
    2331  0.11840E-008
    2332  0.11928E-008
    2333  0.12018E-008
    2334  0.12109E-008
    2335  0.12201E-008
    2336  0.12294E-008
    2337  0.12387E-008
    2338  0.12482E-008
    2339  0.12578E-008
    2340  0.12674E-008
    2341  0.12770E-008
    2342  0.12868E-008
    2343  0.12965E-008
    2344  0.10356E-008
    2345  0.10392E-008
    2346  0.10451E-008
    2347  0.10531E-008
    2348  0.10631E-008
    2349  0.10749E-008
    2350  0.10883E-008
    2351  0.11030E-008
    2352  0.11189E-008
    2353  0.11357E-008
    2354  0.11534E-008
    2355  0.11717E-008
    2356  0.11906E-008
    2357  0.12099E-008
    2358  0.12295E-008
    2359  0.12495E-008
    2360  0.12696E-008
    2361  0.10049E-008
    2362  0.10058E-008
    2363  0.10075E-008
    2364  0.10097E-008
    2365  0.10126E-008
    2366  0.10160E-008
    2367  0.10201E-008
    2368  0.10247E-008
    2369  0.10298E-008
    2370  0.10354E-008
    2371  0.10415E-008
    2372  0.10480E-008
    2373  0.10550E-008
    2374  0.10623E-008
    2375  0.10699E-008
    2376  0.10779E-008
    2377  0.10862E-008
    2378  0.10947E-008
    2379  0.11035E-008
    2380  0.11125E-008
    2381  0.11218E-008
    2382  0.11311E-008
    2383  0.11407E-008
    2384  0.11504E-008
    2385  0.11602E-008
    2386  0.11701E-008
    2387  0.11802E-008
    2388  0.11903E-008
    2389  0.12005E-008
    2390  0.12108E-008
    2391  0.12211E-008
    2392  0.12315E-008
    2393  0.12419E-008
    2394  0.12523E-008
    2395  0.12628E-008
    2396  0.97560E-009
    2397  0.97975E-009
    2398  0.98654E-009
    2399  0.99579E-009
    2400  0.10073E-008
    2401  0.10207E-008
    2402  0.10359E-008
    2403  0.10525E-008
    2404  0.10703E-008
    2405  0.10891E-008
    2406  0.11087E-008
    2407  0.11289E-008
    2408  0.11495E-008
    2409  0.11706E-008
    2410  0.11919E-008
    2411  0.12134E-008
    2412  0.12350E-008
    2413  0.94372E-009
    2414  0.94484E-009
    2415  0.94670E-009
    2416  0.94929E-009
    2417  0.95258E-009
    2418  0.95656E-009
    2419  0.96119E-009
    2420  0.96645E-009
    2421  0.97230E-009
    2422  0.97871E-009
    2423  0.98564E-009
    2424  0.99305E-009
    2425  0.10009E-008
    2426  0.10092E-008
    2427  0.10178E-008
    2428  0.10268E-008
    2429  0.10361E-008
    2430  0.10456E-008
    2431  0.10554E-008
    2432  0.10654E-008
    2433  0.10756E-008
    2434  0.10860E-008
    2435  0.10965E-008
    2436  0.11072E-008
    2437  0.11180E-008
    2438  0.11288E-008
    2439  0.11398E-008
    2440  0.11508E-008
    2441  0.11618E-008
    2442  0.11730E-008
    2443  0.11841E-008
    2444  0.11953E-008
    2445  0.12065E-008
    2446  0.12177E-008
    2447  0.12290E-008
    2448  0.91356E-009
    2449  0.91832E-009
    2450  0.92609E-009
    2451  0.93666E-009
    2452  0.94973E-009
    2453  0.96499E-009
    2454  0.98211E-009
    2455  0.10008E-008
    2456  0.10207E-008
    2457  0.10415E-008
    2458  0.10632E-008
    2459  0.10854E-008
    2460  0.11080E-008
    2461  0.11309E-008
    2462  0.11540E-008
    2463  0.11772E-008
    2464  0.12004E-008
    2465  0.88050E-009
    2466  0.88178E-009
    2467  0.88391E-009
    2468  0.88686E-009
    2469  0.89063E-009
    2470  0.89516E-009
    2471  0.90044E-009
    2472  0.90643E-009
    2473  0.91308E-009
    2474  0.92035E-009
    2475  0.92819E-009
    2476  0.93657E-009
    2477  0.94543E-009
    2478  0.95473E-009
    2479  0.96442E-009
    2480  0.97447E-009
    2481  0.98483E-009
    2482  0.99548E-009
    2483  0.10064E-008
    2484  0.10175E-008
    2485  0.10287E-008
    2486  0.10402E-008
    2487  0.10517E-008
    2488  0.10634E-008
    2489  0.10752E-008
    2490  0.10871E-008
    2491  0.10990E-008
    2492  0.11109E-008
    2493  0.11229E-008
    2494  0.11349E-008
    2495  0.11470E-008
    2496  0.11590E-008
    2497  0.11711E-008
    2498  0.11831E-008
    2499  0.11951E-008
    2500  0.84951E-009
    2501  0.85494E-009
    2502  0.86379E-009
    2503  0.87578E-009
    2504  0.89059E-009
    2505  0.90781E-009
    2506  0.92704E-009
    2507  0.94792E-009
    2508  0.97007E-009
    2509  0.99320E-009
    2510  0.10170E-008
    2511  0.10414E-008
    2512  0.10661E-008
    2513  0.10909E-008
    2514  0.11159E-008
    2515  0.11409E-008
    2516  0.11658E-008
    2517  0.81534E-009
    2518  0.81680E-009
    2519  0.81922E-009
    2520  0.82258E-009
    2521  0.82685E-009
    2522  0.83200E-009
    2523  0.83798E-009
    2524  0.84476E-009
    2525  0.85227E-009
    2526  0.86048E-009
    2527  0.86932E-009
    2528  0.87874E-009
    2529  0.88868E-009
    2530  0.89910E-009
    2531  0.90994E-009
    2532  0.92115E-009
    2533  0.93268E-009
    2534  0.94449E-009
    2535  0.95655E-009
    2536  0.96881E-009
    2537  0.98124E-009
    2538  0.99382E-009
    2539  0.10065E-008
    2540  0.10193E-008
    2541  0.10321E-008
    2542  0.10450E-008
    2543  0.10580E-008
    2544  0.10709E-008
    2545  0.10839E-008
    2546  0.10969E-008
    2547  0.11098E-008
    2548  0.11228E-008
    2549  0.11357E-008
    2550  0.11486E-008
    2551  0.11614E-008
    2552  0.78365E-009
    2553  0.78980E-009
    2554  0.79982E-009
    2555  0.81337E-009
    2556  0.83005E-009
    2557  0.84939E-009
    2558  0.87092E-009
    2559  0.89418E-009
    2560  0.91876E-009
    2561  0.94431E-009
    2562  0.97051E-009
    2563  0.99714E-009
    2564  0.10240E-008
    2565  0.10510E-008
    2566  0.10779E-008
    2567  0.11048E-008
    2568  0.11314E-008
    2569  0.74847E-009
    2570  0.75012E-009
    2571  0.75286E-009
    2572  0.75666E-009
    2573  0.76149E-009
    2574  0.76730E-009
    2575  0.77404E-009
    2576  0.78167E-009
    2577  0.79013E-009
    2578  0.79935E-009
    2579  0.80926E-009
    2580  0.81981E-009
    2581  0.83092E-009
    2582  0.84255E-009
    2583  0.85461E-009
    2584  0.86707E-009
    2585  0.87985E-009
    2586  0.89292E-009
    2587  0.90623E-009
    2588  0.91973E-009
    2589  0.93339E-009
    2590  0.94717E-009
    2591  0.96105E-009
    2592  0.97500E-009
    2593  0.98898E-009
    2594  0.10030E-008
    2595  0.10170E-008
    2596  0.10310E-008
    2597  0.10450E-008
    2598  0.10590E-008
    2599  0.10729E-008
    2600  0.10868E-008
    2601  0.11006E-008
    2602  0.11144E-008
    2603  0.11281E-008
    2604  0.71625E-009
    2605  0.72319E-009
    2606  0.73447E-009
    2607  0.74970E-009
    2608  0.76841E-009
    2609  0.79003E-009
    2610  0.81402E-009
    2611  0.83984E-009
    2612  0.86701E-009
    2613  0.89512E-009
    2614  0.92383E-009
    2615  0.95288E-009
    2616  0.98204E-009
    2617  0.10112E-008
    2618  0.10402E-008
    2619  0.10690E-008
    2620  0.10975E-008
    2621  0.68024E-009
    2622  0.68210E-009
    2623  0.68518E-009
    2624  0.68945E-009
    2625  0.69487E-009
    2626  0.70140E-009
    2627  0.70897E-009
    2628  0.71752E-009
    2629  0.72698E-009
    2630  0.73729E-009
    2631  0.74835E-009
    2632  0.76011E-009
    2633  0.77248E-009
    2634  0.78539E-009
    2635  0.79877E-009
    2636  0.81255E-009
    2637  0.82667E-009
    2638  0.84107E-009
    2639  0.85570E-009
    2640  0.87052E-009
    2641  0.88547E-009
    2642  0.90053E-009
    2643  0.91566E-009
    2644  0.93082E-009
    2645  0.94600E-009
    2646  0.96118E-009
    2647  0.97633E-009
    2648  0.99145E-009
    2649  0.10065E-008
    2650  0.10215E-008
    2651  0.10364E-008
    2652  0.10513E-008
    2653  0.10661E-008
    2654  0.10807E-008
    2655  0.10953E-008
    2656  0.64772E-009
    2657  0.65550E-009
    2658  0.66813E-009
    2659  0.68517E-009
    2660  0.70604E-009
    2661  0.73010E-009
    2662  0.75670E-009
    2663  0.78524E-009
    2664  0.81515E-009
    2665  0.84597E-009
    2666  0.87731E-009
    2667  0.90887E-009
    2668  0.94044E-009
    2669  0.97185E-009
    2670  0.10030E-008
    2671  0.10338E-008
    2672  0.10642E-008
    2673  0.61111E-009
    2674  0.61319E-009
    2675  0.61663E-009
    2676  0.62140E-009
    2677  0.62747E-009
    2678  0.63475E-009
    2679  0.64320E-009
    2680  0.65273E-009
    2681  0.66327E-009
    2682  0.67472E-009
    2683  0.68702E-009
    2684  0.70005E-009
    2685  0.71375E-009
    2686  0.72802E-009
    2687  0.74278E-009
    2688  0.75796E-009
    2689  0.77349E-009
    2690  0.78930E-009
    2691  0.80532E-009
    2692  0.82151E-009
    2693  0.83782E-009
    2694  0.85421E-009
    2695  0.87064E-009
    2696  0.88707E-009
    2697  0.90349E-009
    2698  0.91987E-009
    2699  0.93619E-009
    2700  0.95244E-009
    2701  0.96860E-009
    2702  0.98466E-009
    2703  0.10006E-008
    2704  0.10165E-008
    2705  0.10322E-008
    2706  0.10478E-008
    2707  0.10633E-008
    2708  0.57857E-009
    2709  0.58724E-009
    2710  0.60131E-009
    2711  0.62026E-009
    2712  0.64341E-009
    2713  0.67004E-009
    2714  0.69940E-009
    2715  0.73079E-009
    2716  0.76357E-009
    2717  0.79721E-009
    2718  0.83128E-009
    2719  0.86546E-009
    2720  0.89951E-009
    2721  0.93325E-009
    2722  0.96656E-009
    2723  0.99939E-009
    2724  0.10317E-008
    2725  0.54165E-009
    2726  0.54396E-009
    2727  0.54779E-009
    2728  0.55309E-009
    2729  0.55983E-009
    2730  0.56791E-009
    2731  0.57728E-009
    2732  0.58784E-009
    2733  0.59951E-009
    2734  0.61218E-009
    2735  0.62575E-009
    2736  0.64014E-009
    2737  0.65522E-009
    2738  0.67092E-009
    2739  0.68713E-009
    2740  0.70377E-009
    2741  0.72075E-009
    2742  0.73802E-009
    2743  0.75549E-009
    2744  0.77310E-009
    2745  0.79081E-009
    2746  0.80858E-009
    2747  0.82634E-009
    2748  0.84409E-009
    2749  0.86178E-009
    2750  0.87939E-009
    2751  0.89691E-009
    2752  0.91431E-009
    2753  0.93159E-009
    2754  0.94873E-009
    2755  0.96573E-009
    2756  0.98258E-009
    2757  0.99927E-009
    2758  0.10158E-008
    2759  0.10322E-008
    2760  0.50944E-009
    2761  0.51905E-009
    2762  0.53462E-009
    2763  0.55556E-009
    2764  0.58110E-009
    2765  0.61041E-009
    2766  0.64263E-009
    2767  0.67697E-009
    2768  0.71271E-009
    2769  0.74926E-009
    2770  0.78615E-009
    2771  0.82300E-009
    2772  0.85957E-009
    2773  0.89567E-009
    2774  0.93120E-009
    2775  0.96607E-009
    2776  0.10003E-008
    2777  0.47256E-009
    2778  0.47511E-009
    2779  0.47935E-009
    2780  0.48520E-009
    2781  0.49263E-009
    2782  0.50155E-009
    2783  0.51187E-009
    2784  0.52350E-009
    2785  0.53634E-009
    2786  0.55027E-009
    2787  0.56517E-009
    2788  0.58094E-009
    2789  0.59746E-009
    2790  0.61462E-009
    2791  0.63232E-009
    2792  0.65047E-009
    2793  0.66896E-009
    2794  0.68772E-009
    2795  0.70666E-009
    2796  0.72574E-009
    2797  0.74488E-009
    2798  0.76404E-009
    2799  0.78318E-009
    2800  0.80225E-009
    2801  0.82122E-009
    2802  0.84009E-009
    2803  0.85881E-009
    2804  0.87738E-009
    2805  0.89578E-009
    2806  0.91401E-009
    2807  0.93205E-009
    2808  0.94991E-009
    2809  0.96757E-009
    2810  0.98504E-009
    2811  0.10023E-008
    2812  0.44108E-009
    2813  0.45165E-009
    2814  0.46878E-009
    2815  0.49177E-009
    2816  0.51976E-009
    2817  0.55182E-009
    2818  0.58697E-009
    2819  0.62433E-009
    2820  0.66309E-009
    2821  0.70260E-009
    2822  0.74233E-009
    2823  0.78188E-009
    2824  0.82099E-009
    2825  0.85947E-009
    2826  0.89719E-009
    2827  0.93411E-009
    2828  0.97019E-009
    2829  0.40466E-009
    2830  0.40746E-009
    2831  0.41210E-009
    2832  0.41852E-009
    2833  0.42666E-009
    2834  0.43643E-009
    2835  0.44773E-009
    2836  0.46045E-009
    2837  0.47448E-009
    2838  0.48969E-009
    2839  0.50595E-009
    2840  0.52313E-009
    2841  0.54111E-009
    2842  0.55976E-009
    2843  0.57898E-009
    2844  0.59864E-009
    2845  0.61865E-009
    2846  0.63892E-009
    2847  0.65936E-009
    2848  0.67991E-009
    2849  0.70049E-009
    2850  0.72106E-009
    2851  0.74156E-009
    2852  0.76196E-009
    2853  0.78222E-009
    2854  0.80233E-009
    2855  0.82225E-009
    2856  0.84198E-009
    2857  0.86150E-009
    2858  0.88080E-009
    2859  0.89988E-009
    2860  0.91873E-009
    2861  0.93735E-009
    2862  0.95574E-009
    2863  0.97391E-009
    2864  0.37435E-009
    2865  0.38590E-009
    2866  0.40460E-009
    2867  0.42966E-009
    2868  0.46014E-009
    2869  0.49497E-009
    2870  0.53308E-009
    2871  0.57347E-009
    2872  0.61526E-009
    2873  0.65773E-009
    2874  0.70029E-009
    2875  0.74253E-009
    2876  0.78415E-009
    2877  0.82497E-009
    2878  0.86487E-009
    2879  0.90379E-009
    2880  0.94173E-009
    2881  0.33885E-009
    2882  0.34189E-009
    2883  0.34695E-009
    2884  0.35393E-009
    2885  0.36279E-009
    2886  0.37341E-009
    2887  0.38569E-009
    2888  0.39951E-009
    2889  0.41474E-009
    2890  0.43122E-009
    2891  0.44884E-009
    2892  0.46743E-009
    2893  0.48687E-009
    2894  0.50701E-009
    2895  0.52773E-009
    2896  0.54891E-009
    2897  0.57043E-009
    2898  0.59220E-009
    2899  0.61413E-009
    2900  0.63613E-009
    2901  0.65813E-009
    2902  0.68009E-009
    2903  0.70194E-009
    2904  0.72365E-009
    2905  0.74518E-009
    2906  0.76651E-009
    2907  0.78762E-009
    2908  0.80848E-009
    2909  0.82909E-009
    2910  0.84944E-009
    2911  0.86952E-009
    2912  0.88934E-009
    2913  0.90889E-009
    2914  0.92818E-009
    2915  0.94719E-009
    2916  0.31020E-009
    2917  0.32272E-009
    2918  0.34298E-009
    2919  0.37010E-009
    2920  0.40304E-009
    2921  0.44062E-009
    2922  0.48165E-009
    2923  0.52504E-009
    2924  0.56981E-009
    2925  0.61518E-009
    2926  0.66052E-009
    2927  0.70539E-009
    2928  0.74946E-009
    2929  0.79255E-009
    2930  0.83455E-009
    2931  0.87541E-009
    2932  0.91513E-009
    2933  0.27611E-009
    2934  0.27940E-009
    2935  0.28486E-009
    2936  0.29240E-009
    2937  0.30196E-009
    2938  0.31342E-009
    2939  0.32667E-009
    2940  0.34156E-009
    2941  0.35796E-009
    2942  0.37570E-009
    2943  0.39464E-009
    2944  0.41462E-009
    2945  0.43549E-009
    2946  0.45709E-009
    2947  0.47928E-009
    2948  0.50194E-009
    2949  0.52493E-009
    2950  0.54817E-009
    2951  0.57153E-009
    2952  0.59495E-009
    2953  0.61834E-009
    2954  0.64164E-009
    2955  0.66480E-009
    2956  0.68778E-009
    2957  0.71053E-009
    2958  0.73304E-009
    2959  0.75528E-009
    2960  0.77723E-009
    2961  0.79889E-009
    2962  0.82025E-009
    2963  0.84130E-009
    2964  0.86204E-009
    2965  0.88248E-009
    2966  0.90261E-009
    2967  0.92244E-009
    2968  0.24962E-009
    2969  0.26309E-009
    2970  0.28486E-009
    2971  0.31399E-009
    2972  0.34932E-009
    2973  0.38956E-009
    2974  0.43342E-009
    2975  0.47970E-009
    2976  0.52735E-009
    2977  0.57551E-009
    2978  0.62352E-009
    2979  0.67090E-009
    2980  0.71731E-009
    2981  0.76257E-009
    2982  0.80657E-009
    2983  0.84926E-009
    2984  0.89066E-009
    2985  0.21748E-009
    2986  0.22100E-009
    2987  0.22685E-009
    2988  0.23492E-009
    2989  0.24516E-009
    2990  0.25742E-009
    2991  0.27160E-009
    2992  0.28752E-009
    2993  0.30504E-009
    2994  0.32399E-009
    2995  0.34421E-009
    2996  0.36551E-009
    2997  0.38774E-009
    2998  0.41073E-009
    2999  0.43433E-009
    3000  0.45840E-009
    3001  0.48280E-009
    3002  0.50743E-009
    3003  0.53217E-009
    3004  0.55693E-009
    3005  0.58163E-009
    3006  0.60622E-009
    3007  0.63061E-009
    3008  0.65479E-009
    3009  0.67870E-009
    3010  0.70232E-009
    3011  0.72563E-009
    3012  0.74861E-009
    3013  0.77125E-009
    3014  0.79355E-009
    3015  0.81550E-009
    3016  0.83711E-009
    3017  0.85838E-009
    3018  0.87931E-009
    3019  0.89990E-009
    3020  0.19366E-009
    3021  0.20803E-009
    3022  0.23123E-009
    3023  0.26226E-009
    3024  0.29984E-009
    3025  0.34260E-009
    3026  0.38913E-009
    3027  0.43813E-009
    3028  0.48849E-009
    3029  0.53928E-009
    3030  0.58979E-009
    3031  0.63951E-009
    3032  0.68811E-009
    3033  0.73539E-009
    3034  0.78124E-009
    3035  0.82563E-009
    3036  0.86858E-009
    3037  0.16399E-009
    3038  0.16773E-009
    3039  0.17394E-009
    3040  0.18252E-009
    3041  0.19339E-009
    3042  0.20640E-009
    3043  0.22144E-009
    3044  0.23832E-009
    3045  0.25689E-009
    3046  0.27697E-009
    3047  0.29837E-009
    3048  0.32091E-009
    3049  0.34440E-009
    3050  0.36869E-009
    3051  0.39359E-009
    3052  0.41898E-009
    3053  0.44469E-009
    3054  0.47061E-009
    3055  0.49661E-009
    3056  0.52262E-009
    3057  0.54854E-009
    3058  0.57430E-009
    3059  0.59984E-009
    3060  0.62512E-009
    3061  0.65010E-009
    3062  0.67474E-009
    3063  0.69903E-009
    3064  0.72295E-009
    3065  0.74650E-009
    3066  0.76967E-009
    3067  0.79245E-009
    3068  0.81485E-009
    3069  0.83687E-009
    3070  0.85852E-009
    3071  0.87980E-009
    3072  0.14334E-009
    3073  0.15853E-009
    3074  0.18305E-009
    3075  0.21582E-009
    3076  0.25548E-009
    3077  0.30054E-009
    3078  0.34951E-009
    3079  0.40102E-009
    3080  0.45385E-009
    3081  0.50703E-009
    3082  0.55981E-009
    3083  0.61167E-009
    3084  0.66225E-009
    3085  0.71135E-009
    3086  0.75887E-009
    3087  0.80479E-009
    3088  0.84914E-009
    3089  0.11667E-009
    3090  0.12061E-009
    3091  0.12715E-009
    3092  0.13617E-009
    3093  0.14761E-009
    3094  0.16130E-009
    3095  0.17712E-009
    3096  0.19487E-009
    3097  0.21439E-009
    3098  0.23547E-009
    3099  0.25794E-009
    3100  0.28159E-009
    3101  0.30623E-009
    3102  0.33168E-009
    3103  0.35776E-009
    3104  0.38432E-009
    3105  0.41120E-009
    3106  0.43828E-009
    3107  0.46543E-009
    3108  0.49255E-009
    3109  0.51956E-009
    3110  0.54637E-009
    3111  0.57293E-009
    3112  0.59920E-009
    3113  0.62512E-009
    3114  0.65068E-009
    3115  0.67584E-009
    3116  0.70061E-009
    3117  0.72495E-009
    3118  0.74889E-009
    3119  0.77240E-009
    3120  0.79550E-009
    3121  0.81819E-009
    3122  0.84048E-009
    3123  0.86238E-009
    3124  0.99653E-010
    3125  0.11557E-009
    3126  0.14126E-009
    3127  0.17556E-009
    3128  0.21705E-009
    3129  0.26415E-009
    3130  0.31528E-009
    3131  0.36898E-009
    3132  0.42398E-009
    3133  0.47926E-009
    3134  0.53404E-009
    3135  0.58777E-009
    3136  0.64008E-009
    3137  0.69077E-009
    3138  0.73975E-009
    3139  0.78700E-009
    3140  0.83256E-009
    3141  0.76466E-010
    3142  0.80578E-010
    3143  0.87400E-010
    3144  0.96815E-010
    3145  0.10874E-009
    3146  0.12302E-009
    3147  0.13951E-009
    3148  0.15801E-009
    3149  0.17834E-009
    3150  0.20030E-009
    3151  0.22369E-009
    3152  0.24830E-009
    3153  0.27392E-009
    3154  0.30037E-009
    3155  0.32746E-009
    3156  0.35504E-009
    3157  0.38293E-009
    3158  0.41100E-009
    3159  0.43913E-009
    3160  0.46721E-009
    3161  0.49514E-009
    3162  0.52287E-009
    3163  0.55030E-009
    3164  0.57741E-009
    3165  0.60414E-009
    3166  0.63048E-009
    3167  0.65639E-009
    3168  0.68187E-009
    3169  0.70690E-009
    3170  0.73148E-009
    3171  0.75562E-009
    3172  0.77932E-009
    3173  0.80257E-009
    3174  0.82541E-009
    3175  0.84782E-009
    3176  0.63494E-010
    3177  0.80021E-010
    3178  0.10669E-009
    3179  0.14229E-009
    3180  0.18531E-009
    3181  0.23411E-009
    3182  0.28705E-009
    3183  0.34258E-009
    3184  0.39941E-009
    3185  0.45645E-009
    3186  0.51289E-009
    3187  0.56817E-009
    3188  0.62192E-009
    3189  0.67393E-009
    3190  0.72412E-009
    3191  0.77248E-009
    3192  0.81904E-009
    3193  0.44233E-010
    3194  0.48484E-010
    3195  0.55536E-010
    3196  0.65267E-010
    3197  0.77595E-010
    3198  0.92346E-010
    3199  0.10938E-009
    3200  0.12848E-009
    3201  0.14948E-009
    3202  0.17215E-009
    3203  0.19628E-009
    3204  0.22167E-009
    3205  0.24809E-009
    3206  0.27536E-009
    3207  0.30327E-009
    3208  0.33166E-009
    3209  0.36036E-009
    3210  0.38925E-009
    3211  0.41816E-009
    3212  0.44702E-009
    3213  0.47570E-009
    3214  0.50416E-009
    3215  0.53230E-009
    3216  0.56009E-009
    3217  0.58747E-009
    3218  0.61443E-009
    3219  0.64094E-009
    3220  0.66700E-009
    3221  0.69258E-009
    3222  0.71769E-009
    3223  0.74233E-009
    3224  0.76650E-009
    3225  0.79021E-009
    3226  0.81348E-009
    3227  0.83631E-009
    3228  0.35642E-010
    3229  0.52646E-010
    3230  0.80076E-010
    3231  0.11668E-009
    3232  0.16090E-009
    3233  0.21103E-009
    3234  0.26537E-009
    3235  0.32233E-009
    3236  0.38057E-009
    3237  0.43897E-009
    3238  0.49670E-009
    3239  0.55319E-009
    3240  0.60805E-009
    3241  0.66108E-009
    3242  0.71221E-009
    3243  0.76141E-009
    3244  0.80875E-009
    3245  0.20675E-010
    3246  0.25028E-010
    3247  0.32251E-010
    3248  0.42215E-010
    3249  0.54837E-010
    3250  0.69938E-010
    3251  0.87372E-010
    3252  0.10693E-009
    3253  0.12841E-009
    3254  0.15161E-009
    3255  0.17629E-009
    3256  0.20224E-009
    3257  0.22925E-009
    3258  0.25712E-009
    3259  0.28563E-009
    3260  0.31463E-009
    3261  0.34393E-009
    3262  0.37341E-009
    3263  0.40290E-009
    3264  0.43233E-009
    3265  0.46157E-009
    3266  0.49056E-009
    3267  0.51922E-009
    3268  0.54750E-009
    3269  0.57537E-009
    3270  0.60279E-009
    3271  0.62974E-009
    3272  0.65622E-009
    3273  0.68220E-009
    3274  0.70769E-009
    3275  0.73270E-009
    3276  0.75722E-009
    3277  0.78127E-009
    3278  0.80485E-009
    3279  0.82799E-009
    3280  0.16715E-010
    3281  0.34045E-010
    3282  0.61998E-010
    3283  0.99291E-010
    3284  0.14433E-009
    3285  0.19537E-009
    3286  0.25066E-009
    3287  0.30861E-009
    3288  0.36781E-009
    3289  0.42714E-009
    3290  0.48575E-009
    3291  0.54306E-009
    3292  0.59868E-009
    3293  0.65241E-009
    3294  0.70417E-009
    3295  0.75395E-009
    3296  0.80181E-009
    3297  0.63213E-011
    3298  0.10737E-010
    3299  0.18063E-010
    3300  0.28171E-010
    3301  0.40974E-010
    3302  0.56290E-010
    3303  0.73971E-010
    3304  0.93801E-010
    3305  0.11559E-009
    3306  0.13910E-009
    3307  0.16412E-009
    3308  0.19042E-009
    3309  0.21779E-009
    3310  0.24603E-009
    3311  0.27491E-009
    3312  0.30428E-009
    3313  0.33395E-009
    3314  0.36378E-009
    3315  0.39364E-009
    3316  0.42341E-009
    3317  0.45299E-009
    3318  0.48230E-009
    3319  0.51128E-009
    3320  0.53987E-009
    3321  0.56803E-009
    3322  0.59573E-009
    3323  0.62295E-009
    3324  0.64968E-009
    3325  0.67591E-009
    3326  0.70164E-009
    3327  0.72687E-009
    3328  0.75160E-009
    3329  0.77585E-009
    3330  0.79963E-009
    3331  0.82295E-009
    3332  0.71420E-011
    3333  0.24638E-010
    3334  0.52856E-010
    3335  0.90499E-010
    3336  0.13595E-009
    3337  0.18745E-009
    3338  0.24324E-009
    3339  0.30168E-009
    3340  0.36136E-009
    3341  0.42117E-009
    3342  0.48023E-009
    3343  0.53795E-009
    3344  0.59396E-009
    3345  0.64804E-009
    3346  0.70012E-009
    3347  0.75019E-009
    3348  0.79832E-009
